156.0
153.0
141.0
184.0
143.0
152.0
130.0
140.0
130.0
164.0
155.0
141.0
141.0
162.0
159.0
148.0
146.0
174.0
138.0
158.0
130.0
149.0
201.0
158.0
151.0
145.0
149.0
139.0
128.0
160.0
148.0
134.0
137.0
149.0
165.0
146.0
144.0
133.0
159.0
131.0
141.0
141.0
151.0
132.0
143.0
132.0
159.0
170.0
138.0
132.0
147.0
144.0
153.0
147.0
146.0
156.0
145.0
122.0
164.0
163.0
149.0
162.0
161.0
198.0
148.0
146.0
165.0
148.0
141.0
147.0
133.0
140.0
126.0
164.0
132.0
134.0
158.0
167.0
142.0
146.0
153.0
159.0
141.0
151.0
151.0
156.0
153.0
138.0
121.0
138.0
155.0
146.0
138.0
138.0
157.0
160.0
154.0
159.0
134.0
160.0
132.0
155.0
150.0
175.0
163.0
153.0
146.0
133.0
151.0
156.0
143.0
183.0
147.0
137.0
139.0
153.0
146.0
151.0
140.0
153.0
140.0
150.0
150.0
128.0
154.0
163.0
149.0
152.0
152.0
128.0
139.0
157.0
133.0
177.0
248.0
160.0
151.0
137.0
147.0
145.0
146.0
118.0
130.0
139.0
150.0
164.0
163.0
138.0
152.0
161.0
148.0
143.0
164.0
137.0
129.0
151.0
134.0
139.0
168.0
129.0
169.0
145.0
163.0
156.0
159.0
133.0
148.0
135.0
132.0
143.0
139.0
216.0
125.0
154.0
142.0
144.0
156.0
154.0
146.0
141.0
170.0
148.0
189.0
217.0
145.0
166.0
139.0
129.0
147.0
151.0
148.0
151.0
140.0
134.0
159.0
148.0
132.0
159.0
141.0
146.0
