227.0
222.0
195.0
160.0
314.0
211.0
174.0
164.0
194.0
206.0
216.0
279.0
251.0
184.0
192.0
158.0
198.0
204.0
193.0
162.0
175.0
173.0
194.0
203.0
267.0
189.0
167.0
168.0
168.0
163.0
160.0
190.0
198.0
174.0
159.0
192.0
171.0
165.0
158.0
146.0
187.0
226.0
165.0
181.0
232.0
176.0
295.0
328.0
210.0
184.0
154.0
205.0
189.0
204.0
163.0
219.0
176.0
180.0
211.0
210.0
171.0
184.0
179.0
200.0
171.0
190.0
177.0
151.0
164.0
189.0
226.0
203.0
233.0
182.0
159.0
219.0
172.0
197.0
171.0
243.0
204.0
159.0
230.0
152.0
147.0
156.0
153.0
149.0
148.0
207.0
232.0
156.0
155.0
175.0
159.0
179.0
179.0
189.0
161.0
169.0
174.0
187.0
174.0
210.0
193.0
181.0
322.0
264.0
322.0
268.0
273.0
264.0
188.0
137.0
195.0
221.0
303.0
275.0
191.0
216.0
168.0
183.0
208.0
201.0
153.0
154.0
163.0
221.0
243.0
212.0
166.0
170.0
170.0
222.0
187.0
341.0
352.0
427.0
298.0
253.0
321.0
226.0
190.0
202.0
166.0
176.0
203.0
181.0
196.0
301.0
215.0
132.0
165.0
186.0
177.0
169.0
173.0
216.0
187.0
169.0
204.0
184.0
228.0
252.0
214.0
175.0
163.0
141.0
259.0
222.0
197.0
217.0
241.0
197.0
227.0
173.0
181.0
163.0
204.0
248.0
245.0
224.0
162.0
240.0
197.0
224.0
160.0
225.0
205.0
216.0
191.0
216.0
189.0
178.0
202.0
156.0
191.0
190.0
205.0
162.0
