134.0
144.0
183.0
172.0
178.0
142.0
151.0
150.0
212.0
166.0
173.0
138.0
164.0
209.0
157.0
283.0
201.0
196.0
149.0
148.0
151.0
140.0
185.0
199.0
257.0
149.0
163.0
159.0
163.0
157.0
156.0
178.0
202.0
188.0
170.0
243.0
157.0
326.0
148.0
166.0
147.0
154.0
141.0
156.0
141.0
139.0
203.0
144.0
142.0
195.0
144.0
167.0
172.0
157.0
165.0
159.0
169.0
208.0
209.0
233.0
163.0
161.0
149.0
175.0
169.0
175.0
156.0
228.0
168.0
149.0
159.0
151.0
179.0
144.0
178.0
141.0
163.0
149.0
164.0
178.0
179.0
164.0
163.0
207.0
150.0
139.0
181.0
134.0
140.0
221.0
156.0
134.0
148.0
134.0
177.0
178.0
187.0
188.0
203.0
159.0
160.0
151.0
161.0
168.0
171.0
173.0
143.0
157.0
166.0
204.0
177.0
178.0
168.0
175.0
179.0
169.0
140.0
192.0
134.0
158.0
179.0
162.0
162.0
160.0
131.0
135.0
176.0
183.0
202.0
165.0
169.0
167.0
183.0
206.0
151.0
156.0
181.0
215.0
163.0
156.0
185.0
162.0
182.0
149.0
163.0
182.0
150.0
131.0
159.0
174.0
171.0
174.0
181.0
151.0
152.0
151.0
193.0
143.0
164.0
191.0
152.0
171.0
210.0
295.0
150.0
268.0
149.0
162.0
154.0
168.0
168.0
180.0
173.0
148.0
209.0
166.0
146.0
152.0
155.0
233.0
166.0
230.0
138.0
216.0
173.0
146.0
155.0
208.0
204.0
194.0
178.0
195.0
175.0
152.0
155.0
150.0
151.0
151.0
166.0
179.0
