259.0
244.0
255.0
284.0
253.0
212.0
233.0
244.0
210.0
333.0
245.0
243.0
303.0
274.0
263.0
257.0
254.0
259.0
250.0
220.0
255.0
238.0
263.0
247.0
254.0
248.0
263.0
291.0
226.0
271.0
287.0
265.0
270.0
249.0
268.0
274.0
231.0
284.0
267.0
230.0
221.0
254.0
308.0
260.0
244.0
273.0
218.0
234.0
253.0
255.0
279.0
234.0
248.0
289.0
240.0
289.0
279.0
256.0
210.0
248.0
251.0
244.0
244.0
250.0
273.0
229.0
251.0
244.0
278.0
276.0
319.0
209.0
259.0
281.0
246.0
221.0
225.0
223.0
237.0
221.0
270.0
252.0
245.0
244.0
273.0
273.0
263.0
264.0
224.0
256.0
289.0
253.0
240.0
289.0
264.0
214.0
281.0
285.0
252.0
233.0
276.0
255.0
240.0
216.0
308.0
256.0
283.0
325.0
235.0
248.0
255.0
256.0
240.0
244.0
241.0
251.0
224.0
242.0
250.0
260.0
302.0
283.0
318.0
274.0
283.0
229.0
285.0
260.0
255.0
274.0
260.0
234.0
323.0
243.0
272.0
298.0
265.0
316.0
330.0
239.0
277.0
236.0
232.0
276.0
248.0
269.0
234.0
237.0
309.0
274.0
341.0
281.0
245.0
282.0
227.0
285.0
248.0
273.0
320.0
241.0
254.0
249.0
271.0
247.0
328.0
230.0
306.0
247.0
222.0
245.0
255.0
227.0
266.0
252.0
249.0
222.0
293.0
269.0
264.0
252.0
273.0
254.0
268.0
289.0
258.0
278.0
247.0
274.0
244.0
249.0
331.0
242.0
252.0
212.0
232.0
243.0
266.0
234.0
261.0
285.0
