157.0
236.0
160.0
236.0
260.0
189.0
187.0
153.0
309.0
296.0
155.0
143.0
153.0
178.0
243.0
238.0
194.0
233.0
160.0
175.0
177.0
148.0
166.0
165.0
172.0
172.0
176.0
197.0
199.0
191.0
211.0
168.0
243.0
195.0
151.0
180.0
187.0
221.0
289.0
247.0
171.0
138.0
147.0
175.0
173.0
214.0
161.0
223.0
184.0
190.0
169.0
181.0
184.0
250.0
185.0
207.0
251.0
175.0
144.0
169.0
178.0
158.0
170.0
190.0
211.0
198.0
189.0
160.0
164.0
173.0
186.0
152.0
168.0
195.0
180.0
173.0
182.0
179.0
236.0
174.0
186.0
197.0
154.0
161.0
221.0
178.0
193.0
148.0
165.0
186.0
173.0
179.0
196.0
218.0
167.0
184.0
187.0
151.0
172.0
203.0
198.0
233.0
244.0
207.0
211.0
160.0
165.0
168.0
165.0
164.0
261.0
164.0
205.0
142.0
157.0
174.0
271.0
191.0
149.0
191.0
337.0
222.0
245.0
171.0
240.0
229.0
266.0
158.0
155.0
163.0
162.0
207.0
170.0
194.0
269.0
213.0
160.0
186.0
148.0
211.0
211.0
197.0
178.0
159.0
243.0
159.0
153.0
278.0
162.0
232.0
172.0
215.0
141.0
261.0
245.0
157.0
217.0
193.0
181.0
173.0
265.0
215.0
186.0
299.0
163.0
162.0
186.0
161.0
167.0
141.0
166.0
175.0
150.0
192.0
155.0
180.0
143.0
222.0
191.0
155.0
145.0
144.0
173.0
178.0
162.0
141.0
174.0
190.0
174.0
155.0
217.0
156.0
176.0
188.0
202.0
207.0
189.0
158.0
167.0
180.0
