240.0
270.0
316.0
266.0
235.0
337.0
242.0
242.0
228.0
270.0
235.0
259.0
245.0
258.0
242.0
258.0
260.0
260.0
258.0
258.0
272.0
259.0
235.0
246.0
246.0
266.0
245.0
244.0
256.0
260.0
239.0
236.0
213.0
212.0
236.0
276.0
270.0
211.0
222.0
236.0
287.0
324.0
270.0
262.0
252.0
256.0
229.0
227.0
263.0
252.0
240.0
254.0
244.0
276.0
274.0
226.0
263.0
243.0
249.0
317.0
266.0
299.0
244.0
239.0
294.0
254.0
260.0
207.0
232.0
243.0
255.0
248.0
270.0
301.0
233.0
248.0
257.0
260.0
270.0
236.0
262.0
258.0
231.0
242.0
248.0
228.0
266.0
295.0
256.0
271.0
232.0
274.0
257.0
239.0
217.0
291.0
281.0
231.0
235.0
261.0
231.0
301.0
245.0
303.0
298.0
227.0
315.0
235.0
241.0
224.0
289.0
263.0
235.0
239.0
271.0
278.0
272.0
284.0
251.0
260.0
274.0
209.0
229.0
272.0
243.0
253.0
279.0
227.0
241.0
274.0
231.0
252.0
261.0
271.0
269.0
229.0
294.0
260.0
236.0
261.0
249.0
255.0
270.0
251.0
249.0
259.0
232.0
251.0
306.0
234.0
232.0
245.0
242.0
262.0
290.0
311.0
257.0
246.0
255.0
260.0
228.0
345.0
219.0
261.0
266.0
261.0
251.0
235.0
234.0
254.0
217.0
277.0
283.0
228.0
310.0
248.0
238.0
251.0
270.0
222.0
249.0
285.0
340.0
258.0
273.0
303.0
252.0
246.0
237.0
285.0
295.0
225.0
275.0
254.0
257.0
283.0
224.0
292.0
269.0
238.0
