150.0
170.0
165.0
140.0
161.0
134.0
172.0
165.0
145.0
253.0
166.0
140.0
132.0
147.0
156.0
137.0
162.0
157.0
138.0
176.0
169.0
125.0
138.0
166.0
175.0
131.0
172.0
167.0
170.0
181.0
141.0
134.0
164.0
132.0
136.0
133.0
148.0
137.0
153.0
172.0
147.0
172.0
147.0
139.0
162.0
137.0
142.0
152.0
151.0
144.0
185.0
146.0
163.0
143.0
154.0
198.0
155.0
155.0
131.0
156.0
150.0
154.0
146.0
166.0
158.0
141.0
177.0
152.0
158.0
150.0
190.0
145.0
149.0
174.0
160.0
166.0
173.0
151.0
159.0
134.0
159.0
149.0
156.0
186.0
154.0
185.0
127.0
133.0
183.0
149.0
204.0
198.0
143.0
141.0
181.0
159.0
151.0
163.0
166.0
154.0
154.0
162.0
130.0
142.0
160.0
154.0
174.0
167.0
162.0
150.0
148.0
159.0
158.0
177.0
147.0
147.0
157.0
152.0
158.0
140.0
162.0
143.0
140.0
135.0
156.0
129.0
140.0
139.0
166.0
142.0
141.0
246.0
143.0
143.0
131.0
158.0
153.0
154.0
144.0
143.0
139.0
154.0
146.0
154.0
159.0
161.0
143.0
144.0
154.0
164.0
154.0
154.0
138.0
158.0
159.0
154.0
196.0
177.0
147.0
134.0
132.0
157.0
147.0
135.0
159.0
153.0
147.0
174.0
157.0
151.0
177.0
143.0
167.0
137.0
173.0
158.0
149.0
154.0
149.0
153.0
141.0
141.0
145.0
140.0
164.0
154.0
128.0
151.0
146.0
147.0
135.0
215.0
365.0
170.0
142.0
139.0
172.0
169.0
157.0
137.0
