560.0
684.0
814.0
748.0
968.0
790.0
833.0
787.0
797.0
725.0
823.0
790.0
741.0
808.0
792.0
745.0
780.0
718.0
811.0
813.0
744.0
835.0
825.0
874.0
784.0
824.0
797.0
789.0
804.0
794.0
823.0
789.0
881.0
792.0
780.0
822.0
835.0
745.0
816.0
669.0
775.0
776.0
821.0
821.0
804.0
871.0
848.0
867.0
854.0
898.0
793.0
932.0
851.0
840.0
843.0
716.0
853.0
862.0
807.0
889.0
809.0
798.0
849.0
827.0
811.0
776.0
792.0
721.0
923.0
829.0
795.0
836.0
863.0
653.0
713.0
736.0
777.0
808.0
731.0
947.0
806.0
731.0
843.0
941.0
677.0
819.0
772.0
768.0
709.0
789.0
819.0
849.0
852.0
821.0
741.0
780.0
776.0
719.0
704.0
855.0
804.0
821.0
788.0
952.0
796.0
695.0
779.0
722.0
802.0
757.0
939.0
760.0
775.0
968.0
882.0
768.0
775.0
818.0
817.0
725.0
806.0
839.0
663.0
755.0
833.0
820.0
841.0
818.0
846.0
822.0
777.0
987.0
856.0
739.0
701.0
694.0
758.0
754.0
747.0
663.0
783.0
687.0
940.0
846.0
808.0
779.0
663.0
804.0
674.0
819.0
737.0
939.0
937.0
953.0
872.0
803.0
839.0
778.0
852.0
845.0
800.0
917.0
808.0
804.0
846.0
831.0
771.0
822.0
801.0
761.0
900.0
724.0
891.0
801.0
723.0
850.0
683.0
909.0
796.0
695.0
849.0
920.0
723.0
812.0
944.0
875.0
896.0
813.0
803.0
775.0
847.0
681.0
974.0
955.0
801.0
774.0
786.0
833.0
1021.0
846.0
