229.0
253.0
348.0
242.0
245.0
237.0
238.0
303.0
231.0
265.0
282.0
235.0
247.0
251.0
273.0
280.0
299.0
249.0
226.0
225.0
282.0
219.0
310.0
251.0
260.0
254.0
269.0
276.0
245.0
256.0
230.0
300.0
272.0
264.0
244.0
274.0
287.0
223.0
246.0
272.0
209.0
227.0
271.0
238.0
244.0
259.0
253.0
284.0
307.0
209.0
265.0
229.0
232.0
271.0
257.0
284.0
242.0
278.0
290.0
290.0
226.0
241.0
263.0
227.0
235.0
246.0
248.0
276.0
228.0
226.0
334.0
263.0
247.0
220.0
249.0
270.0
258.0
252.0
287.0
245.0
242.0
226.0
251.0
245.0
242.0
281.0
243.0
292.0
309.0
280.0
211.0
257.0
303.0
247.0
247.0
227.0
276.0
266.0
211.0
243.0
272.0
252.0
302.0
280.0
256.0
252.0
237.0
226.0
296.0
242.0
308.0
250.0
275.0
272.0
262.0
250.0
254.0
266.0
240.0
238.0
286.0
240.0
253.0
255.0
334.0
258.0
254.0
257.0
267.0
268.0
287.0
262.0
231.0
360.0
254.0
359.0
238.0
272.0
263.0
279.0
240.0
241.0
255.0
240.0
281.0
264.0
301.0
260.0
241.0
259.0
245.0
251.0
258.0
253.0
250.0
305.0
232.0
270.0
242.0
222.0
248.0
224.0
270.0
275.0
264.0
261.0
254.0
279.0
248.0
272.0
237.0
246.0
278.0
252.0
260.0
299.0
253.0
275.0
285.0
280.0
260.0
295.0
277.0
204.0
278.0
271.0
252.0
263.0
263.0
269.0
256.0
244.0
300.0
376.0
251.0
246.0
263.0
255.0
244.0
248.0
