218.0
239.0
311.0
231.0
255.0
273.0
225.0
248.0
250.0
263.0
266.0
236.0
226.0
252.0
280.0
228.0
201.0
219.0
293.0
234.0
263.0
260.0
257.0
263.0
270.0
288.0
233.0
266.0
298.0
232.0
276.0
286.0
226.0
266.0
320.0
290.0
285.0
296.0
261.0
257.0
238.0
242.0
220.0
275.0
254.0
232.0
250.0
221.0
258.0
255.0
293.0
278.0
241.0
276.0
252.0
243.0
259.0
267.0
314.0
291.0
252.0
235.0
236.0
260.0
243.0
259.0
256.0
249.0
292.0
231.0
247.0
255.0
248.0
345.0
272.0
225.0
221.0
270.0
234.0
333.0
255.0
337.0
248.0
258.0
301.0
260.0
246.0
317.0
237.0
269.0
278.0
307.0
229.0
300.0
261.0
260.0
222.0
248.0
231.0
245.0
344.0
232.0
218.0
273.0
271.0
246.0
278.0
265.0
209.0
239.0
226.0
277.0
211.0
287.0
281.0
281.0
271.0
261.0
245.0
241.0
261.0
314.0
228.0
262.0
268.0
244.0
253.0
255.0
281.0
235.0
273.0
249.0
265.0
248.0
241.0
238.0
298.0
294.0
262.0
229.0
284.0
294.0
246.0
243.0
288.0
271.0
241.0
233.0
263.0
300.0
259.0
230.0
279.0
262.0
235.0
266.0
249.0
260.0
241.0
241.0
263.0
289.0
218.0
234.0
247.0
222.0
266.0
275.0
326.0
260.0
245.0
280.0
280.0
255.0
277.0
253.0
260.0
237.0
277.0
252.0
251.0
289.0
253.0
237.0
272.0
255.0
210.0
260.0
289.0
244.0
258.0
271.0
244.0
323.0
249.0
246.0
255.0
225.0
259.0
271.0
