294.0
281.0
255.0
238.0
296.0
239.0
254.0
244.0
294.0
234.0
294.0
247.0
249.0
332.0
239.0
296.0
259.0
279.0
262.0
248.0
257.0
274.0
237.0
255.0
259.0
280.0
255.0
251.0
283.0
275.0
212.0
274.0
276.0
234.0
268.0
274.0
233.0
261.0
291.0
257.0
299.0
252.0
316.0
226.0
242.0
322.0
251.0
277.0
227.0
260.0
271.0
286.0
356.0
279.0
237.0
254.0
287.0
303.0
233.0
238.0
245.0
275.0
242.0
261.0
245.0
259.0
270.0
249.0
281.0
238.0
259.0
273.0
278.0
257.0
259.0
232.0
256.0
249.0
260.0
247.0
235.0
266.0
323.0
250.0
242.0
259.0
226.0
264.0
249.0
234.0
288.0
261.0
270.0
253.0
223.0
298.0
280.0
275.0
270.0
316.0
268.0
260.0
253.0
288.0
314.0
281.0
302.0
248.0
271.0
289.0
278.0
235.0
225.0
269.0
228.0
257.0
243.0
266.0
226.0
265.0
261.0
317.0
236.0
289.0
263.0
242.0
239.0
284.0
270.0
261.0
275.0
266.0
251.0
288.0
244.0
277.0
267.0
236.0
263.0
259.0
284.0
297.0
240.0
250.0
254.0
238.0
224.0
245.0
297.0
485.0
276.0
258.0
310.0
284.0
258.0
215.0
294.0
271.0
261.0
291.0
292.0
254.0
222.0
230.0
296.0
262.0
278.0
251.0
267.0
286.0
245.0
275.0
225.0
275.0
301.0
260.0
253.0
235.0
281.0
251.0
274.0
242.0
302.0
288.0
317.0
307.0
270.0
302.0
273.0
237.0
297.0
301.0
238.0
251.0
270.0
250.0
301.0
256.0
240.0
264.0
