152.0
280.0
210.0
242.0
172.0
215.0
174.0
138.0
199.0
173.0
162.0
176.0
220.0
217.0
186.0
183.0
333.0
256.0
252.0
192.0
169.0
156.0
167.0
218.0
183.0
184.0
207.0
156.0
247.0
245.0
229.0
178.0
211.0
175.0
181.0
154.0
211.0
184.0
166.0
167.0
173.0
188.0
160.0
174.0
185.0
203.0
161.0
256.0
268.0
233.0
171.0
162.0
180.0
225.0
170.0
162.0
205.0
237.0
212.0
187.0
170.0
175.0
171.0
173.0
154.0
171.0
170.0
152.0
177.0
172.0
203.0
251.0
155.0
167.0
216.0
168.0
159.0
167.0
162.0
233.0
209.0
192.0
178.0
174.0
162.0
261.0
202.0
138.0
185.0
194.0
178.0
168.0
185.0
176.0
172.0
198.0
206.0
173.0
188.0
180.0
196.0
191.0
173.0
164.0
219.0
219.0
239.0
136.0
160.0
150.0
164.0
180.0
219.0
277.0
224.0
209.0
190.0
183.0
185.0
156.0
188.0
239.0
199.0
204.0
167.0
179.0
186.0
207.0
162.0
154.0
251.0
213.0
167.0
195.0
199.0
159.0
177.0
232.0
163.0
167.0
183.0
191.0
198.0
161.0
247.0
167.0
197.0
173.0
200.0
179.0
217.0
231.0
189.0
176.0
181.0
222.0
165.0
164.0
177.0
215.0
176.0
167.0
149.0
167.0
296.0
192.0
178.0
194.0
167.0
161.0
198.0
185.0
187.0
264.0
409.0
315.0
285.0
211.0
167.0
200.0
191.0
194.0
167.0
168.0
235.0
200.0
206.0
241.0
226.0
167.0
153.0
212.0
166.0
196.0
185.0
201.0
194.0
194.0
194.0
192.0
