136.0
124.0
168.0
161.0
195.0
134.0
175.0
140.0
145.0
153.0
163.0
161.0
192.0
177.0
134.0
168.0
209.0
147.0
161.0
175.0
171.0
149.0
165.0
139.0
178.0
141.0
181.0
163.0
161.0
152.0
160.0
154.0
164.0
140.0
129.0
160.0
137.0
171.0
164.0
140.0
187.0
215.0
139.0
155.0
147.0
148.0
155.0
143.0
143.0
156.0
161.0
192.0
139.0
182.0
153.0
184.0
212.0
160.0
162.0
166.0
138.0
134.0
199.0
159.0
156.0
134.0
160.0
173.0
181.0
148.0
238.0
145.0
158.0
170.0
146.0
159.0
172.0
247.0
307.0
177.0
173.0
149.0
149.0
143.0
156.0
153.0
160.0
148.0
156.0
212.0
213.0
164.0
190.0
176.0
162.0
148.0
140.0
156.0
156.0
160.0
157.0
146.0
146.0
158.0
135.0
175.0
140.0
153.0
140.0
168.0
161.0
155.0
176.0
285.0
189.0
164.0
168.0
247.0
139.0
171.0
146.0
143.0
154.0
188.0
155.0
157.0
162.0
145.0
144.0
157.0
242.0
169.0
167.0
127.0
225.0
176.0
162.0
159.0
143.0
148.0
158.0
137.0
147.0
144.0
166.0
180.0
152.0
151.0
148.0
208.0
149.0
137.0
146.0
149.0
162.0
145.0
220.0
168.0
143.0
145.0
153.0
146.0
148.0
162.0
166.0
154.0
163.0
187.0
161.0
155.0
161.0
282.0
148.0
156.0
142.0
139.0
146.0
147.0
148.0
160.0
164.0
146.0
158.0
160.0
140.0
132.0
119.0
166.0
149.0
164.0
177.0
167.0
162.0
136.0
150.0
177.0
154.0
174.0
165.0
154.0
