149.0
149.0
176.0
202.0
155.0
132.0
207.0
167.0
179.0
168.0
156.0
144.0
144.0
166.0
171.0
148.0
157.0
150.0
147.0
169.0
201.0
178.0
185.0
133.0
252.0
190.0
160.0
158.0
152.0
311.0
194.0
155.0
164.0
201.0
146.0
204.0
152.0
140.0
149.0
145.0
184.0
181.0
153.0
192.0
160.0
131.0
158.0
165.0
173.0
163.0
177.0
191.0
175.0
155.0
160.0
132.0
145.0
153.0
153.0
133.0
163.0
171.0
143.0
150.0
212.0
168.0
151.0
154.0
188.0
174.0
183.0
139.0
153.0
163.0
148.0
184.0
212.0
136.0
172.0
160.0
366.0
140.0
154.0
149.0
140.0
167.0
166.0
142.0
169.0
153.0
167.0
128.0
169.0
142.0
159.0
183.0
155.0
163.0
154.0
190.0
178.0
153.0
167.0
166.0
163.0
166.0
262.0
140.0
162.0
182.0
174.0
154.0
152.0
163.0
229.0
154.0
180.0
167.0
138.0
168.0
155.0
173.0
164.0
164.0
161.0
136.0
160.0
199.0
165.0
181.0
164.0
147.0
149.0
157.0
161.0
151.0
177.0
168.0
147.0
146.0
167.0
218.0
172.0
311.0
182.0
172.0
184.0
166.0
270.0
156.0
176.0
173.0
174.0
156.0
158.0
141.0
219.0
189.0
163.0
171.0
159.0
163.0
166.0
170.0
147.0
155.0
166.0
178.0
147.0
155.0
133.0
170.0
178.0
161.0
143.0
156.0
170.0
139.0
149.0
139.0
184.0
186.0
199.0
152.0
219.0
159.0
177.0
146.0
170.0
162.0
230.0
175.0
151.0
172.0
211.0
164.0
139.0
167.0
146.0
172.0
