287.0
326.0
275.0
278.0
303.0
261.0
271.0
236.0
264.0
277.0
270.0
261.0
330.0
286.0
295.0
314.0
253.0
287.0
231.0
294.0
226.0
250.0
335.0
298.0
284.0
295.0
321.0
253.0
306.0
242.0
338.0
356.0
252.0
263.0
310.0
286.0
264.0
247.0
320.0
272.0
241.0
272.0
262.0
267.0
347.0
236.0
309.0
298.0
258.0
245.0
256.0
246.0
257.0
301.0
298.0
298.0
281.0
252.0
310.0
270.0
255.0
271.0
263.0
277.0
238.0
306.0
238.0
281.0
245.0
265.0
258.0
285.0
245.0
259.0
268.0
283.0
283.0
255.0
273.0
260.0
286.0
297.0
294.0
242.0
251.0
265.0
267.0
286.0
300.0
297.0
251.0
236.0
309.0
258.0
315.0
330.0
259.0
265.0
283.0
283.0
247.0
253.0
259.0
257.0
257.0
284.0
238.0
251.0
244.0
258.0
264.0
227.0
253.0
295.0
238.0
262.0
292.0
342.0
312.0
234.0
268.0
322.0
249.0
290.0
296.0
266.0
276.0
283.0
258.0
317.0
295.0
289.0
330.0
299.0
289.0
237.0
265.0
304.0
264.0
256.0
310.0
244.0
328.0
288.0
243.0
250.0
311.0
280.0
304.0
290.0
380.0
273.0
257.0
291.0
389.0
279.0
257.0
289.0
275.0
297.0
274.0
283.0
265.0
270.0
267.0
300.0
258.0
263.0
291.0
294.0
243.0
281.0
249.0
256.0
322.0
284.0
265.0
229.0
307.0
332.0
247.0
278.0
373.0
359.0
262.0
301.0
307.0
292.0
273.0
308.0
287.0
264.0
261.0
266.0
296.0
237.0
234.0
267.0
242.0
279.0
