200.0
140.0
147.0
143.0
174.0
176.0
219.0
165.0
204.0
145.0
229.0
177.0
207.0
208.0
140.0
152.0
163.0
228.0
180.0
192.0
172.0
152.0
165.0
156.0
175.0
142.0
155.0
181.0
146.0
165.0
316.0
163.0
170.0
141.0
157.0
144.0
173.0
207.0
151.0
206.0
178.0
165.0
149.0
170.0
140.0
192.0
143.0
179.0
145.0
271.0
173.0
179.0
174.0
155.0
155.0
160.0
232.0
184.0
240.0
217.0
176.0
152.0
183.0
158.0
169.0
166.0
192.0
182.0
143.0
168.0
172.0
311.0
135.0
157.0
168.0
182.0
171.0
179.0
210.0
267.0
173.0
158.0
155.0
167.0
177.0
165.0
159.0
195.0
174.0
209.0
159.0
181.0
146.0
169.0
224.0
179.0
258.0
201.0
190.0
164.0
184.0
151.0
171.0
152.0
170.0
147.0
171.0
177.0
185.0
173.0
148.0
213.0
174.0
166.0
150.0
201.0
162.0
161.0
178.0
286.0
192.0
190.0
194.0
173.0
190.0
195.0
185.0
149.0
204.0
169.0
160.0
164.0
200.0
269.0
233.0
237.0
183.0
181.0
160.0
165.0
171.0
155.0
184.0
167.0
148.0
159.0
153.0
154.0
241.0
139.0
263.0
150.0
187.0
197.0
164.0
149.0
149.0
170.0
263.0
186.0
149.0
166.0
209.0
174.0
147.0
156.0
153.0
204.0
162.0
188.0
169.0
181.0
290.0
180.0
148.0
160.0
151.0
195.0
165.0
197.0
174.0
164.0
180.0
172.0
246.0
166.0
229.0
256.0
205.0
216.0
157.0
177.0
144.0
201.0
142.0
200.0
244.0
303.0
150.0
149.0
