137.0
129.0
146.0
132.0
207.0
166.0
143.0
147.0
136.0
177.0
145.0
132.0
145.0
145.0
164.0
152.0
155.0
165.0
150.0
141.0
251.0
242.0
148.0
157.0
151.0
166.0
140.0
160.0
166.0
156.0
151.0
153.0
165.0
136.0
134.0
155.0
166.0
218.0
151.0
135.0
146.0
140.0
200.0
173.0
146.0
153.0
169.0
134.0
159.0
132.0
188.0
148.0
153.0
151.0
150.0
145.0
178.0
151.0
137.0
170.0
163.0
144.0
151.0
186.0
160.0
200.0
159.0
176.0
140.0
150.0
137.0
149.0
208.0
155.0
156.0
196.0
156.0
137.0
153.0
173.0
148.0
164.0
163.0
164.0
139.0
182.0
152.0
149.0
162.0
177.0
185.0
142.0
148.0
142.0
150.0
138.0
174.0
131.0
164.0
137.0
201.0
250.0
145.0
159.0
139.0
129.0
144.0
188.0
178.0
168.0
163.0
157.0
157.0
157.0
129.0
149.0
172.0
140.0
140.0
185.0
158.0
131.0
179.0
155.0
264.0
141.0
149.0
136.0
143.0
159.0
152.0
154.0
153.0
156.0
169.0
143.0
143.0
146.0
144.0
171.0
140.0
136.0
178.0
157.0
182.0
149.0
152.0
154.0
204.0
149.0
148.0
170.0
175.0
155.0
161.0
256.0
144.0
189.0
163.0
140.0
167.0
155.0
136.0
174.0
157.0
166.0
134.0
172.0
124.0
153.0
207.0
143.0
149.0
167.0
165.0
137.0
149.0
161.0
146.0
149.0
145.0
144.0
123.0
165.0
144.0
164.0
136.0
143.0
161.0
158.0
170.0
180.0
152.0
141.0
125.0
170.0
134.0
151.0
139.0
193.0
