248.0
263.0
325.0
317.0
300.0
260.0
257.0
261.0
311.0
323.0
319.0
260.0
243.0
319.0
330.0
261.0
236.0
201.0
209.0
164.0
244.0
261.0
288.0
271.0
321.0
412.0
341.0
266.0
271.0
305.0
294.0
266.0
261.0
236.0
216.0
242.0
139.0
215.0
221.0
225.0
258.0
294.0
280.0
241.0
238.0
257.0
248.0
188.0
199.0
359.0
257.0
152.0
181.0
248.0
181.0
188.0
179.0
191.0
309.0
333.0
267.0
303.0
250.0
238.0
236.0
275.0
270.0
290.0
259.0
195.0
210.0
247.0
267.0
263.0
264.0
277.0
268.0
215.0
206.0
186.0
245.0
265.0
316.0
454.0
455.0
492.0
474.0
424.0
315.0
297.0
207.0
160.0
269.0
251.0
211.0
192.0
151.0
213.0
279.0
278.0
250.0
255.0
257.0
253.0
272.0
224.0
263.0
207.0
222.0
266.0
276.0
343.0
391.0
378.0
362.0
339.0
291.0
381.0
372.0
333.0
212.0
226.0
165.0
175.0
240.0
205.0
166.0
188.0
178.0
166.0
170.0
191.0
156.0
201.0
159.0
161.0
211.0
240.0
239.0
209.0
323.0
256.0
216.0
186.0
191.0
278.0
235.0
205.0
225.0
212.0
193.0
277.0
250.0
207.0
199.0
177.0
202.0
200.0
173.0
217.0
163.0
145.0
207.0
251.0
278.0
244.0
288.0
346.0
349.0
398.0
373.0
400.0
355.0
346.0
248.0
317.0
339.0
260.0
226.0
236.0
218.0
215.0
315.0
254.0
238.0
294.0
247.0
192.0
376.0
345.0
355.0
248.0
262.0
275.0
184.0
338.0
287.0
240.0
343.0
344.0
