144.0
139.0
146.0
132.0
164.0
150.0
127.0
225.0
129.0
181.0
135.0
148.0
143.0
148.0
189.0
165.0
174.0
153.0
148.0
131.0
157.0
138.0
166.0
201.0
186.0
148.0
150.0
145.0
154.0
132.0
162.0
156.0
144.0
158.0
137.0
157.0
162.0
157.0
177.0
186.0
140.0
156.0
154.0
173.0
174.0
154.0
159.0
134.0
227.0
152.0
206.0
139.0
145.0
153.0
159.0
150.0
160.0
135.0
139.0
169.0
156.0
235.0
148.0
149.0
261.0
144.0
148.0
177.0
231.0
164.0
130.0
171.0
149.0
157.0
165.0
133.0
135.0
172.0
231.0
156.0
189.0
174.0
121.0
200.0
158.0
156.0
186.0
155.0
164.0
152.0
170.0
146.0
229.0
150.0
149.0
157.0
156.0
174.0
150.0
181.0
170.0
157.0
153.0
183.0
146.0
137.0
149.0
134.0
169.0
148.0
138.0
128.0
153.0
139.0
203.0
164.0
190.0
173.0
147.0
160.0
152.0
148.0
163.0
144.0
161.0
139.0
135.0
159.0
159.0
140.0
158.0
137.0
150.0
179.0
168.0
154.0
192.0
182.0
164.0
154.0
140.0
142.0
130.0
169.0
197.0
166.0
169.0
152.0
175.0
165.0
153.0
118.0
226.0
171.0
151.0
242.0
137.0
167.0
173.0
193.0
135.0
202.0
140.0
171.0
163.0
160.0
149.0
145.0
138.0
144.0
133.0
138.0
161.0
157.0
144.0
136.0
148.0
157.0
140.0
184.0
141.0
149.0
172.0
151.0
150.0
144.0
147.0
144.0
138.0
180.0
133.0
167.0
180.0
168.0
144.0
128.0
144.0
164.0
164.0
150.0
