130.0
169.0
165.0
195.0
233.0
162.0
234.0
167.0
141.0
159.0
182.0
154.0
191.0
293.0
151.0
166.0
161.0
156.0
252.0
153.0
174.0
159.0
178.0
181.0
219.0
158.0
145.0
170.0
144.0
189.0
203.0
173.0
160.0
183.0
164.0
165.0
200.0
153.0
186.0
426.0
274.0
170.0
212.0
168.0
184.0
194.0
162.0
154.0
156.0
156.0
184.0
190.0
178.0
138.0
183.0
189.0
161.0
311.0
185.0
184.0
197.0
174.0
198.0
206.0
169.0
172.0
159.0
137.0
171.0
174.0
160.0
173.0
210.0
165.0
225.0
155.0
187.0
149.0
173.0
194.0
168.0
137.0
164.0
181.0
166.0
210.0
176.0
135.0
146.0
192.0
181.0
189.0
143.0
188.0
172.0
233.0
179.0
173.0
179.0
176.0
195.0
183.0
157.0
154.0
172.0
167.0
184.0
171.0
171.0
162.0
198.0
182.0
224.0
170.0
236.0
162.0
188.0
220.0
220.0
154.0
183.0
143.0
181.0
165.0
159.0
167.0
177.0
193.0
178.0
166.0
183.0
164.0
170.0
207.0
197.0
172.0
165.0
163.0
164.0
183.0
225.0
182.0
133.0
163.0
178.0
188.0
227.0
155.0
159.0
205.0
169.0
222.0
174.0
152.0
156.0
205.0
166.0
215.0
209.0
189.0
190.0
187.0
201.0
207.0
246.0
198.0
232.0
185.0
201.0
152.0
164.0
232.0
170.0
186.0
155.0
182.0
176.0
221.0
176.0
138.0
157.0
161.0
177.0
186.0
175.0
193.0
183.0
179.0
148.0
138.0
151.0
208.0
149.0
160.0
171.0
173.0
151.0
209.0
168.0
183.0
