225.0
243.0
266.0
265.0
249.0
226.0
272.0
238.0
298.0
280.0
334.0
240.0
307.0
230.0
278.0
267.0
255.0
278.0
283.0
250.0
253.0
282.0
233.0
209.0
303.0
289.0
244.0
252.0
206.0
268.0
309.0
249.0
282.0
284.0
254.0
247.0
290.0
253.0
292.0
263.0
275.0
267.0
272.0
319.0
256.0
275.0
271.0
285.0
316.0
225.0
271.0
237.0
303.0
268.0
221.0
257.0
259.0
269.0
268.0
227.0
247.0
279.0
265.0
294.0
237.0
270.0
271.0
234.0
313.0
300.0
260.0
232.0
263.0
313.0
279.0
266.0
235.0
264.0
285.0
278.0
285.0
257.0
231.0
251.0
264.0
258.0
285.0
255.0
279.0
292.0
241.0
316.0
275.0
239.0
280.0
263.0
256.0
255.0
268.0
278.0
258.0
253.0
257.0
248.0
229.0
294.0
261.0
255.0
305.0
240.0
307.0
252.0
320.0
257.0
274.0
283.0
293.0
243.0
265.0
292.0
233.0
298.0
250.0
248.0
277.0
299.0
302.0
279.0
254.0
247.0
261.0
271.0
290.0
245.0
291.0
279.0
249.0
267.0
272.0
241.0
295.0
295.0
222.0
271.0
274.0
228.0
293.0
271.0
216.0
266.0
262.0
291.0
281.0
261.0
280.0
251.0
272.0
272.0
260.0
250.0
275.0
223.0
231.0
268.0
296.0
246.0
326.0
278.0
268.0
218.0
250.0
272.0
256.0
290.0
272.0
283.0
234.0
281.0
273.0
250.0
281.0
246.0
263.0
266.0
274.0
258.0
257.0
271.0
218.0
261.0
272.0
299.0
262.0
284.0
256.0
258.0
266.0
233.0
286.0
273.0
