239.0
210.0
239.0
188.0
188.0
204.0
214.0
199.0
352.0
290.0
280.0
245.0
276.0
265.0
299.0
502.0
438.0
307.0
288.0
232.0
210.0
176.0
204.0
161.0
203.0
205.0
180.0
198.0
185.0
337.0
412.0
327.0
264.0
232.0
262.0
263.0
258.0
240.0
211.0
160.0
206.0
180.0
191.0
198.0
182.0
244.0
232.0
196.0
178.0
226.0
229.0
218.0
248.0
266.0
268.0
228.0
206.0
171.0
166.0
191.0
209.0
174.0
243.0
223.0
181.0
175.0
166.0
176.0
222.0
226.0
224.0
176.0
204.0
236.0
231.0
209.0
215.0
174.0
159.0
154.0
215.0
186.0
149.0
234.0
189.0
162.0
139.0
188.0
170.0
198.0
224.0
237.0
270.0
202.0
170.0
166.0
316.0
240.0
191.0
218.0
345.0
328.0
245.0
283.0
282.0
234.0
166.0
162.0
185.0
182.0
209.0
155.0
217.0
212.0
298.0
216.0
147.0
189.0
219.0
195.0
236.0
325.0
331.0
257.0
281.0
250.0
244.0
256.0
210.0
270.0
180.0
163.0
188.0
235.0
226.0
181.0
258.0
295.0
280.0
255.0
324.0
325.0
306.0
399.0
333.0
228.0
186.0
159.0
195.0
165.0
156.0
211.0
184.0
181.0
197.0
172.0
180.0
157.0
220.0
152.0
182.0
214.0
166.0
170.0
166.0
210.0
193.0
235.0
268.0
318.0
306.0
311.0
323.0
267.0
240.0
225.0
203.0
249.0
271.0
325.0
266.0
271.0
291.0
192.0
163.0
188.0
211.0
177.0
215.0
285.0
253.0
304.0
265.0
217.0
190.0
273.0
243.0
262.0
304.0
389.0
