272.0
271.0
267.0
263.0
211.0
241.0
215.0
279.0
240.0
236.0
176.0
248.0
261.0
273.0
230.0
214.0
279.0
237.0
151.0
208.0
229.0
189.0
223.0
290.0
228.0
329.0
285.0
263.0
303.0
276.0
232.0
358.0
324.0
304.0
264.0
237.0
249.0
225.0
258.0
208.0
234.0
172.0
217.0
205.0
211.0
202.0
235.0
213.0
228.0
218.0
298.0
284.0
266.0
267.0
227.0
180.0
207.0
183.0
217.0
187.0
183.0
243.0
165.0
243.0
208.0
188.0
208.0
211.0
248.0
235.0
207.0
211.0
203.0
188.0
184.0
338.0
326.0
411.0
268.0
213.0
296.0
341.0
301.0
201.0
184.0
227.0
193.0
179.0
205.0
190.0
192.0
269.0
231.0
287.0
229.0
208.0
261.0
255.0
292.0
273.0
239.0
147.0
183.0
199.0
161.0
166.0
185.0
162.0
169.0
205.0
321.0
271.0
252.0
276.0
295.0
262.0
293.0
249.0
187.0
182.0
231.0
264.0
246.0
242.0
233.0
222.0
193.0
193.0
406.0
578.0
531.0
474.0
455.0
401.0
251.0
275.0
201.0
171.0
211.0
161.0
212.0
206.0
165.0
171.0
180.0
169.0
205.0
199.0
189.0
192.0
266.0
269.0
302.0
188.0
190.0
281.0
320.0
267.0
230.0
158.0
253.0
214.0
256.0
283.0
236.0
270.0
260.0
255.0
258.0
175.0
205.0
200.0
169.0
162.0
170.0
185.0
226.0
200.0
181.0
206.0
154.0
153.0
288.0
333.0
307.0
252.0
222.0
253.0
222.0
280.0
246.0
316.0
287.0
327.0
249.0
183.0
185.0
141.0
240.0
247.0
