304.0
404.0
369.0
369.0
336.0
319.0
224.0
173.0
285.0
282.0
281.0
266.0
306.0
313.0
235.0
237.0
226.0
300.0
274.0
255.0
221.0
203.0
282.0
181.0
228.0
250.0
264.0
228.0
228.0
257.0
278.0
363.0
359.0
339.0
296.0
318.0
376.0
429.0
382.0
381.0
328.0
296.0
294.0
209.0
323.0
326.0
320.0
333.0
285.0
209.0
182.0
190.0
167.0
256.0
224.0
203.0
240.0
219.0
220.0
256.0
296.0
271.0
376.0
447.0
417.0
293.0
302.0
298.0
299.0
216.0
261.0
218.0
263.0
206.0
205.0
256.0
405.0
416.0
451.0
468.0
478.0
590.0
571.0
473.0
448.0
604.0
651.0
595.0
650.0
561.0
535.0
605.0
573.0
581.0
708.0
736.0
628.0
752.0
665.0
697.0
789.0
725.0
749.0
884.0
872.0
837.0
735.0
765.0
933.0
853.0
910.0
861.0
849.0
807.0
735.0
759.0
803.0
813.0
818.0
798.0
913.0
873.0
888.0
932.0
719.0
760.0
720.0
794.0
892.0
812.0
830.0
766.0
829.0
794.0
912.0
782.0
711.0
695.0
848.0
804.0
749.0
819.0
791.0
836.0
751.0
825.0
722.0
841.0
788.0
838.0
935.0
1063.0
777.0
920.0
751.0
716.0
831.0
723.0
759.0
696.0
730.0
809.0
726.0
943.0
694.0
925.0
817.0
748.0
700.0
704.0
763.0
751.0
781.0
766.0
865.0
911.0
852.0
752.0
677.0
819.0
848.0
772.0
828.0
797.0
783.0
808.0
800.0
826.0
805.0
872.0
849.0
806.0
729.0
785.0
757.0
804.0
807.0
966.0
756.0
761.0
