334.0
279.0
234.0
248.0
274.0
240.0
256.0
278.0
297.0
251.0
276.0
262.0
292.0
288.0
240.0
281.0
268.0
265.0
264.0
270.0
356.0
329.0
240.0
245.0
295.0
297.0
251.0
251.0
256.0
281.0
288.0
305.0
300.0
302.0
267.0
263.0
311.0
326.0
258.0
252.0
353.0
256.0
333.0
320.0
278.0
278.0
281.0
253.0
265.0
281.0
268.0
252.0
272.0
273.0
281.0
249.0
248.0
258.0
278.0
327.0
277.0
241.0
277.0
299.0
343.0
273.0
260.0
301.0
360.0
245.0
241.0
250.0
292.0
240.0
266.0
261.0
271.0
258.0
237.0
360.0
267.0
241.0
238.0
231.0
303.0
234.0
261.0
237.0
294.0
335.0
266.0
333.0
246.0
284.0
264.0
270.0
334.0
253.0
252.0
265.0
287.0
283.0
264.0
273.0
235.0
260.0
277.0
280.0
276.0
255.0
295.0
233.0
321.0
245.0
319.0
251.0
244.0
266.0
250.0
270.0
293.0
298.0
227.0
248.0
280.0
297.0
348.0
352.0
261.0
247.0
276.0
277.0
275.0
293.0
238.0
241.0
271.0
262.0
264.0
282.0
271.0
272.0
330.0
271.0
240.0
233.0
245.0
244.0
262.0
249.0
249.0
260.0
292.0
253.0
291.0
318.0
247.0
295.0
237.0
268.0
259.0
253.0
255.0
328.0
259.0
266.0
299.0
267.0
268.0
259.0
287.0
263.0
222.0
286.0
270.0
243.0
269.0
257.0
277.0
272.0
365.0
290.0
323.0
235.0
262.0
288.0
287.0
235.0
231.0
267.0
241.0
263.0
314.0
266.0
214.0
299.0
285.0
241.0
247.0
232.0
