159.0
340.0
150.0
160.0
142.0
147.0
146.0
162.0
146.0
169.0
153.0
224.0
137.0
224.0
165.0
203.0
196.0
162.0
295.0
271.0
209.0
154.0
165.0
171.0
165.0
165.0
211.0
142.0
190.0
165.0
165.0
188.0
169.0
166.0
300.0
138.0
161.0
203.0
162.0
146.0
175.0
160.0
166.0
163.0
149.0
166.0
175.0
150.0
177.0
156.0
147.0
196.0
166.0
220.0
158.0
218.0
177.0
171.0
198.0
173.0
202.0
164.0
177.0
137.0
186.0
181.0
164.0
165.0
205.0
147.0
154.0
140.0
151.0
169.0
144.0
182.0
170.0
142.0
164.0
152.0
172.0
158.0
214.0
223.0
170.0
163.0
213.0
174.0
153.0
240.0
170.0
190.0
245.0
183.0
154.0
163.0
176.0
144.0
161.0
161.0
150.0
212.0
260.0
189.0
179.0
186.0
202.0
209.0
144.0
153.0
230.0
156.0
208.0
213.0
155.0
140.0
167.0
163.0
182.0
159.0
180.0
171.0
141.0
189.0
150.0
195.0
148.0
140.0
161.0
190.0
155.0
161.0
177.0
151.0
171.0
170.0
179.0
179.0
251.0
142.0
172.0
182.0
135.0
161.0
170.0
194.0
159.0
178.0
147.0
171.0
160.0
165.0
206.0
354.0
138.0
164.0
168.0
168.0
178.0
154.0
165.0
200.0
185.0
192.0
168.0
144.0
149.0
221.0
199.0
140.0
152.0
172.0
139.0
152.0
182.0
161.0
190.0
141.0
133.0
192.0
216.0
172.0
145.0
185.0
158.0
177.0
240.0
158.0
144.0
152.0
165.0
189.0
132.0
182.0
162.0
191.0
275.0
186.0
147.0
193.0
