154.0
161.0
185.0
217.0
202.0
211.0
167.0
181.0
204.0
167.0
199.0
163.0
249.0
197.0
176.0
385.0
301.0
181.0
156.0
182.0
233.0
178.0
196.0
154.0
206.0
188.0
203.0
249.0
213.0
265.0
215.0
188.0
171.0
167.0
204.0
162.0
179.0
226.0
213.0
169.0
188.0
189.0
203.0
175.0
192.0
230.0
345.0
252.0
180.0
192.0
200.0
224.0
200.0
181.0
336.0
266.0
234.0
235.0
234.0
206.0
216.0
200.0
223.0
158.0
186.0
186.0
190.0
167.0
173.0
250.0
199.0
198.0
192.0
176.0
268.0
152.0
230.0
165.0
181.0
315.0
230.0
218.0
197.0
212.0
220.0
169.0
180.0
191.0
191.0
175.0
231.0
173.0
236.0
186.0
211.0
137.0
176.0
148.0
173.0
198.0
200.0
203.0
291.0
216.0
193.0
283.0
248.0
194.0
165.0
190.0
192.0
174.0
175.0
200.0
164.0
171.0
218.0
201.0
170.0
168.0
243.0
195.0
217.0
208.0
312.0
213.0
170.0
165.0
179.0
143.0
183.0
228.0
164.0
197.0
160.0
172.0
251.0
250.0
161.0
181.0
206.0
176.0
159.0
167.0
169.0
174.0
182.0
269.0
191.0
218.0
165.0
181.0
199.0
185.0
172.0
236.0
173.0
239.0
146.0
191.0
165.0
209.0
167.0
199.0
168.0
198.0
261.0
150.0
211.0
197.0
268.0
224.0
213.0
202.0
233.0
199.0
161.0
190.0
173.0
180.0
193.0
213.0
217.0
176.0
171.0
148.0
172.0
191.0
150.0
211.0
213.0
153.0
219.0
195.0
200.0
209.0
159.0
191.0
160.0
167.0
