265.0
286.0
224.0
283.0
261.0
246.0
277.0
244.0
232.0
273.0
295.0
272.0
298.0
303.0
289.0
280.0
319.0
241.0
316.0
288.0
252.0
319.0
247.0
256.0
261.0
248.0
272.0
313.0
231.0
241.0
269.0
262.0
312.0
229.0
282.0
258.0
258.0
237.0
269.0
265.0
265.0
352.0
264.0
303.0
307.0
273.0
333.0
316.0
248.0
318.0
307.0
277.0
328.0
266.0
287.0
247.0
278.0
277.0
241.0
256.0
288.0
271.0
253.0
251.0
252.0
323.0
221.0
273.0
257.0
250.0
247.0
242.0
257.0
270.0
301.0
264.0
285.0
286.0
254.0
265.0
244.0
274.0
264.0
254.0
283.0
282.0
283.0
281.0
257.0
249.0
225.0
322.0
271.0
260.0
245.0
289.0
314.0
286.0
266.0
290.0
251.0
257.0
258.0
265.0
286.0
296.0
235.0
268.0
278.0
281.0
228.0
236.0
293.0
258.0
229.0
283.0
310.0
331.0
273.0
259.0
295.0
252.0
231.0
310.0
284.0
262.0
273.0
229.0
220.0
292.0
234.0
248.0
234.0
262.0
265.0
345.0
303.0
249.0
299.0
274.0
269.0
270.0
293.0
326.0
235.0
255.0
275.0
257.0
241.0
279.0
251.0
273.0
240.0
351.0
265.0
254.0
239.0
271.0
245.0
249.0
259.0
301.0
288.0
250.0
252.0
317.0
255.0
264.0
226.0
293.0
297.0
259.0
258.0
277.0
391.0
270.0
287.0
273.0
284.0
286.0
280.0
311.0
260.0
249.0
255.0
303.0
266.0
259.0
249.0
246.0
280.0
257.0
312.0
247.0
282.0
299.0
366.0
284.0
249.0
245.0
