239.0
220.0
247.0
237.0
238.0
220.0
259.0
266.0
262.0
287.0
236.0
235.0
250.0
250.0
266.0
238.0
239.0
280.0
220.0
284.0
276.0
227.0
297.0
276.0
241.0
260.0
267.0
230.0
254.0
265.0
246.0
268.0
228.0
272.0
257.0
249.0
242.0
276.0
247.0
261.0
277.0
254.0
274.0
238.0
277.0
262.0
251.0
279.0
275.0
250.0
250.0
237.0
278.0
254.0
245.0
284.0
245.0
281.0
268.0
236.0
268.0
260.0
228.0
279.0
240.0
283.0
269.0
273.0
238.0
283.0
241.0
241.0
224.0
274.0
259.0
230.0
228.0
247.0
234.0
268.0
252.0
242.0
238.0
238.0
270.0
295.0
265.0
245.0
289.0
279.0
239.0
254.0
283.0
224.0
283.0
233.0
247.0
305.0
251.0
254.0
240.0
278.0
268.0
261.0
271.0
245.0
273.0
285.0
262.0
281.0
243.0
256.0
274.0
265.0
271.0
276.0
212.0
272.0
256.0
236.0
217.0
237.0
243.0
246.0
260.0
302.0
299.0
250.0
291.0
275.0
261.0
288.0
231.0
277.0
232.0
262.0
291.0
268.0
258.0
270.0
259.0
307.0
316.0
251.0
285.0
254.0
247.0
280.0
301.0
270.0
273.0
290.0
234.0
310.0
226.0
275.0
265.0
274.0
229.0
285.0
223.0
309.0
253.0
240.0
248.0
278.0
261.0
257.0
273.0
229.0
293.0
275.0
263.0
251.0
275.0
267.0
272.0
264.0
250.0
326.0
257.0
307.0
287.0
222.0
260.0
293.0
254.0
253.0
274.0
320.0
246.0
288.0
243.0
306.0
232.0
282.0
286.0
237.0
331.0
275.0
