252.0
228.0
254.0
239.0
248.0
255.0
253.0
254.0
255.0
257.0
274.0
251.0
311.0
235.0
237.0
256.0
255.0
289.0
254.0
244.0
236.0
246.0
316.0
285.0
237.0
251.0
286.0
228.0
227.0
218.0
286.0
242.0
279.0
205.0
277.0
253.0
248.0
244.0
262.0
279.0
248.0
269.0
257.0
299.0
251.0
265.0
283.0
230.0
285.0
247.0
241.0
280.0
244.0
247.0
248.0
278.0
270.0
274.0
285.0
273.0
264.0
313.0
282.0
295.0
258.0
251.0
266.0
242.0
276.0
263.0
237.0
299.0
267.0
305.0
267.0
234.0
251.0
237.0
239.0
260.0
222.0
232.0
291.0
296.0
233.0
228.0
244.0
249.0
256.0
240.0
253.0
259.0
310.0
231.0
279.0
252.0
240.0
288.0
244.0
274.0
268.0
232.0
288.0
269.0
230.0
261.0
298.0
285.0
227.0
267.0
276.0
304.0
238.0
253.0
291.0
313.0
239.0
283.0
260.0
232.0
247.0
240.0
227.0
253.0
268.0
268.0
234.0
249.0
247.0
239.0
261.0
235.0
273.0
225.0
297.0
238.0
313.0
244.0
225.0
242.0
272.0
291.0
244.0
268.0
301.0
293.0
269.0
234.0
230.0
299.0
258.0
254.0
250.0
315.0
305.0
268.0
266.0
243.0
310.0
291.0
223.0
244.0
247.0
276.0
272.0
242.0
284.0
299.0
243.0
274.0
270.0
272.0
268.0
240.0
215.0
244.0
228.0
299.0
247.0
216.0
291.0
246.0
301.0
292.0
271.0
237.0
259.0
255.0
274.0
279.0
299.0
245.0
284.0
239.0
295.0
287.0
273.0
340.0
290.0
282.0
