224.0
248.0
260.0
256.0
231.0
271.0
257.0
232.0
252.0
314.0
264.0
256.0
236.0
242.0
269.0
280.0
236.0
243.0
213.0
234.0
263.0
207.0
238.0
261.0
303.0
276.0
258.0
276.0
273.0
258.0
272.0
251.0
228.0
263.0
297.0
262.0
237.0
303.0
249.0
260.0
274.0
282.0
263.0
248.0
309.0
255.0
238.0
221.0
208.0
267.0
272.0
264.0
302.0
297.0
269.0
249.0
230.0
248.0
274.0
231.0
297.0
247.0
201.0
302.0
279.0
240.0
227.0
246.0
279.0
224.0
236.0
256.0
256.0
245.0
225.0
316.0
282.0
250.0
263.0
249.0
281.0
306.0
236.0
249.0
320.0
287.0
235.0
267.0
250.0
269.0
234.0
322.0
247.0
240.0
235.0
257.0
278.0
249.0
358.0
272.0
254.0
259.0
223.0
296.0
224.0
227.0
266.0
282.0
257.0
250.0
321.0
273.0
254.0
237.0
247.0
310.0
296.0
233.0
256.0
241.0
274.0
238.0
266.0
291.0
256.0
257.0
249.0
236.0
270.0
273.0
274.0
285.0
255.0
270.0
241.0
279.0
255.0
290.0
258.0
253.0
271.0
304.0
224.0
221.0
239.0
306.0
258.0
272.0
262.0
247.0
294.0
284.0
296.0
228.0
249.0
258.0
261.0
293.0
270.0
241.0
280.0
258.0
262.0
237.0
274.0
263.0
244.0
273.0
236.0
307.0
238.0
241.0
258.0
214.0
233.0
246.0
261.0
264.0
240.0
275.0
256.0
265.0
248.0
258.0
237.0
261.0
279.0
256.0
222.0
248.0
252.0
292.0
264.0
248.0
245.0
299.0
258.0
270.0
250.0
268.0
