149.0
144.0
150.0
150.0
212.0
174.0
147.0
154.0
149.0
164.0
149.0
148.0
124.0
132.0
158.0
139.0
149.0
167.0
143.0
158.0
168.0
148.0
149.0
154.0
141.0
129.0
155.0
140.0
335.0
152.0
164.0
141.0
152.0
153.0
132.0
158.0
146.0
136.0
135.0
151.0
141.0
164.0
163.0
161.0
144.0
130.0
152.0
115.0
153.0
151.0
141.0
164.0
222.0
158.0
145.0
164.0
168.0
145.0
217.0
174.0
227.0
144.0
184.0
154.0
178.0
161.0
141.0
153.0
132.0
169.0
168.0
141.0
146.0
140.0
216.0
140.0
130.0
161.0
176.0
141.0
145.0
159.0
142.0
256.0
148.0
152.0
155.0
166.0
139.0
149.0
139.0
158.0
134.0
165.0
159.0
136.0
153.0
158.0
170.0
162.0
121.0
129.0
182.0
132.0
141.0
133.0
158.0
144.0
142.0
125.0
181.0
153.0
137.0
141.0
137.0
142.0
165.0
151.0
158.0
153.0
149.0
157.0
142.0
182.0
123.0
144.0
129.0
157.0
139.0
122.0
143.0
128.0
143.0
145.0
157.0
153.0
157.0
148.0
219.0
136.0
152.0
144.0
151.0
146.0
150.0
141.0
154.0
157.0
141.0
154.0
146.0
139.0
153.0
148.0
158.0
153.0
149.0
156.0
150.0
149.0
136.0
164.0
140.0
146.0
137.0
141.0
181.0
153.0
155.0
167.0
142.0
171.0
150.0
148.0
201.0
150.0
149.0
159.0
161.0
162.0
172.0
171.0
140.0
160.0
140.0
135.0
157.0
182.0
126.0
160.0
149.0
153.0
146.0
139.0
199.0
161.0
138.0
158.0
176.0
183.0
