137.0
167.0
144.0
143.0
147.0
154.0
144.0
161.0
160.0
138.0
165.0
195.0
202.0
169.0
138.0
191.0
146.0
147.0
182.0
163.0
186.0
181.0
145.0
175.0
184.0
164.0
233.0
276.0
165.0
257.0
163.0
144.0
159.0
151.0
131.0
158.0
182.0
175.0
181.0
182.0
241.0
162.0
161.0
319.0
143.0
144.0
147.0
145.0
163.0
156.0
157.0
166.0
153.0
173.0
150.0
175.0
159.0
132.0
170.0
162.0
178.0
150.0
166.0
155.0
163.0
167.0
161.0
136.0
269.0
171.0
185.0
174.0
173.0
147.0
181.0
142.0
156.0
193.0
182.0
148.0
168.0
157.0
201.0
186.0
171.0
141.0
157.0
140.0
148.0
162.0
167.0
173.0
128.0
143.0
137.0
135.0
181.0
164.0
155.0
178.0
157.0
160.0
153.0
170.0
156.0
148.0
151.0
154.0
182.0
140.0
148.0
289.0
149.0
185.0
176.0
152.0
170.0
140.0
158.0
179.0
155.0
143.0
185.0
153.0
163.0
159.0
166.0
175.0
199.0
220.0
200.0
174.0
179.0
191.0
157.0
132.0
303.0
170.0
142.0
186.0
194.0
168.0
200.0
160.0
143.0
221.0
160.0
166.0
163.0
146.0
152.0
151.0
189.0
147.0
215.0
165.0
173.0
151.0
177.0
164.0
167.0
154.0
177.0
149.0
171.0
148.0
245.0
169.0
154.0
175.0
149.0
169.0
168.0
154.0
149.0
168.0
144.0
177.0
152.0
157.0
235.0
168.0
140.0
173.0
184.0
137.0
137.0
190.0
144.0
131.0
183.0
187.0
155.0
164.0
145.0
131.0
168.0
155.0
193.0
157.0
