288.0
299.0
267.0
273.0
231.0
227.0
299.0
273.0
239.0
288.0
256.0
262.0
257.0
250.0
228.0
240.0
260.0
272.0
272.0
260.0
245.0
256.0
288.0
233.0
295.0
286.0
229.0
260.0
239.0
265.0
249.0
256.0
244.0
236.0
243.0
248.0
348.0
282.0
312.0
242.0
255.0
250.0
244.0
274.0
248.0
304.0
332.0
310.0
247.0
272.0
255.0
219.0
264.0
256.0
239.0
260.0
257.0
284.0
250.0
250.0
231.0
266.0
237.0
287.0
273.0
222.0
245.0
248.0
264.0
279.0
257.0
318.0
301.0
299.0
273.0
269.0
277.0
241.0
256.0
252.0
269.0
214.0
275.0
284.0
286.0
256.0
242.0
282.0
244.0
241.0
245.0
299.0
260.0
259.0
304.0
273.0
252.0
295.0
250.0
237.0
305.0
235.0
215.0
250.0
242.0
282.0
270.0
281.0
290.0
258.0
327.0
218.0
273.0
251.0
299.0
262.0
279.0
280.0
254.0
230.0
234.0
225.0
298.0
255.0
234.0
279.0
294.0
300.0
282.0
314.0
241.0
289.0
257.0
264.0
242.0
257.0
236.0
328.0
266.0
283.0
284.0
281.0
267.0
270.0
272.0
281.0
229.0
263.0
227.0
295.0
251.0
240.0
282.0
257.0
257.0
272.0
244.0
261.0
257.0
246.0
237.0
301.0
276.0
264.0
301.0
269.0
306.0
229.0
253.0
264.0
232.0
280.0
272.0
270.0
289.0
319.0
271.0
283.0
224.0
275.0
273.0
295.0
265.0
290.0
227.0
291.0
260.0
259.0
241.0
241.0
231.0
239.0
271.0
258.0
244.0
271.0
248.0
280.0
276.0
273.0
