233.0
271.0
243.0
251.0
288.0
215.0
259.0
221.0
250.0
252.0
238.0
276.0
276.0
285.0
261.0
266.0
219.0
247.0
287.0
275.0
262.0
271.0
230.0
330.0
258.0
262.0
258.0
284.0
256.0
281.0
276.0
280.0
275.0
219.0
237.0
273.0
280.0
242.0
283.0
240.0
236.0
278.0
256.0
241.0
242.0
277.0
237.0
240.0
302.0
215.0
265.0
244.0
265.0
263.0
228.0
274.0
264.0
251.0
297.0
225.0
267.0
274.0
275.0
203.0
250.0
270.0
271.0
256.0
232.0
246.0
271.0
268.0
256.0
237.0
272.0
285.0
257.0
301.0
245.0
247.0
240.0
257.0
262.0
271.0
283.0
253.0
251.0
289.0
248.0
327.0
274.0
252.0
224.0
273.0
250.0
274.0
311.0
260.0
282.0
255.0
276.0
263.0
247.0
254.0
309.0
317.0
228.0
216.0
229.0
236.0
269.0
257.0
263.0
234.0
330.0
247.0
254.0
269.0
230.0
258.0
261.0
262.0
260.0
272.0
247.0
270.0
275.0
236.0
243.0
256.0
221.0
288.0
268.0
259.0
226.0
297.0
273.0
242.0
216.0
320.0
245.0
257.0
328.0
234.0
268.0
256.0
258.0
293.0
265.0
243.0
294.0
279.0
293.0
222.0
285.0
305.0
288.0
270.0
291.0
259.0
303.0
298.0
242.0
271.0
206.0
244.0
227.0
270.0
243.0
257.0
231.0
278.0
222.0
237.0
247.0
256.0
264.0
222.0
271.0
267.0
214.0
265.0
244.0
238.0
210.0
258.0
255.0
258.0
264.0
292.0
231.0
228.0
250.0
357.0
286.0
267.0
220.0
275.0
273.0
296.0
