144.0
151.0
200.0
138.0
203.0
178.0
155.0
156.0
138.0
140.0
139.0
151.0
151.0
161.0
176.0
177.0
176.0
152.0
176.0
153.0
165.0
164.0
160.0
136.0
189.0
167.0
140.0
169.0
155.0
196.0
170.0
165.0
155.0
199.0
212.0
164.0
154.0
171.0
170.0
148.0
168.0
193.0
164.0
192.0
201.0
172.0
178.0
161.0
136.0
181.0
138.0
144.0
164.0
144.0
149.0
130.0
143.0
155.0
144.0
172.0
161.0
142.0
191.0
269.0
149.0
185.0
143.0
144.0
178.0
181.0
216.0
158.0
158.0
214.0
152.0
178.0
187.0
163.0
167.0
163.0
173.0
154.0
170.0
129.0
188.0
142.0
150.0
179.0
175.0
171.0
182.0
166.0
182.0
169.0
176.0
151.0
143.0
153.0
143.0
148.0
166.0
173.0
147.0
143.0
153.0
158.0
144.0
160.0
139.0
152.0
156.0
179.0
141.0
144.0
179.0
151.0
161.0
161.0
153.0
152.0
173.0
195.0
160.0
194.0
175.0
169.0
149.0
153.0
176.0
169.0
158.0
149.0
151.0
149.0
156.0
196.0
150.0
162.0
169.0
280.0
161.0
183.0
185.0
165.0
189.0
142.0
209.0
172.0
149.0
137.0
226.0
172.0
157.0
146.0
152.0
148.0
143.0
163.0
167.0
166.0
166.0
205.0
180.0
189.0
193.0
159.0
177.0
157.0
184.0
150.0
194.0
169.0
153.0
167.0
200.0
135.0
141.0
136.0
155.0
163.0
165.0
180.0
133.0
178.0
183.0
163.0
165.0
165.0
144.0
150.0
157.0
216.0
179.0
135.0
152.0
194.0
141.0
158.0
154.0
130.0
