238.0
316.0
242.0
236.0
261.0
276.0
299.0
276.0
267.0
222.0
263.0
271.0
283.0
274.0
243.0
275.0
293.0
254.0
290.0
280.0
263.0
293.0
301.0
285.0
263.0
244.0
232.0
246.0
254.0
240.0
263.0
338.0
296.0
264.0
267.0
277.0
286.0
258.0
252.0
235.0
271.0
252.0
270.0
277.0
237.0
253.0
234.0
283.0
302.0
272.0
310.0
239.0
306.0
255.0
259.0
273.0
266.0
294.0
265.0
316.0
269.0
247.0
297.0
272.0
275.0
254.0
291.0
305.0
279.0
292.0
262.0
349.0
245.0
248.0
271.0
256.0
246.0
280.0
246.0
224.0
317.0
257.0
336.0
270.0
245.0
277.0
260.0
324.0
229.0
249.0
272.0
270.0
258.0
260.0
251.0
262.0
245.0
293.0
298.0
246.0
272.0
260.0
248.0
237.0
231.0
243.0
247.0
294.0
258.0
255.0
244.0
259.0
247.0
313.0
217.0
311.0
237.0
232.0
239.0
268.0
258.0
420.0
319.0
240.0
289.0
268.0
310.0
276.0
260.0
237.0
262.0
245.0
231.0
250.0
258.0
259.0
260.0
308.0
263.0
294.0
272.0
261.0
285.0
245.0
269.0
271.0
267.0
262.0
263.0
232.0
252.0
256.0
246.0
283.0
321.0
229.0
268.0
285.0
244.0
282.0
281.0
240.0
324.0
269.0
290.0
290.0
238.0
297.0
274.0
247.0
270.0
313.0
242.0
235.0
271.0
267.0
243.0
248.0
315.0
295.0
279.0
280.0
267.0
317.0
304.0
242.0
227.0
289.0
256.0
244.0
264.0
254.0
311.0
265.0
290.0
230.0
278.0
266.0
250.0
294.0
