155.0
143.0
148.0
152.0
182.0
156.0
149.0
231.0
164.0
207.0
190.0
232.0
158.0
194.0
146.0
202.0
146.0
299.0
203.0
174.0
168.0
211.0
168.0
163.0
178.0
165.0
166.0
150.0
142.0
146.0
186.0
164.0
185.0
182.0
155.0
164.0
136.0
143.0
176.0
180.0
165.0
148.0
161.0
180.0
190.0
233.0
167.0
155.0
208.0
179.0
155.0
197.0
157.0
183.0
180.0
152.0
157.0
143.0
170.0
152.0
154.0
165.0
140.0
145.0
183.0
221.0
169.0
255.0
161.0
151.0
187.0
212.0
183.0
225.0
276.0
159.0
160.0
191.0
154.0
144.0
157.0
153.0
164.0
217.0
164.0
293.0
161.0
200.0
222.0
222.0
180.0
162.0
133.0
158.0
174.0
178.0
190.0
160.0
140.0
231.0
180.0
174.0
146.0
213.0
178.0
161.0
206.0
196.0
177.0
207.0
177.0
154.0
157.0
230.0
184.0
178.0
165.0
225.0
139.0
141.0
141.0
202.0
152.0
257.0
152.0
216.0
165.0
204.0
216.0
212.0
188.0
211.0
172.0
163.0
179.0
195.0
272.0
202.0
163.0
158.0
167.0
216.0
187.0
249.0
178.0
172.0
148.0
171.0
254.0
276.0
143.0
183.0
169.0
359.0
300.0
183.0
191.0
149.0
156.0
241.0
208.0
160.0
245.0
160.0
193.0
166.0
151.0
152.0
199.0
196.0
184.0
159.0
161.0
178.0
177.0
141.0
158.0
278.0
206.0
251.0
193.0
172.0
154.0
149.0
167.0
195.0
229.0
154.0
167.0
242.0
139.0
178.0
165.0
223.0
194.0
175.0
246.0
173.0
270.0
175.0
