262.0
151.0
135.0
138.0
135.0
168.0
162.0
148.0
157.0
132.0
137.0
155.0
137.0
148.0
144.0
177.0
161.0
186.0
141.0
121.0
163.0
231.0
144.0
201.0
169.0
214.0
135.0
148.0
132.0
170.0
160.0
164.0
139.0
129.0
150.0
146.0
148.0
147.0
149.0
158.0
167.0
143.0
148.0
171.0
151.0
151.0
159.0
135.0
179.0
149.0
159.0
183.0
188.0
157.0
135.0
183.0
173.0
147.0
140.0
131.0
175.0
153.0
190.0
132.0
155.0
194.0
168.0
167.0
154.0
169.0
158.0
198.0
143.0
158.0
152.0
151.0
159.0
157.0
165.0
140.0
154.0
149.0
230.0
143.0
174.0
139.0
247.0
164.0
188.0
126.0
165.0
181.0
202.0
145.0
153.0
130.0
148.0
142.0
165.0
152.0
163.0
155.0
160.0
159.0
138.0
165.0
170.0
139.0
158.0
144.0
165.0
144.0
235.0
140.0
140.0
172.0
148.0
143.0
164.0
152.0
193.0
139.0
148.0
143.0
154.0
176.0
169.0
118.0
136.0
143.0
154.0
149.0
154.0
159.0
159.0
147.0
209.0
171.0
172.0
146.0
141.0
151.0
126.0
156.0
134.0
155.0
141.0
150.0
142.0
203.0
135.0
151.0
182.0
177.0
155.0
235.0
137.0
171.0
145.0
147.0
164.0
152.0
170.0
142.0
191.0
165.0
159.0
182.0
147.0
179.0
158.0
139.0
147.0
142.0
139.0
145.0
156.0
172.0
179.0
152.0
167.0
133.0
162.0
207.0
136.0
150.0
161.0
128.0
147.0
135.0
153.0
147.0
137.0
153.0
168.0
140.0
157.0
156.0
153.0
168.0
