164.0
134.0
177.0
139.0
157.0
206.0
153.0
153.0
152.0
313.0
171.0
131.0
143.0
155.0
171.0
170.0
162.0
182.0
184.0
165.0
154.0
252.0
151.0
142.0
168.0
190.0
139.0
197.0
178.0
170.0
171.0
146.0
217.0
197.0
158.0
146.0
141.0
160.0
187.0
154.0
203.0
164.0
156.0
148.0
195.0
167.0
176.0
178.0
167.0
140.0
186.0
153.0
150.0
156.0
153.0
169.0
172.0
138.0
157.0
178.0
149.0
173.0
170.0
163.0
163.0
173.0
169.0
158.0
157.0
141.0
156.0
158.0
147.0
163.0
132.0
128.0
148.0
144.0
177.0
165.0
167.0
152.0
170.0
284.0
142.0
158.0
162.0
163.0
174.0
175.0
134.0
162.0
229.0
160.0
197.0
175.0
170.0
171.0
180.0
169.0
177.0
161.0
146.0
145.0
135.0
147.0
170.0
160.0
147.0
169.0
152.0
151.0
150.0
179.0
161.0
160.0
146.0
238.0
175.0
152.0
146.0
169.0
151.0
164.0
175.0
169.0
162.0
142.0
143.0
211.0
279.0
181.0
143.0
166.0
142.0
152.0
152.0
158.0
193.0
153.0
187.0
149.0
201.0
146.0
154.0
196.0
175.0
149.0
149.0
146.0
231.0
165.0
163.0
169.0
175.0
177.0
169.0
161.0
165.0
166.0
148.0
151.0
155.0
184.0
129.0
172.0
177.0
158.0
158.0
142.0
152.0
168.0
143.0
152.0
141.0
167.0
171.0
184.0
187.0
207.0
150.0
137.0
159.0
150.0
208.0
150.0
136.0
163.0
171.0
144.0
144.0
166.0
136.0
155.0
217.0
157.0
168.0
189.0
149.0
173.0
