249.0
267.0
231.0
265.0
237.0
254.0
257.0
279.0
249.0
251.0
306.0
266.0
252.0
290.0
265.0
261.0
288.0
233.0
242.0
229.0
250.0
295.0
314.0
281.0
315.0
243.0
231.0
318.0
211.0
291.0
240.0
255.0
246.0
291.0
238.0
228.0
211.0
229.0
231.0
249.0
231.0
222.0
260.0
306.0
275.0
269.0
285.0
226.0
228.0
243.0
245.0
316.0
261.0
240.0
229.0
280.0
218.0
255.0
252.0
249.0
291.0
241.0
230.0
289.0
240.0
256.0
270.0
303.0
235.0
257.0
253.0
281.0
264.0
256.0
333.0
244.0
286.0
278.0
229.0
290.0
307.0
279.0
244.0
239.0
300.0
256.0
273.0
232.0
230.0
296.0
213.0
269.0
274.0
318.0
249.0
284.0
285.0
250.0
267.0
267.0
237.0
277.0
230.0
263.0
225.0
282.0
281.0
280.0
309.0
254.0
269.0
239.0
228.0
250.0
266.0
240.0
285.0
291.0
245.0
278.0
242.0
246.0
245.0
238.0
248.0
275.0
257.0
301.0
363.0
280.0
233.0
237.0
295.0
254.0
277.0
253.0
243.0
281.0
239.0
242.0
299.0
251.0
247.0
239.0
233.0
266.0
235.0
260.0
247.0
212.0
231.0
261.0
305.0
254.0
281.0
248.0
249.0
257.0
294.0
259.0
234.0
297.0
255.0
253.0
237.0
260.0
254.0
255.0
274.0
241.0
254.0
275.0
254.0
234.0
256.0
299.0
202.0
258.0
292.0
244.0
266.0
274.0
270.0
274.0
220.0
223.0
308.0
276.0
243.0
291.0
255.0
273.0
233.0
242.0
247.0
254.0
270.0
246.0
286.0
252.0
