255.0
253.0
243.0
241.0
240.0
234.0
234.0
223.0
266.0
271.0
246.0
277.0
226.0
256.0
270.0
238.0
274.0
263.0
235.0
241.0
252.0
265.0
264.0
241.0
236.0
263.0
228.0
249.0
293.0
254.0
228.0
261.0
244.0
264.0
266.0
242.0
260.0
242.0
246.0
224.0
275.0
251.0
271.0
253.0
265.0
260.0
233.0
254.0
301.0
226.0
239.0
230.0
252.0
259.0
262.0
278.0
253.0
290.0
245.0
275.0
262.0
321.0
214.0
242.0
266.0
246.0
271.0
232.0
222.0
252.0
238.0
278.0
255.0
302.0
254.0
267.0
260.0
227.0
262.0
242.0
249.0
261.0
236.0
208.0
233.0
275.0
233.0
237.0
253.0
226.0
283.0
266.0
310.0
242.0
226.0
220.0
252.0
232.0
274.0
219.0
254.0
254.0
255.0
235.0
273.0
234.0
267.0
264.0
255.0
257.0
226.0
249.0
260.0
342.0
248.0
271.0
227.0
219.0
236.0
241.0
255.0
218.0
236.0
281.0
222.0
230.0
241.0
267.0
244.0
271.0
245.0
286.0
253.0
236.0
264.0
278.0
239.0
229.0
280.0
212.0
235.0
220.0
277.0
257.0
243.0
222.0
257.0
225.0
212.0
232.0
228.0
277.0
219.0
234.0
211.0
267.0
226.0
265.0
278.0
257.0
278.0
245.0
295.0
252.0
231.0
255.0
276.0
277.0
243.0
230.0
227.0
270.0
224.0
285.0
279.0
219.0
215.0
261.0
261.0
266.0
248.0
254.0
303.0
240.0
299.0
322.0
242.0
262.0
239.0
248.0
243.0
285.0
254.0
208.0
317.0
233.0
281.0
285.0
283.0
227.0
