165.0
169.0
177.0
148.0
153.0
149.0
218.0
225.0
177.0
163.0
182.0
152.0
165.0
243.0
220.0
186.0
161.0
170.0
188.0
155.0
162.0
150.0
177.0
155.0
176.0
165.0
173.0
165.0
171.0
163.0
197.0
162.0
190.0
139.0
153.0
193.0
167.0
137.0
152.0
132.0
168.0
150.0
151.0
150.0
188.0
148.0
144.0
181.0
161.0
152.0
152.0
181.0
166.0
149.0
154.0
196.0
172.0
201.0
155.0
171.0
168.0
198.0
156.0
137.0
146.0
175.0
165.0
181.0
165.0
147.0
145.0
138.0
157.0
157.0
141.0
145.0
170.0
170.0
141.0
157.0
138.0
158.0
156.0
196.0
138.0
219.0
151.0
164.0
217.0
188.0
166.0
188.0
171.0
223.0
226.0
214.0
153.0
135.0
153.0
142.0
172.0
152.0
167.0
145.0
163.0
187.0
274.0
160.0
215.0
220.0
144.0
182.0
144.0
187.0
155.0
170.0
160.0
172.0
147.0
155.0
171.0
153.0
201.0
207.0
170.0
166.0
202.0
207.0
150.0
199.0
162.0
190.0
133.0
153.0
167.0
134.0
157.0
161.0
167.0
196.0
182.0
173.0
191.0
234.0
176.0
154.0
165.0
162.0
167.0
162.0
142.0
160.0
163.0
146.0
156.0
177.0
145.0
149.0
148.0
145.0
178.0
179.0
163.0
170.0
176.0
148.0
178.0
150.0
148.0
150.0
178.0
166.0
170.0
141.0
146.0
164.0
138.0
177.0
134.0
146.0
171.0
218.0
139.0
142.0
181.0
187.0
160.0
169.0
211.0
149.0
151.0
296.0
227.0
157.0
151.0
172.0
206.0
191.0
154.0
194.0
