151.0
152.0
166.0
133.0
154.0
143.0
173.0
144.0
133.0
145.0
150.0
158.0
164.0
135.0
131.0
135.0
142.0
169.0
142.0
144.0
143.0
147.0
134.0
137.0
138.0
134.0
128.0
163.0
144.0
140.0
203.0
201.0
157.0
175.0
136.0
144.0
189.0
127.0
134.0
148.0
141.0
129.0
129.0
149.0
145.0
142.0
144.0
148.0
133.0
145.0
141.0
150.0
125.0
154.0
143.0
154.0
201.0
133.0
139.0
129.0
119.0
149.0
151.0
133.0
138.0
164.0
174.0
140.0
148.0
166.0
202.0
153.0
151.0
140.0
136.0
139.0
126.0
138.0
143.0
207.0
136.0
142.0
149.0
144.0
150.0
169.0
159.0
142.0
137.0
152.0
168.0
143.0
158.0
147.0
156.0
137.0
146.0
139.0
154.0
139.0
145.0
159.0
136.0
159.0
138.0
155.0
158.0
176.0
164.0
173.0
146.0
164.0
147.0
147.0
149.0
123.0
146.0
155.0
150.0
181.0
159.0
144.0
165.0
166.0
135.0
149.0
135.0
140.0
156.0
133.0
152.0
158.0
152.0
145.0
144.0
162.0
168.0
200.0
192.0
149.0
152.0
136.0
148.0
136.0
153.0
138.0
182.0
138.0
136.0
268.0
137.0
147.0
155.0
131.0
118.0
186.0
135.0
163.0
183.0
161.0
144.0
158.0
133.0
137.0
160.0
161.0
162.0
136.0
129.0
126.0
137.0
139.0
135.0
151.0
150.0
144.0
158.0
198.0
151.0
151.0
132.0
121.0
131.0
160.0
146.0
151.0
134.0
151.0
168.0
129.0
155.0
138.0
140.0
154.0
159.0
181.0
165.0
190.0
142.0
141.0
