322.0
275.0
277.0
290.0
267.0
226.0
291.0
267.0
272.0
267.0
253.0
258.0
245.0
229.0
238.0
304.0
282.0
247.0
340.0
288.0
283.0
221.0
360.0
273.0
255.0
244.0
257.0
237.0
255.0
254.0
247.0
254.0
255.0
250.0
234.0
311.0
242.0
245.0
263.0
285.0
294.0
295.0
251.0
258.0
282.0
238.0
282.0
273.0
247.0
274.0
296.0
270.0
289.0
246.0
267.0
236.0
299.0
242.0
272.0
255.0
280.0
261.0
317.0
269.0
232.0
265.0
296.0
282.0
217.0
318.0
289.0
265.0
262.0
295.0
257.0
300.0
251.0
250.0
291.0
254.0
314.0
251.0
279.0
261.0
273.0
357.0
218.0
265.0
306.0
350.0
261.0
290.0
241.0
259.0
289.0
283.0
332.0
245.0
216.0
279.0
268.0
271.0
281.0
254.0
251.0
254.0
261.0
270.0
266.0
248.0
246.0
257.0
221.0
262.0
270.0
246.0
295.0
257.0
266.0
277.0
302.0
274.0
239.0
242.0
272.0
256.0
227.0
275.0
245.0
243.0
258.0
277.0
282.0
229.0
252.0
293.0
245.0
255.0
270.0
234.0
301.0
320.0
297.0
290.0
257.0
227.0
256.0
350.0
245.0
255.0
263.0
303.0
267.0
278.0
237.0
318.0
242.0
331.0
278.0
252.0
236.0
243.0
238.0
286.0
272.0
257.0
364.0
237.0
260.0
281.0
260.0
253.0
269.0
297.0
263.0
254.0
268.0
249.0
255.0
290.0
260.0
253.0
281.0
267.0
328.0
285.0
256.0
240.0
273.0
248.0
242.0
277.0
285.0
260.0
300.0
276.0
229.0
275.0
249.0
363.0
