168.0
141.0
143.0
160.0
170.0
166.0
159.0
169.0
182.0
147.0
154.0
178.0
186.0
173.0
182.0
213.0
197.0
158.0
133.0
141.0
143.0
262.0
236.0
174.0
203.0
165.0
155.0
142.0
152.0
171.0
172.0
159.0
181.0
169.0
251.0
177.0
200.0
161.0
143.0
160.0
151.0
190.0
147.0
148.0
184.0
253.0
150.0
137.0
178.0
152.0
150.0
154.0
148.0
142.0
194.0
140.0
133.0
165.0
158.0
140.0
177.0
192.0
204.0
156.0
159.0
225.0
153.0
126.0
166.0
170.0
151.0
164.0
168.0
146.0
204.0
140.0
163.0
162.0
227.0
179.0
164.0
167.0
153.0
176.0
153.0
148.0
170.0
146.0
144.0
148.0
171.0
188.0
179.0
169.0
185.0
155.0
165.0
196.0
191.0
312.0
189.0
241.0
165.0
165.0
161.0
151.0
179.0
149.0
141.0
178.0
140.0
218.0
181.0
185.0
187.0
295.0
174.0
179.0
167.0
191.0
148.0
171.0
170.0
182.0
141.0
150.0
148.0
143.0
134.0
147.0
164.0
248.0
166.0
132.0
176.0
198.0
194.0
177.0
142.0
171.0
171.0
166.0
169.0
156.0
153.0
159.0
169.0
170.0
158.0
222.0
185.0
163.0
181.0
184.0
160.0
158.0
160.0
156.0
166.0
224.0
174.0
162.0
182.0
193.0
332.0
131.0
155.0
140.0
186.0
165.0
145.0
165.0
149.0
183.0
161.0
169.0
159.0
161.0
145.0
152.0
169.0
147.0
199.0
166.0
136.0
186.0
140.0
211.0
153.0
131.0
155.0
203.0
153.0
227.0
140.0
160.0
198.0
132.0
175.0
189.0
