171.0
261.0
226.0
207.0
200.0
168.0
162.0
216.0
163.0
195.0
174.0
212.0
170.0
184.0
164.0
167.0
214.0
188.0
203.0
143.0
244.0
170.0
197.0
162.0
181.0
206.0
249.0
164.0
146.0
186.0
171.0
185.0
175.0
197.0
168.0
180.0
182.0
172.0
162.0
235.0
166.0
157.0
158.0
159.0
143.0
159.0
287.0
220.0
179.0
199.0
234.0
168.0
171.0
204.0
194.0
209.0
205.0
164.0
206.0
159.0
284.0
206.0
207.0
184.0
179.0
241.0
230.0
190.0
199.0
184.0
241.0
171.0
162.0
180.0
212.0
150.0
173.0
214.0
148.0
200.0
226.0
187.0
166.0
215.0
185.0
167.0
200.0
172.0
228.0
149.0
191.0
211.0
164.0
177.0
167.0
178.0
232.0
206.0
186.0
191.0
175.0
175.0
220.0
257.0
271.0
196.0
247.0
204.0
165.0
200.0
178.0
151.0
180.0
143.0
205.0
163.0
224.0
184.0
146.0
179.0
159.0
191.0
206.0
250.0
199.0
166.0
150.0
186.0
203.0
207.0
238.0
234.0
183.0
258.0
282.0
225.0
213.0
203.0
161.0
217.0
170.0
186.0
197.0
181.0
136.0
156.0
212.0
190.0
160.0
160.0
160.0
175.0
189.0
214.0
166.0
237.0
176.0
168.0
154.0
199.0
251.0
177.0
255.0
205.0
217.0
210.0
174.0
207.0
286.0
264.0
211.0
207.0
184.0
243.0
196.0
185.0
192.0
263.0
228.0
198.0
174.0
156.0
158.0
180.0
220.0
207.0
168.0
240.0
200.0
276.0
256.0
249.0
230.0
167.0
227.0
200.0
141.0
159.0
169.0
153.0
