157.0
142.0
137.0
186.0
132.0
178.0
168.0
148.0
337.0
159.0
165.0
132.0
142.0
154.0
130.0
162.0
125.0
163.0
147.0
155.0
157.0
163.0
258.0
141.0
178.0
180.0
150.0
140.0
159.0
162.0
145.0
176.0
122.0
168.0
178.0
243.0
155.0
155.0
180.0
191.0
169.0
156.0
173.0
136.0
170.0
157.0
197.0
171.0
170.0
175.0
183.0
145.0
151.0
159.0
187.0
156.0
212.0
162.0
141.0
148.0
156.0
158.0
191.0
140.0
153.0
129.0
153.0
173.0
134.0
144.0
181.0
156.0
175.0
153.0
152.0
156.0
143.0
165.0
157.0
152.0
161.0
148.0
133.0
149.0
156.0
200.0
156.0
196.0
153.0
143.0
225.0
141.0
150.0
146.0
158.0
172.0
148.0
161.0
155.0
147.0
196.0
156.0
194.0
156.0
266.0
180.0
165.0
160.0
143.0
144.0
157.0
197.0
192.0
155.0
152.0
149.0
178.0
185.0
143.0
156.0
179.0
132.0
168.0
165.0
148.0
151.0
154.0
155.0
156.0
130.0
175.0
161.0
176.0
277.0
190.0
169.0
176.0
151.0
151.0
160.0
158.0
151.0
172.0
153.0
172.0
145.0
189.0
140.0
176.0
201.0
147.0
127.0
153.0
174.0
218.0
177.0
139.0
139.0
160.0
150.0
201.0
165.0
148.0
282.0
130.0
144.0
175.0
149.0
152.0
206.0
189.0
193.0
148.0
121.0
144.0
169.0
169.0
145.0
154.0
144.0
139.0
214.0
135.0
180.0
208.0
162.0
234.0
141.0
183.0
194.0
154.0
126.0
156.0
150.0
165.0
227.0
179.0
204.0
149.0
156.0
