280.0
234.0
253.0
299.0
245.0
242.0
219.0
253.0
263.0
230.0
301.0
247.0
321.0
242.0
232.0
246.0
222.0
236.0
298.0
304.0
241.0
258.0
258.0
231.0
247.0
254.0
251.0
213.0
216.0
259.0
256.0
233.0
252.0
333.0
239.0
234.0
224.0
303.0
242.0
291.0
262.0
256.0
278.0
235.0
232.0
293.0
245.0
269.0
253.0
275.0
246.0
234.0
250.0
237.0
244.0
274.0
275.0
257.0
276.0
257.0
263.0
212.0
270.0
256.0
256.0
281.0
254.0
270.0
250.0
259.0
228.0
242.0
253.0
252.0
300.0
313.0
247.0
302.0
275.0
236.0
231.0
229.0
266.0
254.0
311.0
252.0
264.0
223.0
299.0
263.0
266.0
252.0
281.0
209.0
225.0
260.0
243.0
251.0
245.0
273.0
258.0
292.0
303.0
290.0
251.0
220.0
262.0
271.0
286.0
247.0
247.0
230.0
275.0
273.0
251.0
257.0
292.0
240.0
254.0
262.0
244.0
286.0
231.0
295.0
245.0
223.0
250.0
255.0
260.0
255.0
258.0
246.0
247.0
263.0
226.0
281.0
255.0
251.0
274.0
254.0
263.0
252.0
252.0
254.0
297.0
269.0
279.0
271.0
239.0
236.0
278.0
240.0
256.0
238.0
296.0
352.0
282.0
289.0
274.0
248.0
278.0
296.0
249.0
247.0
267.0
243.0
300.0
239.0
230.0
271.0
295.0
225.0
231.0
282.0
243.0
248.0
320.0
266.0
282.0
236.0
254.0
258.0
257.0
262.0
248.0
275.0
243.0
245.0
246.0
266.0
232.0
263.0
232.0
243.0
272.0
307.0
242.0
245.0
243.0
286.0
