247.0
309.0
304.0
277.0
305.0
307.0
249.0
278.0
298.0
235.0
249.0
283.0
273.0
285.0
299.0
260.0
230.0
267.0
283.0
247.0
258.0
262.0
259.0
274.0
274.0
313.0
273.0
242.0
285.0
263.0
255.0
264.0
331.0
264.0
316.0
289.0
255.0
312.0
240.0
269.0
319.0
296.0
260.0
269.0
289.0
254.0
339.0
279.0
295.0
263.0
246.0
253.0
288.0
293.0
229.0
242.0
226.0
343.0
275.0
286.0
268.0
261.0
254.0
261.0
296.0
311.0
263.0
266.0
287.0
278.0
278.0
275.0
263.0
229.0
263.0
282.0
290.0
254.0
315.0
308.0
276.0
265.0
240.0
266.0
265.0
281.0
297.0
233.0
297.0
261.0
273.0
303.0
271.0
299.0
243.0
301.0
305.0
239.0
232.0
364.0
259.0
291.0
248.0
312.0
289.0
244.0
277.0
295.0
271.0
226.0
290.0
310.0
233.0
301.0
247.0
263.0
273.0
272.0
293.0
214.0
357.0
261.0
263.0
237.0
289.0
298.0
270.0
295.0
266.0
291.0
308.0
308.0
283.0
283.0
336.0
266.0
302.0
248.0
325.0
295.0
271.0
268.0
319.0
277.0
288.0
263.0
272.0
348.0
308.0
284.0
328.0
267.0
233.0
247.0
251.0
256.0
243.0
263.0
283.0
265.0
312.0
287.0
268.0
260.0
259.0
301.0
275.0
260.0
230.0
240.0
265.0
310.0
231.0
307.0
265.0
380.0
299.0
269.0
337.0
266.0
267.0
258.0
312.0
237.0
264.0
244.0
267.0
256.0
285.0
290.0
271.0
268.0
260.0
249.0
265.0
290.0
273.0
295.0
250.0
322.0
