139.0
193.0
153.0
163.0
153.0
152.0
140.0
160.0
201.0
146.0
165.0
157.0
168.0
156.0
177.0
147.0
143.0
231.0
163.0
162.0
162.0
143.0
162.0
217.0
145.0
268.0
154.0
175.0
194.0
156.0
149.0
183.0
173.0
161.0
188.0
195.0
201.0
147.0
183.0
179.0
178.0
154.0
153.0
170.0
155.0
155.0
172.0
129.0
146.0
161.0
177.0
169.0
151.0
167.0
164.0
165.0
171.0
207.0
180.0
162.0
134.0
154.0
164.0
179.0
140.0
218.0
158.0
169.0
203.0
165.0
160.0
154.0
170.0
166.0
202.0
175.0
151.0
157.0
158.0
138.0
167.0
165.0
153.0
183.0
170.0
171.0
132.0
143.0
145.0
149.0
154.0
157.0
177.0
154.0
159.0
175.0
166.0
145.0
160.0
157.0
145.0
170.0
163.0
177.0
157.0
156.0
229.0
164.0
159.0
315.0
161.0
216.0
160.0
152.0
155.0
135.0
178.0
176.0
144.0
147.0
171.0
149.0
206.0
171.0
205.0
162.0
164.0
152.0
162.0
168.0
159.0
179.0
159.0
220.0
143.0
181.0
177.0
271.0
145.0
182.0
179.0
152.0
148.0
145.0
171.0
180.0
174.0
209.0
165.0
192.0
148.0
147.0
167.0
177.0
140.0
151.0
165.0
184.0
137.0
153.0
154.0
150.0
159.0
194.0
155.0
223.0
209.0
195.0
150.0
183.0
167.0
145.0
191.0
224.0
222.0
170.0
155.0
210.0
161.0
151.0
155.0
165.0
144.0
349.0
150.0
152.0
254.0
190.0
154.0
153.0
131.0
160.0
181.0
171.0
147.0
145.0
152.0
217.0
149.0
165.0
