235.0
224.0
250.0
228.0
232.0
257.0
232.0
265.0
253.0
293.0
242.0
267.0
230.0
253.0
266.0
252.0
269.0
244.0
249.0
234.0
291.0
257.0
256.0
238.0
253.0
277.0
258.0
342.0
236.0
257.0
261.0
253.0
265.0
281.0
253.0
232.0
299.0
282.0
252.0
275.0
254.0
380.0
243.0
287.0
235.0
264.0
247.0
229.0
250.0
242.0
237.0
289.0
260.0
259.0
275.0
230.0
238.0
238.0
258.0
264.0
238.0
242.0
263.0
313.0
244.0
248.0
236.0
260.0
222.0
268.0
234.0
273.0
292.0
226.0
253.0
264.0
244.0
274.0
245.0
255.0
274.0
244.0
238.0
240.0
269.0
277.0
307.0
301.0
283.0
253.0
236.0
245.0
281.0
238.0
276.0
261.0
254.0
278.0
244.0
269.0
286.0
277.0
243.0
224.0
264.0
220.0
214.0
281.0
226.0
279.0
229.0
225.0
238.0
243.0
324.0
280.0
224.0
256.0
224.0
243.0
229.0
222.0
256.0
266.0
277.0
252.0
214.0
262.0
268.0
274.0
260.0
301.0
305.0
304.0
314.0
249.0
266.0
272.0
271.0
278.0
255.0
259.0
225.0
224.0
252.0
320.0
256.0
238.0
317.0
285.0
289.0
269.0
258.0
322.0
233.0
299.0
271.0
275.0
247.0
270.0
243.0
264.0
305.0
271.0
312.0
237.0
328.0
251.0
281.0
248.0
311.0
245.0
283.0
224.0
252.0
246.0
272.0
251.0
293.0
271.0
232.0
223.0
246.0
246.0
222.0
273.0
256.0
270.0
242.0
278.0
252.0
283.0
255.0
265.0
237.0
318.0
283.0
253.0
325.0
255.0
