143.0
182.0
163.0
153.0
171.0
157.0
147.0
190.0
160.0
146.0
187.0
143.0
181.0
230.0
153.0
172.0
178.0
145.0
145.0
324.0
173.0
180.0
212.0
152.0
159.0
170.0
131.0
156.0
145.0
167.0
125.0
147.0
166.0
141.0
166.0
145.0
170.0
176.0
189.0
160.0
146.0
163.0
143.0
161.0
156.0
185.0
168.0
165.0
169.0
188.0
191.0
155.0
170.0
159.0
157.0
141.0
168.0
157.0
159.0
179.0
191.0
190.0
183.0
150.0
170.0
154.0
170.0
173.0
151.0
146.0
174.0
263.0
170.0
237.0
139.0
149.0
143.0
134.0
137.0
171.0
232.0
148.0
204.0
151.0
157.0
184.0
141.0
202.0
157.0
158.0
150.0
192.0
147.0
152.0
189.0
177.0
190.0
292.0
253.0
162.0
154.0
153.0
160.0
155.0
143.0
150.0
141.0
160.0
157.0
148.0
173.0
152.0
176.0
172.0
157.0
147.0
162.0
181.0
213.0
158.0
161.0
200.0
153.0
153.0
176.0
156.0
173.0
154.0
170.0
148.0
163.0
145.0
176.0
234.0
183.0
156.0
213.0
157.0
192.0
147.0
193.0
166.0
139.0
164.0
188.0
158.0
212.0
159.0
146.0
172.0
172.0
153.0
204.0
158.0
210.0
151.0
158.0
189.0
149.0
165.0
166.0
152.0
167.0
162.0
229.0
179.0
159.0
157.0
173.0
160.0
226.0
195.0
136.0
191.0
149.0
137.0
158.0
176.0
137.0
196.0
151.0
160.0
146.0
187.0
153.0
145.0
146.0
164.0
239.0
149.0
152.0
193.0
176.0
153.0
193.0
188.0
139.0
202.0
228.0
256.0
