155.0
169.0
170.0
157.0
148.0
182.0
166.0
196.0
224.0
263.0
164.0
158.0
160.0
146.0
294.0
173.0
192.0
127.0
164.0
174.0
151.0
151.0
159.0
163.0
197.0
146.0
168.0
213.0
344.0
163.0
155.0
143.0
156.0
152.0
191.0
153.0
175.0
160.0
161.0
176.0
143.0
138.0
161.0
171.0
211.0
186.0
181.0
169.0
187.0
145.0
225.0
157.0
163.0
165.0
181.0
147.0
179.0
192.0
182.0
208.0
172.0
170.0
168.0
217.0
208.0
179.0
176.0
238.0
152.0
153.0
291.0
191.0
169.0
161.0
190.0
172.0
161.0
174.0
174.0
142.0
168.0
181.0
157.0
147.0
152.0
166.0
146.0
196.0
177.0
215.0
223.0
165.0
166.0
196.0
174.0
147.0
165.0
197.0
206.0
141.0
156.0
194.0
150.0
177.0
164.0
221.0
189.0
215.0
178.0
159.0
173.0
162.0
136.0
145.0
153.0
184.0
168.0
164.0
208.0
208.0
193.0
172.0
196.0
154.0
199.0
198.0
167.0
207.0
202.0
175.0
160.0
188.0
169.0
142.0
185.0
201.0
191.0
183.0
200.0
162.0
170.0
166.0
164.0
173.0
149.0
148.0
168.0
161.0
160.0
190.0
160.0
160.0
140.0
154.0
194.0
158.0
149.0
169.0
198.0
213.0
162.0
204.0
322.0
197.0
153.0
188.0
222.0
197.0
169.0
212.0
192.0
188.0
148.0
194.0
154.0
172.0
154.0
200.0
188.0
270.0
145.0
198.0
171.0
166.0
203.0
198.0
221.0
182.0
183.0
144.0
164.0
184.0
163.0
149.0
194.0
149.0
187.0
171.0
254.0
156.0
