178.0
226.0
152.0
159.0
246.0
198.0
153.0
153.0
170.0
151.0
149.0
269.0
261.0
161.0
175.0
148.0
161.0
196.0
234.0
159.0
189.0
144.0
187.0
158.0
153.0
169.0
168.0
145.0
174.0
258.0
282.0
204.0
188.0
183.0
191.0
156.0
220.0
222.0
153.0
144.0
158.0
176.0
179.0
169.0
185.0
164.0
199.0
192.0
156.0
183.0
163.0
143.0
169.0
147.0
173.0
171.0
153.0
148.0
177.0
170.0
227.0
156.0
181.0
257.0
165.0
171.0
159.0
197.0
167.0
178.0
184.0
247.0
168.0
229.0
177.0
177.0
158.0
165.0
148.0
200.0
241.0
180.0
140.0
167.0
179.0
195.0
183.0
243.0
234.0
176.0
170.0
189.0
222.0
178.0
176.0
195.0
192.0
148.0
159.0
168.0
202.0
155.0
201.0
156.0
169.0
152.0
150.0
140.0
254.0
197.0
163.0
191.0
210.0
175.0
158.0
190.0
153.0
158.0
188.0
169.0
150.0
168.0
201.0
185.0
177.0
176.0
177.0
222.0
164.0
210.0
348.0
295.0
216.0
186.0
162.0
194.0
163.0
170.0
167.0
153.0
168.0
144.0
163.0
245.0
207.0
192.0
222.0
173.0
193.0
154.0
176.0
182.0
199.0
199.0
179.0
245.0
219.0
304.0
209.0
165.0
186.0
185.0
195.0
209.0
262.0
276.0
250.0
178.0
170.0
177.0
172.0
181.0
167.0
181.0
171.0
167.0
177.0
177.0
161.0
155.0
166.0
158.0
193.0
141.0
158.0
179.0
198.0
162.0
202.0
200.0
134.0
185.0
172.0
154.0
158.0
245.0
167.0
205.0
190.0
151.0
