248.0
309.0
245.0
289.0
273.0
297.0
250.0
242.0
230.0
257.0
290.0
271.0
272.0
224.0
250.0
255.0
266.0
287.0
308.0
293.0
279.0
268.0
227.0
274.0
222.0
221.0
250.0
263.0
220.0
233.0
284.0
269.0
236.0
246.0
245.0
237.0
284.0
289.0
299.0
221.0
252.0
236.0
257.0
285.0
226.0
248.0
236.0
230.0
253.0
256.0
272.0
289.0
284.0
248.0
250.0
251.0
270.0
243.0
267.0
258.0
247.0
262.0
257.0
236.0
247.0
256.0
253.0
263.0
225.0
260.0
256.0
245.0
255.0
250.0
252.0
285.0
305.0
279.0
238.0
244.0
255.0
228.0
235.0
266.0
264.0
267.0
286.0
241.0
253.0
242.0
266.0
276.0
293.0
233.0
255.0
278.0
221.0
253.0
256.0
240.0
269.0
232.0
249.0
251.0
242.0
223.0
248.0
229.0
254.0
249.0
240.0
265.0
210.0
254.0
229.0
253.0
255.0
267.0
230.0
274.0
227.0
349.0
226.0
287.0
256.0
265.0
247.0
265.0
255.0
241.0
274.0
242.0
230.0
220.0
240.0
282.0
226.0
290.0
239.0
257.0
229.0
246.0
281.0
255.0
248.0
260.0
238.0
285.0
285.0
269.0
278.0
235.0
248.0
236.0
242.0
249.0
247.0
238.0
272.0
281.0
237.0
287.0
264.0
263.0
284.0
275.0
234.0
242.0
256.0
304.0
250.0
293.0
241.0
310.0
270.0
291.0
240.0
252.0
256.0
264.0
266.0
260.0
246.0
254.0
308.0
235.0
266.0
239.0
242.0
280.0
256.0
225.0
306.0
240.0
252.0
263.0
232.0
235.0
256.0
246.0
