156.0
150.0
140.0
137.0
168.0
171.0
155.0
236.0
164.0
135.0
243.0
148.0
136.0
177.0
154.0
133.0
150.0
145.0
152.0
134.0
156.0
173.0
153.0
146.0
144.0
179.0
156.0
141.0
160.0
160.0
188.0
140.0
148.0
131.0
157.0
140.0
151.0
177.0
151.0
133.0
197.0
169.0
148.0
144.0
149.0
157.0
130.0
134.0
159.0
135.0
141.0
145.0
126.0
129.0
159.0
162.0
135.0
147.0
160.0
158.0
131.0
149.0
142.0
152.0
140.0
162.0
167.0
129.0
153.0
165.0
196.0
140.0
176.0
157.0
162.0
159.0
205.0
147.0
142.0
168.0
168.0
135.0
136.0
152.0
160.0
176.0
147.0
144.0
258.0
128.0
151.0
141.0
174.0
176.0
151.0
185.0
154.0
138.0
149.0
155.0
169.0
165.0
147.0
143.0
147.0
144.0
129.0
140.0
159.0
148.0
163.0
147.0
146.0
186.0
129.0
151.0
145.0
130.0
173.0
173.0
165.0
147.0
153.0
167.0
281.0
162.0
143.0
143.0
136.0
129.0
143.0
143.0
204.0
154.0
139.0
181.0
133.0
155.0
123.0
136.0
160.0
142.0
143.0
137.0
133.0
139.0
148.0
169.0
157.0
131.0
174.0
150.0
168.0
156.0
149.0
143.0
154.0
144.0
173.0
159.0
157.0
188.0
153.0
156.0
160.0
152.0
179.0
156.0
155.0
136.0
169.0
139.0
154.0
140.0
185.0
142.0
169.0
144.0
152.0
150.0
141.0
165.0
209.0
146.0
170.0
156.0
180.0
171.0
150.0
141.0
163.0
126.0
149.0
154.0
152.0
166.0
154.0
175.0
177.0
135.0
