382.0
367.0
362.0
415.0
615.0
569.0
557.0
631.0
599.0
708.0
726.0
627.0
588.0
597.0
573.0
609.0
666.0
773.0
689.0
799.0
814.0
835.0
760.0
757.0
778.0
744.0
954.0
826.0
823.0
923.0
896.0
791.0
765.0
808.0
786.0
799.0
809.0
911.0
699.0
749.0
820.0
916.0
830.0
746.0
739.0
760.0
767.0
859.0
772.0
785.0
794.0
778.0
815.0
813.0
825.0
677.0
898.0
814.0
881.0
887.0
843.0
780.0
823.0
792.0
858.0
882.0
871.0
745.0
757.0
764.0
825.0
938.0
824.0
758.0
830.0
849.0
812.0
757.0
906.0
757.0
723.0
848.0
889.0
749.0
674.0
912.0
790.0
815.0
764.0
746.0
816.0
687.0
814.0
800.0
859.0
849.0
831.0
937.0
728.0
871.0
829.0
771.0
734.0
731.0
812.0
824.0
1034.0
827.0
760.0
762.0
771.0
788.0
879.0
927.0
766.0
721.0
808.0
802.0
852.0
752.0
832.0
671.0
699.0
745.0
858.0
758.0
744.0
845.0
811.0
794.0
807.0
862.0
889.0
750.0
727.0
818.0
695.0
719.0
833.0
819.0
804.0
871.0
721.0
741.0
919.0
837.0
804.0
684.0
730.0
762.0
724.0
907.0
859.0
796.0
731.0
860.0
686.0
833.0
861.0
861.0
821.0
769.0
804.0
814.0
746.0
676.0
735.0
840.0
850.0
848.0
783.0
791.0
783.0
765.0
791.0
824.0
755.0
752.0
726.0
867.0
1047.0
742.0
882.0
712.0
799.0
774.0
814.0
988.0
727.0
800.0
854.0
778.0
769.0
820.0
836.0
718.0
776.0
840.0
852.0
767.0
