674.0
726.0
791.0
748.0
734.0
890.0
824.0
754.0
748.0
809.0
778.0
997.0
719.0
739.0
779.0
865.0
729.0
686.0
795.0
851.0
882.0
759.0
991.0
734.0
719.0
981.0
843.0
736.0
751.0
733.0
758.0
822.0
884.0
841.0
751.0
928.0
892.0
850.0
832.0
867.0
692.0
844.0
797.0
786.0
662.0
755.0
787.0
817.0
729.0
777.0
826.0
791.0
765.0
734.0
845.0
1024.0
727.0
833.0
838.0
874.0
942.0
821.0
995.0
919.0
707.0
723.0
799.0
937.0
984.0
722.0
886.0
810.0
815.0
882.0
765.0
722.0
735.0
816.0
791.0
930.0
845.0
786.0
715.0
879.0
950.0
740.0
727.0
846.0
767.0
886.0
861.0
849.0
802.0
659.0
786.0
859.0
687.0
898.0
842.0
796.0
829.0
810.0
831.0
778.0
833.0
810.0
844.0
794.0
720.0
711.0
966.0
845.0
1047.0
686.0
763.0
811.0
760.0
816.0
749.0
760.0
809.0
763.0
905.0
790.0
750.0
865.0
847.0
732.0
891.0
792.0
860.0
800.0
712.0
985.0
775.0
716.0
845.0
676.0
752.0
730.0
807.0
682.0
863.0
839.0
751.0
716.0
848.0
794.0
823.0
885.0
773.0
901.0
641.0
760.0
736.0
877.0
818.0
920.0
761.0
804.0
826.0
788.0
750.0
864.0
841.0
878.0
674.0
758.0
735.0
766.0
814.0
748.0
716.0
849.0
774.0
780.0
826.0
770.0
818.0
886.0
816.0
793.0
824.0
845.0
850.0
766.0
856.0
760.0
766.0
648.0
953.0
858.0
968.0
825.0
860.0
736.0
773.0
774.0
975.0
856.0
