259.0
270.0
244.0
262.0
263.0
236.0
229.0
273.0
259.0
245.0
282.0
282.0
286.0
234.0
310.0
257.0
267.0
303.0
257.0
283.0
274.0
290.0
256.0
245.0
297.0
256.0
264.0
270.0
275.0
292.0
332.0
286.0
286.0
261.0
294.0
299.0
311.0
246.0
241.0
304.0
256.0
260.0
232.0
214.0
301.0
225.0
242.0
253.0
349.0
240.0
292.0
239.0
266.0
244.0
268.0
254.0
237.0
277.0
230.0
290.0
254.0
265.0
278.0
224.0
302.0
255.0
301.0
313.0
258.0
251.0
291.0
290.0
253.0
289.0
247.0
310.0
310.0
257.0
257.0
283.0
255.0
230.0
268.0
233.0
248.0
292.0
319.0
252.0
253.0
230.0
255.0
254.0
264.0
276.0
257.0
252.0
265.0
234.0
268.0
291.0
247.0
263.0
236.0
234.0
267.0
265.0
258.0
258.0
268.0
269.0
259.0
262.0
246.0
246.0
335.0
319.0
284.0
255.0
259.0
270.0
264.0
253.0
267.0
297.0
244.0
285.0
271.0
236.0
245.0
250.0
291.0
347.0
247.0
317.0
264.0
292.0
246.0
237.0
225.0
268.0
261.0
327.0
284.0
255.0
257.0
278.0
307.0
250.0
246.0
251.0
249.0
250.0
278.0
331.0
319.0
290.0
245.0
334.0
258.0
252.0
276.0
252.0
269.0
306.0
258.0
269.0
246.0
274.0
347.0
245.0
222.0
288.0
267.0
284.0
271.0
277.0
233.0
265.0
267.0
244.0
237.0
244.0
275.0
290.0
288.0
241.0
251.0
272.0
263.0
304.0
276.0
248.0
273.0
255.0
256.0
280.0
253.0
269.0
266.0
264.0
