220.0
208.0
185.0
167.0
211.0
204.0
248.0
175.0
166.0
228.0
204.0
171.0
180.0
283.0
188.0
164.0
182.0
173.0
267.0
192.0
187.0
213.0
152.0
194.0
215.0
428.0
379.0
312.0
259.0
204.0
156.0
165.0
171.0
180.0
180.0
185.0
186.0
168.0
163.0
172.0
202.0
265.0
289.0
176.0
186.0
172.0
177.0
248.0
216.0
197.0
208.0
234.0
239.0
175.0
162.0
157.0
206.0
187.0
179.0
171.0
183.0
268.0
211.0
167.0
222.0
163.0
167.0
222.0
247.0
216.0
180.0
256.0
216.0
197.0
195.0
215.0
158.0
179.0
196.0
176.0
223.0
220.0
191.0
174.0
172.0
191.0
295.0
255.0
213.0
212.0
192.0
227.0
192.0
165.0
173.0
235.0
177.0
188.0
189.0
310.0
236.0
214.0
162.0
189.0
208.0
233.0
213.0
237.0
157.0
238.0
196.0
218.0
162.0
175.0
243.0
232.0
302.0
308.0
267.0
236.0
303.0
254.0
182.0
154.0
204.0
182.0
182.0
192.0
192.0
170.0
156.0
215.0
212.0
174.0
202.0
163.0
192.0
158.0
165.0
180.0
267.0
192.0
144.0
163.0
171.0
151.0
161.0
144.0
210.0
203.0
191.0
223.0
195.0
199.0
185.0
178.0
219.0
308.0
270.0
256.0
229.0
263.0
329.0
335.0
212.0
186.0
214.0
190.0
180.0
174.0
212.0
187.0
210.0
164.0
179.0
227.0
153.0
195.0
217.0
179.0
185.0
181.0
163.0
234.0
156.0
154.0
174.0
163.0
171.0
176.0
225.0
190.0
159.0
216.0
183.0
171.0
252.0
196.0
185.0
227.0
