162.0
177.0
154.0
145.0
149.0
160.0
158.0
147.0
154.0
203.0
169.0
145.0
168.0
189.0
180.0
178.0
197.0
281.0
253.0
188.0
192.0
141.0
179.0
173.0
146.0
159.0
168.0
194.0
183.0
205.0
200.0
153.0
165.0
150.0
137.0
150.0
197.0
155.0
166.0
165.0
172.0
155.0
245.0
161.0
163.0
204.0
149.0
179.0
157.0
183.0
161.0
177.0
223.0
183.0
186.0
141.0
186.0
159.0
174.0
164.0
227.0
233.0
168.0
198.0
137.0
262.0
158.0
211.0
146.0
167.0
158.0
171.0
177.0
170.0
177.0
159.0
165.0
146.0
205.0
166.0
166.0
189.0
137.0
142.0
215.0
162.0
312.0
248.0
161.0
148.0
166.0
162.0
157.0
151.0
161.0
161.0
159.0
192.0
162.0
162.0
174.0
215.0
174.0
191.0
245.0
173.0
214.0
168.0
179.0
157.0
188.0
148.0
166.0
151.0
170.0
160.0
155.0
133.0
200.0
191.0
214.0
162.0
198.0
170.0
149.0
161.0
173.0
153.0
165.0
140.0
187.0
152.0
150.0
205.0
163.0
138.0
152.0
165.0
212.0
171.0
193.0
147.0
171.0
143.0
161.0
141.0
248.0
132.0
155.0
148.0
165.0
181.0
151.0
171.0
174.0
180.0
156.0
137.0
195.0
148.0
202.0
149.0
164.0
214.0
148.0
199.0
150.0
167.0
146.0
183.0
140.0
162.0
144.0
154.0
181.0
152.0
171.0
198.0
144.0
194.0
166.0
153.0
178.0
247.0
199.0
245.0
164.0
148.0
203.0
161.0
274.0
181.0
176.0
154.0
133.0
158.0
197.0
152.0
183.0
284.0
