221.0
145.0
388.0
162.0
137.0
160.0
138.0
166.0
156.0
135.0
176.0
162.0
172.0
179.0
195.0
177.0
147.0
254.0
174.0
183.0
211.0
149.0
146.0
150.0
142.0
148.0
129.0
177.0
212.0
153.0
154.0
160.0
169.0
169.0
174.0
177.0
142.0
187.0
156.0
160.0
159.0
194.0
162.0
243.0
155.0
146.0
175.0
143.0
169.0
139.0
140.0
151.0
176.0
139.0
178.0
185.0
165.0
151.0
151.0
170.0
222.0
163.0
164.0
214.0
165.0
182.0
202.0
168.0
205.0
149.0
186.0
154.0
154.0
165.0
157.0
160.0
154.0
254.0
174.0
257.0
189.0
193.0
160.0
164.0
210.0
174.0
165.0
175.0
162.0
177.0
155.0
181.0
182.0
177.0
162.0
145.0
195.0
153.0
156.0
184.0
166.0
149.0
144.0
223.0
163.0
161.0
184.0
207.0
171.0
149.0
136.0
154.0
147.0
166.0
150.0
165.0
165.0
161.0
189.0
161.0
185.0
176.0
176.0
177.0
155.0
152.0
163.0
159.0
160.0
243.0
131.0
143.0
175.0
147.0
149.0
174.0
169.0
185.0
163.0
160.0
164.0
147.0
163.0
140.0
168.0
146.0
165.0
140.0
164.0
157.0
175.0
222.0
178.0
199.0
149.0
165.0
152.0
168.0
136.0
167.0
160.0
156.0
144.0
179.0
162.0
197.0
194.0
191.0
173.0
138.0
159.0
164.0
171.0
149.0
178.0
169.0
198.0
159.0
145.0
164.0
175.0
200.0
256.0
189.0
166.0
144.0
186.0
172.0
144.0
143.0
220.0
153.0
197.0
131.0
177.0
180.0
179.0
178.0
174.0
166.0
