241.0
242.0
266.0
323.0
284.0
242.0
291.0
284.0
249.0
238.0
289.0
249.0
265.0
264.0
241.0
219.0
312.0
249.0
291.0
276.0
324.0
293.0
249.0
259.0
249.0
290.0
236.0
272.0
245.0
235.0
279.0
235.0
255.0
252.0
243.0
283.0
275.0
307.0
274.0
277.0
261.0
239.0
238.0
252.0
280.0
276.0
252.0
430.0
230.0
254.0
280.0
270.0
333.0
340.0
313.0
267.0
269.0
307.0
268.0
240.0
292.0
262.0
265.0
252.0
246.0
283.0
243.0
242.0
287.0
238.0
322.0
276.0
280.0
213.0
288.0
286.0
259.0
280.0
223.0
319.0
262.0
277.0
226.0
294.0
274.0
257.0
272.0
265.0
259.0
273.0
341.0
227.0
281.0
255.0
250.0
227.0
284.0
291.0
412.0
245.0
320.0
249.0
249.0
296.0
286.0
286.0
272.0
277.0
301.0
248.0
285.0
228.0
282.0
253.0
301.0
221.0
243.0
257.0
240.0
250.0
253.0
293.0
276.0
228.0
304.0
280.0
303.0
301.0
229.0
239.0
268.0
287.0
259.0
291.0
323.0
288.0
273.0
250.0
277.0
271.0
248.0
262.0
261.0
231.0
267.0
258.0
250.0
308.0
276.0
242.0
249.0
245.0
287.0
251.0
279.0
331.0
252.0
296.0
310.0
249.0
264.0
257.0
258.0
293.0
295.0
228.0
282.0
249.0
255.0
213.0
233.0
261.0
259.0
264.0
232.0
307.0
261.0
279.0
276.0
263.0
262.0
281.0
283.0
301.0
269.0
251.0
238.0
298.0
275.0
261.0
226.0
242.0
242.0
290.0
254.0
260.0
274.0
265.0
249.0
293.0
