234.0
270.0
212.0
232.0
225.0
256.0
281.0
287.0
251.0
293.0
261.0
226.0
209.0
247.0
258.0
307.0
260.0
214.0
233.0
267.0
267.0
236.0
254.0
223.0
311.0
247.0
230.0
304.0
257.0
240.0
298.0
241.0
243.0
200.0
277.0
242.0
232.0
254.0
261.0
210.0
227.0
280.0
253.0
278.0
265.0
259.0
270.0
269.0
269.0
299.0
263.0
256.0
242.0
231.0
270.0
229.0
219.0
283.0
246.0
302.0
308.0
254.0
252.0
214.0
255.0
264.0
225.0
233.0
249.0
245.0
226.0
258.0
227.0
248.0
344.0
258.0
245.0
227.0
250.0
251.0
237.0
282.0
242.0
254.0
280.0
279.0
252.0
256.0
262.0
285.0
258.0
259.0
235.0
255.0
262.0
275.0
252.0
236.0
261.0
257.0
270.0
243.0
212.0
291.0
249.0
281.0
248.0
255.0
270.0
243.0
280.0
235.0
241.0
308.0
249.0
254.0
275.0
308.0
246.0
266.0
240.0
264.0
279.0
267.0
312.0
328.0
260.0
210.0
252.0
226.0
255.0
333.0
243.0
219.0
296.0
341.0
250.0
274.0
232.0
229.0
249.0
289.0
295.0
254.0
254.0
234.0
278.0
271.0
262.0
248.0
227.0
226.0
216.0
272.0
210.0
284.0
236.0
253.0
254.0
274.0
270.0
247.0
229.0
243.0
261.0
240.0
261.0
236.0
229.0
294.0
311.0
303.0
275.0
213.0
246.0
252.0
254.0
265.0
240.0
269.0
257.0
259.0
263.0
296.0
270.0
272.0
258.0
253.0
253.0
289.0
257.0
244.0
279.0
250.0
232.0
258.0
303.0
272.0
261.0
280.0
