269.0
259.0
246.0
282.0
249.0
293.0
257.0
242.0
251.0
254.0
257.0
275.0
259.0
253.0
285.0
249.0
253.0
271.0
249.0
279.0
243.0
232.0
276.0
289.0
332.0
275.0
279.0
265.0
238.0
247.0
293.0
239.0
279.0
292.0
258.0
256.0
260.0
317.0
261.0
315.0
274.0
284.0
220.0
277.0
278.0
278.0
285.0
263.0
274.0
281.0
251.0
286.0
272.0
271.0
277.0
295.0
297.0
265.0
279.0
240.0
293.0
259.0
281.0
311.0
277.0
314.0
352.0
332.0
300.0
334.0
250.0
258.0
232.0
342.0
240.0
267.0
250.0
282.0
272.0
284.0
302.0
296.0
253.0
266.0
272.0
258.0
258.0
231.0
293.0
294.0
249.0
330.0
289.0
267.0
282.0
289.0
296.0
263.0
315.0
249.0
256.0
249.0
279.0
267.0
281.0
250.0
250.0
220.0
297.0
270.0
276.0
264.0
252.0
238.0
260.0
311.0
240.0
252.0
263.0
269.0
273.0
349.0
324.0
249.0
287.0
265.0
303.0
270.0
260.0
250.0
293.0
302.0
295.0
286.0
282.0
273.0
323.0
359.0
257.0
236.0
290.0
267.0
281.0
311.0
241.0
279.0
322.0
290.0
319.0
282.0
341.0
262.0
293.0
286.0
274.0
260.0
269.0
267.0
280.0
262.0
266.0
251.0
278.0
426.0
256.0
309.0
287.0
257.0
262.0
323.0
234.0
304.0
300.0
257.0
356.0
281.0
264.0
262.0
276.0
262.0
291.0
242.0
269.0
286.0
277.0
231.0
226.0
253.0
252.0
266.0
297.0
322.0
271.0
265.0
346.0
299.0
237.0
282.0
355.0
329.0
