638.0
662.0
677.0
806.0
771.0
726.0
808.0
782.0
784.0
763.0
804.0
804.0
807.0
757.0
749.0
854.0
801.0
725.0
811.0
771.0
951.0
844.0
819.0
795.0
790.0
934.0
949.0
700.0
716.0
776.0
872.0
792.0
923.0
1041.0
769.0
913.0
731.0
818.0
1005.0
790.0
903.0
816.0
841.0
896.0
824.0
756.0
760.0
873.0
737.0
797.0
786.0
770.0
828.0
903.0
704.0
792.0
779.0
837.0
922.0
794.0
829.0
893.0
753.0
799.0
710.0
823.0
824.0
853.0
770.0
832.0
836.0
888.0
709.0
780.0
693.0
825.0
753.0
746.0
933.0
823.0
913.0
719.0
718.0
818.0
768.0
674.0
869.0
917.0
664.0
732.0
831.0
856.0
643.0
755.0
867.0
868.0
773.0
713.0
841.0
838.0
806.0
857.0
973.0
817.0
842.0
758.0
850.0
747.0
848.0
1079.0
830.0
809.0
887.0
804.0
910.0
780.0
816.0
818.0
789.0
833.0
778.0
853.0
726.0
745.0
749.0
930.0
858.0
785.0
793.0
765.0
895.0
815.0
803.0
716.0
937.0
774.0
670.0
774.0
832.0
819.0
808.0
896.0
872.0
818.0
767.0
810.0
679.0
756.0
777.0
760.0
814.0
858.0
789.0
767.0
830.0
798.0
741.0
762.0
812.0
813.0
792.0
698.0
810.0
801.0
845.0
971.0
753.0
741.0
903.0
855.0
808.0
771.0
748.0
777.0
773.0
797.0
833.0
908.0
739.0
985.0
828.0
748.0
718.0
753.0
970.0
809.0
832.0
761.0
731.0
767.0
759.0
778.0
863.0
764.0
759.0
735.0
829.0
814.0
921.0
885.0
