297.0
289.0
292.0
234.0
260.0
303.0
242.0
255.0
233.0
259.0
256.0
271.0
268.0
272.0
256.0
329.0
253.0
283.0
263.0
336.0
292.0
274.0
298.0
275.0
226.0
291.0
256.0
238.0
230.0
288.0
256.0
266.0
240.0
250.0
237.0
240.0
229.0
274.0
244.0
232.0
237.0
225.0
264.0
238.0
289.0
250.0
238.0
254.0
262.0
209.0
244.0
277.0
258.0
298.0
277.0
260.0
250.0
312.0
234.0
276.0
230.0
280.0
300.0
221.0
291.0
264.0
270.0
233.0
220.0
289.0
272.0
264.0
225.0
249.0
244.0
249.0
227.0
232.0
275.0
277.0
215.0
222.0
268.0
260.0
277.0
263.0
233.0
265.0
245.0
293.0
259.0
233.0
266.0
237.0
289.0
269.0
315.0
255.0
266.0
261.0
287.0
271.0
290.0
272.0
246.0
255.0
258.0
250.0
265.0
282.0
242.0
275.0
271.0
214.0
291.0
277.0
256.0
246.0
300.0
232.0
274.0
249.0
292.0
240.0
296.0
239.0
268.0
256.0
259.0
244.0
253.0
227.0
238.0
262.0
278.0
268.0
281.0
266.0
240.0
274.0
226.0
269.0
253.0
313.0
260.0
228.0
237.0
276.0
319.0
309.0
240.0
295.0
237.0
292.0
244.0
291.0
247.0
320.0
266.0
265.0
242.0
256.0
259.0
267.0
353.0
228.0
241.0
260.0
233.0
315.0
267.0
239.0
308.0
274.0
267.0
257.0
288.0
252.0
258.0
264.0
229.0
270.0
250.0
277.0
298.0
253.0
312.0
277.0
273.0
269.0
242.0
267.0
270.0
266.0
272.0
251.0
249.0
242.0
242.0
257.0
