290.0
346.0
308.0
327.0
237.0
320.0
263.0
282.0
245.0
280.0
300.0
256.0
251.0
300.0
357.0
250.0
242.0
235.0
261.0
231.0
263.0
269.0
279.0
277.0
265.0
345.0
263.0
272.0
225.0
279.0
224.0
272.0
268.0
296.0
257.0
296.0
229.0
264.0
239.0
315.0
340.0
269.0
308.0
307.0
295.0
273.0
232.0
343.0
305.0
264.0
269.0
279.0
298.0
269.0
242.0
255.0
274.0
286.0
307.0
274.0
273.0
254.0
229.0
255.0
291.0
274.0
267.0
272.0
248.0
253.0
287.0
329.0
266.0
292.0
255.0
262.0
272.0
304.0
243.0
245.0
275.0
272.0
293.0
249.0
255.0
296.0
310.0
333.0
240.0
230.0
308.0
282.0
276.0
274.0
262.0
295.0
297.0
266.0
264.0
258.0
270.0
232.0
248.0
255.0
293.0
236.0
318.0
272.0
248.0
263.0
271.0
275.0
287.0
249.0
233.0
229.0
283.0
261.0
307.0
236.0
292.0
315.0
219.0
251.0
255.0
280.0
250.0
267.0
242.0
312.0
277.0
273.0
259.0
242.0
276.0
279.0
312.0
286.0
250.0
239.0
248.0
271.0
283.0
252.0
258.0
234.0
249.0
257.0
242.0
270.0
244.0
271.0
307.0
262.0
268.0
247.0
312.0
283.0
226.0
252.0
328.0
234.0
272.0
263.0
282.0
241.0
264.0
240.0
218.0
225.0
266.0
251.0
313.0
277.0
270.0
305.0
246.0
242.0
343.0
239.0
249.0
258.0
270.0
300.0
280.0
280.0
315.0
248.0
270.0
288.0
253.0
314.0
283.0
259.0
228.0
272.0
328.0
264.0
261.0
267.0
