284.0
230.0
281.0
251.0
271.0
259.0
265.0
254.0
288.0
283.0
229.0
264.0
251.0
275.0
219.0
260.0
234.0
224.0
240.0
247.0
253.0
254.0
221.0
289.0
266.0
230.0
258.0
261.0
277.0
240.0
239.0
236.0
244.0
256.0
248.0
263.0
281.0
251.0
257.0
226.0
287.0
253.0
251.0
247.0
292.0
290.0
340.0
264.0
264.0
245.0
264.0
340.0
233.0
229.0
261.0
259.0
259.0
214.0
218.0
223.0
276.0
267.0
288.0
260.0
254.0
262.0
216.0
230.0
231.0
314.0
233.0
276.0
262.0
261.0
269.0
318.0
244.0
244.0
245.0
241.0
221.0
233.0
254.0
230.0
287.0
262.0
260.0
251.0
249.0
236.0
242.0
221.0
276.0
278.0
254.0
239.0
251.0
252.0
214.0
296.0
244.0
263.0
253.0
260.0
256.0
277.0
209.0
283.0
274.0
239.0
252.0
241.0
208.0
264.0
231.0
256.0
275.0
255.0
255.0
249.0
248.0
257.0
265.0
247.0
293.0
242.0
271.0
288.0
251.0
264.0
288.0
286.0
273.0
234.0
273.0
246.0
226.0
252.0
240.0
298.0
253.0
253.0
271.0
260.0
242.0
226.0
249.0
275.0
268.0
258.0
227.0
224.0
262.0
256.0
267.0
268.0
264.0
255.0
260.0
281.0
218.0
280.0
269.0
232.0
256.0
256.0
246.0
256.0
237.0
236.0
260.0
240.0
257.0
343.0
253.0
227.0
260.0
252.0
254.0
243.0
237.0
317.0
263.0
272.0
276.0
310.0
280.0
289.0
253.0
239.0
233.0
232.0
246.0
257.0
300.0
239.0
249.0
248.0
275.0
235.0
