264.0
273.0
267.0
268.0
294.0
248.0
236.0
273.0
245.0
232.0
263.0
234.0
280.0
302.0
271.0
274.0
312.0
324.0
283.0
272.0
250.0
262.0
250.0
259.0
237.0
274.0
284.0
303.0
255.0
238.0
280.0
294.0
237.0
237.0
291.0
254.0
269.0
268.0
286.0
239.0
302.0
302.0
264.0
281.0
233.0
244.0
272.0
274.0
237.0
252.0
246.0
257.0
227.0
276.0
288.0
271.0
243.0
246.0
237.0
245.0
253.0
263.0
253.0
249.0
290.0
232.0
271.0
268.0
240.0
288.0
231.0
245.0
245.0
306.0
320.0
255.0
226.0
259.0
276.0
243.0
259.0
245.0
272.0
251.0
286.0
256.0
259.0
324.0
259.0
292.0
288.0
277.0
259.0
267.0
261.0
267.0
266.0
243.0
282.0
265.0
238.0
302.0
263.0
312.0
252.0
301.0
241.0
245.0
233.0
278.0
354.0
289.0
242.0
272.0
294.0
238.0
284.0
258.0
257.0
264.0
243.0
323.0
291.0
274.0
268.0
247.0
268.0
253.0
248.0
249.0
259.0
291.0
233.0
242.0
277.0
286.0
282.0
269.0
285.0
285.0
287.0
248.0
318.0
277.0
232.0
249.0
253.0
285.0
263.0
263.0
288.0
282.0
241.0
265.0
289.0
305.0
295.0
285.0
291.0
291.0
265.0
269.0
244.0
303.0
268.0
262.0
317.0
233.0
264.0
246.0
300.0
255.0
238.0
232.0
227.0
252.0
273.0
212.0
247.0
243.0
259.0
270.0
258.0
238.0
250.0
290.0
240.0
283.0
353.0
230.0
233.0
296.0
278.0
234.0
298.0
271.0
259.0
250.0
258.0
240.0
