225.0
286.0
375.0
308.0
342.0
376.0
394.0
417.0
409.0
445.0
405.0
463.0
471.0
419.0
353.0
310.0
293.0
176.0
218.0
196.0
410.0
344.0
361.0
326.0
452.0
499.0
517.0
500.0
588.0
586.0
438.0
412.0
426.0
377.0
354.0
371.0
363.0
349.0
463.0
488.0
539.0
676.0
702.0
693.0
715.0
657.0
640.0
588.0
546.0
543.0
505.0
479.0
480.0
448.0
385.0
432.0
354.0
309.0
298.0
305.0
221.0
249.0
208.0
166.0
230.0
182.0
180.0
155.0
276.0
329.0
307.0
292.0
276.0
242.0
232.0
158.0
187.0
172.0
256.0
242.0
192.0
264.0
198.0
253.0
287.0
299.0
262.0
243.0
329.0
250.0
223.0
159.0
192.0
236.0
216.0
181.0
155.0
209.0
256.0
224.0
282.0
233.0
263.0
296.0
358.0
361.0
383.0
376.0
375.0
362.0
358.0
283.0
280.0
241.0
218.0
201.0
236.0
224.0
196.0
375.0
409.0
428.0
420.0
421.0
380.0
441.0
525.0
537.0
503.0
575.0
451.0
439.0
538.0
594.0
760.0
683.0
728.0
738.0
885.0
870.0
846.0
858.0
922.0
857.0
805.0
859.0
865.0
862.0
747.0
786.0
727.0
817.0
772.0
726.0
904.0
750.0
678.0
841.0
824.0
803.0
708.0
728.0
633.0
768.0
755.0
726.0
788.0
727.0
760.0
773.0
759.0
744.0
808.0
744.0
670.0
862.0
690.0
647.0
655.0
663.0
712.0
670.0
606.0
668.0
767.0
599.0
477.0
513.0
488.0
514.0
413.0
407.0
372.0
329.0
337.0
317.0
322.0
262.0
209.0
264.0
