286.0
318.0
282.0
182.0
241.0
220.0
242.0
220.0
224.0
226.0
186.0
185.0
255.0
261.0
271.0
211.0
292.0
297.0
331.0
389.0
509.0
524.0
541.0
512.0
548.0
608.0
747.0
704.0
747.0
679.0
794.0
745.0
812.0
695.0
746.0
759.0
906.0
987.0
829.0
789.0
800.0
789.0
1041.0
830.0
822.0
750.0
745.0
915.0
769.0
799.0
845.0
774.0
793.0
735.0
766.0
812.0
694.0
707.0
897.0
708.0
894.0
793.0
852.0
805.0
864.0
804.0
850.0
885.0
874.0
834.0
868.0
846.0
892.0
828.0
784.0
814.0
793.0
872.0
845.0
865.0
1010.0
853.0
744.0
860.0
825.0
719.0
846.0
924.0
769.0
838.0
754.0
703.0
822.0
845.0
765.0
868.0
676.0
811.0
896.0
838.0
818.0
800.0
741.0
786.0
730.0
782.0
740.0
875.0
710.0
823.0
681.0
757.0
752.0
881.0
740.0
873.0
867.0
747.0
753.0
758.0
772.0
846.0
800.0
877.0
767.0
824.0
816.0
757.0
679.0
783.0
773.0
778.0
749.0
775.0
845.0
672.0
717.0
774.0
711.0
799.0
774.0
747.0
766.0
747.0
777.0
789.0
829.0
781.0
860.0
879.0
878.0
738.0
818.0
853.0
748.0
860.0
793.0
842.0
934.0
754.0
886.0
871.0
875.0
879.0
845.0
814.0
769.0
748.0
798.0
787.0
830.0
920.0
741.0
836.0
848.0
809.0
677.0
707.0
763.0
741.0
923.0
683.0
707.0
743.0
760.0
722.0
729.0
682.0
732.0
872.0
848.0
739.0
763.0
741.0
849.0
1124.0
900.0
748.0
842.0
991.0
