135.0
163.0
171.0
137.0
150.0
164.0
122.0
153.0
161.0
162.0
143.0
157.0
173.0
129.0
143.0
145.0
146.0
116.0
149.0
124.0
162.0
171.0
154.0
156.0
154.0
134.0
137.0
142.0
252.0
140.0
149.0
154.0
172.0
148.0
157.0
150.0
161.0
144.0
131.0
146.0
158.0
144.0
150.0
182.0
144.0
155.0
146.0
159.0
154.0
140.0
149.0
151.0
163.0
159.0
133.0
133.0
145.0
152.0
148.0
156.0
157.0
145.0
169.0
178.0
157.0
163.0
160.0
140.0
154.0
162.0
151.0
160.0
161.0
160.0
201.0
137.0
190.0
179.0
144.0
156.0
167.0
165.0
177.0
143.0
166.0
145.0
151.0
138.0
186.0
167.0
158.0
150.0
167.0
159.0
138.0
182.0
148.0
162.0
137.0
161.0
161.0
160.0
177.0
135.0
158.0
149.0
137.0
174.0
189.0
151.0
147.0
171.0
190.0
158.0
133.0
142.0
165.0
138.0
167.0
148.0
157.0
137.0
155.0
138.0
174.0
169.0
123.0
138.0
145.0
144.0
155.0
144.0
154.0
132.0
207.0
138.0
136.0
155.0
158.0
144.0
149.0
158.0
158.0
123.0
164.0
126.0
146.0
126.0
167.0
148.0
161.0
156.0
153.0
148.0
143.0
154.0
128.0
158.0
154.0
147.0
151.0
140.0
168.0
153.0
149.0
155.0
141.0
181.0
141.0
169.0
161.0
172.0
166.0
167.0
165.0
165.0
156.0
180.0
126.0
144.0
165.0
153.0
140.0
144.0
136.0
137.0
138.0
151.0
179.0
154.0
167.0
154.0
177.0
128.0
136.0
156.0
147.0
152.0
138.0
163.0
