228.0
231.0
346.0
270.0
254.0
249.0
285.0
236.0
253.0
265.0
275.0
261.0
256.0
257.0
250.0
243.0
241.0
248.0
278.0
306.0
259.0
269.0
317.0
299.0
268.0
224.0
308.0
226.0
268.0
268.0
219.0
230.0
243.0
284.0
225.0
265.0
329.0
242.0
241.0
226.0
297.0
253.0
287.0
237.0
311.0
261.0
259.0
227.0
247.0
277.0
223.0
249.0
233.0
265.0
234.0
302.0
287.0
250.0
225.0
239.0
255.0
257.0
239.0
312.0
314.0
233.0
282.0
285.0
283.0
246.0
271.0
243.0
271.0
250.0
270.0
276.0
248.0
232.0
247.0
277.0
296.0
229.0
256.0
299.0
210.0
232.0
282.0
251.0
263.0
230.0
257.0
284.0
276.0
282.0
312.0
286.0
242.0
263.0
246.0
275.0
251.0
279.0
299.0
297.0
312.0
262.0
294.0
252.0
291.0
259.0
240.0
230.0
234.0
267.0
276.0
293.0
266.0
266.0
296.0
247.0
258.0
240.0
268.0
278.0
244.0
299.0
259.0
265.0
276.0
239.0
243.0
259.0
230.0
276.0
248.0
265.0
263.0
246.0
243.0
245.0
232.0
254.0
277.0
314.0
237.0
248.0
252.0
324.0
261.0
243.0
267.0
236.0
254.0
271.0
266.0
263.0
295.0
264.0
248.0
314.0
267.0
257.0
319.0
282.0
278.0
246.0
230.0
260.0
265.0
329.0
286.0
284.0
274.0
281.0
308.0
271.0
268.0
237.0
249.0
255.0
275.0
251.0
256.0
344.0
278.0
222.0
292.0
269.0
255.0
258.0
263.0
299.0
232.0
263.0
276.0
290.0
318.0
283.0
279.0
273.0
