224.0
278.0
176.0
170.0
256.0
262.0
214.0
173.0
200.0
194.0
237.0
216.0
335.0
221.0
201.0
166.0
171.0
159.0
247.0
211.0
207.0
154.0
257.0
207.0
185.0
215.0
165.0
183.0
212.0
171.0
168.0
165.0
228.0
194.0
205.0
160.0
161.0
259.0
210.0
183.0
186.0
192.0
226.0
181.0
155.0
181.0
193.0
207.0
224.0
267.0
275.0
243.0
208.0
193.0
167.0
180.0
211.0
203.0
233.0
272.0
207.0
161.0
187.0
187.0
169.0
200.0
190.0
223.0
156.0
170.0
183.0
218.0
199.0
150.0
201.0
196.0
179.0
204.0
232.0
198.0
216.0
165.0
207.0
164.0
191.0
175.0
250.0
188.0
199.0
182.0
237.0
251.0
199.0
181.0
242.0
361.0
300.0
286.0
296.0
222.0
184.0
235.0
246.0
229.0
167.0
200.0
210.0
243.0
213.0
245.0
207.0
272.0
329.0
242.0
254.0
250.0
210.0
200.0
177.0
162.0
166.0
238.0
173.0
253.0
308.0
237.0
184.0
214.0
168.0
172.0
168.0
176.0
159.0
162.0
158.0
178.0
168.0
154.0
181.0
190.0
198.0
143.0
177.0
225.0
281.0
183.0
182.0
208.0
199.0
240.0
241.0
229.0
249.0
205.0
177.0
201.0
155.0
246.0
254.0
194.0
229.0
302.0
234.0
221.0
188.0
198.0
168.0
280.0
161.0
208.0
228.0
195.0
187.0
188.0
267.0
224.0
163.0
187.0
166.0
166.0
165.0
176.0
179.0
142.0
153.0
180.0
176.0
204.0
166.0
170.0
150.0
181.0
163.0
162.0
163.0
161.0
178.0
159.0
177.0
193.0
