209.0
163.0
159.0
166.0
162.0
293.0
148.0
156.0
155.0
138.0
161.0
137.0
145.0
165.0
145.0
155.0
174.0
145.0
164.0
170.0
181.0
177.0
161.0
156.0
172.0
183.0
178.0
146.0
177.0
172.0
142.0
197.0
175.0
152.0
127.0
140.0
153.0
151.0
168.0
162.0
174.0
139.0
161.0
180.0
225.0
181.0
156.0
200.0
226.0
154.0
153.0
156.0
145.0
164.0
155.0
154.0
137.0
139.0
153.0
194.0
131.0
140.0
227.0
168.0
153.0
152.0
137.0
187.0
165.0
191.0
175.0
158.0
166.0
171.0
154.0
136.0
128.0
171.0
368.0
167.0
153.0
128.0
148.0
168.0
133.0
211.0
149.0
154.0
176.0
162.0
156.0
195.0
135.0
154.0
191.0
167.0
152.0
149.0
152.0
171.0
176.0
160.0
177.0
151.0
145.0
159.0
151.0
161.0
168.0
148.0
143.0
148.0
165.0
181.0
161.0
163.0
144.0
146.0
224.0
167.0
154.0
149.0
234.0
159.0
154.0
159.0
158.0
152.0
136.0
168.0
148.0
157.0
168.0
142.0
198.0
156.0
184.0
162.0
185.0
212.0
172.0
211.0
178.0
158.0
192.0
213.0
132.0
139.0
167.0
230.0
149.0
190.0
145.0
173.0
149.0
166.0
143.0
145.0
173.0
160.0
203.0
170.0
150.0
149.0
176.0
162.0
210.0
128.0
164.0
158.0
191.0
178.0
148.0
195.0
172.0
157.0
141.0
163.0
134.0
167.0
217.0
182.0
182.0
153.0
171.0
168.0
126.0
144.0
133.0
149.0
169.0
144.0
149.0
171.0
180.0
181.0
213.0
179.0
152.0
168.0
