260.0
257.0
255.0
257.0
255.0
252.0
265.0
333.0
271.0
307.0
258.0
257.0
335.0
263.0
255.0
257.0
270.0
287.0
250.0
302.0
273.0
237.0
279.0
253.0
223.0
331.0
258.0
248.0
269.0
259.0
279.0
317.0
268.0
271.0
249.0
254.0
247.0
234.0
296.0
244.0
276.0
286.0
245.0
272.0
297.0
293.0
293.0
284.0
256.0
293.0
303.0
307.0
300.0
276.0
239.0
285.0
298.0
237.0
239.0
268.0
240.0
239.0
259.0
268.0
243.0
266.0
259.0
242.0
285.0
294.0
248.0
269.0
224.0
274.0
241.0
247.0
274.0
238.0
231.0
233.0
245.0
265.0
306.0
237.0
253.0
273.0
274.0
294.0
258.0
243.0
285.0
234.0
284.0
267.0
247.0
284.0
237.0
246.0
269.0
271.0
267.0
255.0
267.0
262.0
246.0
295.0
272.0
281.0
286.0
271.0
281.0
276.0
290.0
293.0
300.0
247.0
253.0
251.0
231.0
338.0
290.0
273.0
287.0
266.0
327.0
277.0
234.0
285.0
277.0
264.0
259.0
255.0
301.0
275.0
321.0
253.0
221.0
278.0
244.0
321.0
306.0
246.0
300.0
238.0
271.0
260.0
262.0
257.0
249.0
260.0
224.0
288.0
231.0
262.0
250.0
269.0
242.0
286.0
228.0
258.0
246.0
242.0
291.0
293.0
268.0
276.0
265.0
261.0
243.0
339.0
288.0
280.0
266.0
306.0
254.0
234.0
251.0
267.0
353.0
281.0
248.0
239.0
300.0
306.0
252.0
226.0
260.0
290.0
279.0
223.0
250.0
224.0
255.0
286.0
284.0
271.0
281.0
287.0
288.0
274.0
