355.0
359.0
263.0
276.0
254.0
341.0
245.0
266.0
324.0
250.0
264.0
304.0
303.0
253.0
239.0
280.0
202.0
284.0
263.0
264.0
243.0
284.0
262.0
283.0
308.0
350.0
274.0
256.0
238.0
244.0
319.0
298.0
344.0
250.0
286.0
264.0
280.0
244.0
280.0
286.0
287.0
309.0
278.0
280.0
276.0
319.0
259.0
259.0
268.0
274.0
245.0
272.0
238.0
256.0
330.0
284.0
277.0
242.0
311.0
236.0
276.0
321.0
265.0
305.0
232.0
255.0
280.0
301.0
237.0
239.0
275.0
239.0
354.0
245.0
251.0
302.0
271.0
243.0
251.0
252.0
261.0
297.0
296.0
297.0
276.0
287.0
287.0
363.0
269.0
265.0
257.0
268.0
264.0
343.0
266.0
261.0
273.0
243.0
280.0
278.0
276.0
266.0
296.0
252.0
313.0
380.0
230.0
274.0
254.0
263.0
245.0
262.0
256.0
248.0
292.0
313.0
248.0
357.0
290.0
302.0
276.0
270.0
267.0
299.0
239.0
268.0
233.0
315.0
246.0
280.0
273.0
303.0
266.0
326.0
295.0
253.0
309.0
245.0
245.0
246.0
247.0
248.0
256.0
278.0
278.0
269.0
248.0
260.0
310.0
278.0
245.0
278.0
297.0
264.0
324.0
274.0
307.0
250.0
281.0
303.0
253.0
256.0
276.0
280.0
255.0
331.0
252.0
286.0
257.0
290.0
235.0
257.0
294.0
373.0
248.0
251.0
298.0
304.0
250.0
269.0
237.0
273.0
303.0
261.0
314.0
282.0
261.0
312.0
258.0
319.0
313.0
231.0
251.0
256.0
308.0
279.0
287.0
274.0
319.0
257.0
