298.0
333.0
306.0
242.0
234.0
204.0
201.0
213.0
184.0
162.0
228.0
193.0
200.0
256.0
200.0
214.0
189.0
447.0
452.0
488.0
434.0
368.0
272.0
285.0
245.0
272.0
196.0
342.0
346.0
250.0
273.0
388.0
552.0
477.0
513.0
454.0
438.0
397.0
368.0
338.0
254.0
278.0
230.0
272.0
212.0
187.0
160.0
211.0
162.0
227.0
208.0
180.0
183.0
241.0
190.0
194.0
172.0
182.0
181.0
279.0
315.0
448.0
400.0
403.0
431.0
470.0
419.0
399.0
320.0
300.0
263.0
342.0
250.0
271.0
249.0
230.0
261.0
236.0
202.0
208.0
167.0
306.0
340.0
277.0
319.0
313.0
294.0
260.0
224.0
205.0
212.0
259.0
270.0
260.0
226.0
266.0
255.0
228.0
319.0
311.0
387.0
336.0
336.0
272.0
262.0
261.0
215.0
235.0
239.0
246.0
268.0
203.0
303.0
337.0
362.0
325.0
285.0
266.0
265.0
265.0
340.0
367.0
331.0
318.0
372.0
287.0
306.0
302.0
378.0
362.0
307.0
246.0
242.0
271.0
256.0
389.0
347.0
306.0
227.0
188.0
156.0
158.0
173.0
198.0
255.0
212.0
261.0
295.0
311.0
304.0
310.0
334.0
352.0
400.0
400.0
374.0
370.0
291.0
278.0
273.0
310.0
289.0
288.0
295.0
272.0
273.0
250.0
185.0
179.0
245.0
220.0
202.0
185.0
184.0
154.0
200.0
225.0
203.0
175.0
201.0
150.0
176.0
253.0
287.0
248.0
237.0
228.0
201.0
267.0
346.0
515.0
564.0
529.0
602.0
583.0
556.0
505.0
451.0
448.0
541.0
