201.0
185.0
288.0
252.0
169.0
168.0
190.0
148.0
191.0
198.0
161.0
160.0
179.0
154.0
236.0
187.0
172.0
170.0
156.0
276.0
162.0
153.0
170.0
269.0
235.0
167.0
157.0
181.0
201.0
187.0
177.0
232.0
396.0
288.0
253.0
165.0
138.0
194.0
218.0
173.0
168.0
168.0
149.0
178.0
227.0
149.0
154.0
150.0
161.0
172.0
185.0
185.0
205.0
179.0
212.0
292.0
183.0
183.0
151.0
159.0
132.0
163.0
171.0
207.0
182.0
201.0
204.0
175.0
171.0
154.0
278.0
211.0
190.0
159.0
213.0
163.0
153.0
213.0
193.0
150.0
190.0
186.0
154.0
174.0
184.0
167.0
194.0
210.0
231.0
168.0
193.0
210.0
229.0
173.0
158.0
161.0
153.0
428.0
200.0
232.0
168.0
155.0
181.0
156.0
157.0
210.0
196.0
164.0
140.0
164.0
212.0
157.0
163.0
212.0
206.0
193.0
179.0
287.0
191.0
202.0
161.0
168.0
150.0
209.0
188.0
174.0
153.0
209.0
229.0
222.0
166.0
167.0
178.0
175.0
229.0
165.0
178.0
171.0
250.0
206.0
199.0
209.0
171.0
214.0
188.0
167.0
165.0
133.0
194.0
179.0
187.0
227.0
170.0
154.0
190.0
181.0
154.0
218.0
196.0
194.0
163.0
153.0
184.0
247.0
196.0
211.0
168.0
183.0
156.0
166.0
184.0
261.0
170.0
166.0
158.0
163.0
169.0
184.0
206.0
214.0
169.0
165.0
172.0
143.0
182.0
186.0
189.0
145.0
176.0
182.0
231.0
152.0
228.0
198.0
170.0
212.0
223.0
212.0
170.0
191.0
