153.0
159.0
165.0
151.0
192.0
161.0
152.0
171.0
158.0
148.0
145.0
188.0
181.0
146.0
179.0
147.0
155.0
277.0
173.0
204.0
150.0
156.0
159.0
196.0
152.0
184.0
130.0
153.0
169.0
153.0
191.0
170.0
156.0
157.0
173.0
144.0
173.0
175.0
182.0
144.0
184.0
171.0
159.0
170.0
316.0
163.0
196.0
142.0
172.0
144.0
177.0
207.0
142.0
192.0
134.0
144.0
158.0
162.0
159.0
168.0
158.0
168.0
179.0
180.0
181.0
153.0
277.0
171.0
166.0
159.0
145.0
167.0
155.0
166.0
168.0
121.0
145.0
149.0
153.0
153.0
156.0
171.0
161.0
189.0
150.0
164.0
148.0
135.0
171.0
174.0
167.0
143.0
183.0
162.0
141.0
149.0
141.0
174.0
170.0
146.0
175.0
183.0
143.0
177.0
147.0
175.0
140.0
160.0
174.0
248.0
189.0
138.0
159.0
171.0
159.0
166.0
144.0
165.0
132.0
185.0
150.0
153.0
196.0
174.0
178.0
211.0
179.0
149.0
148.0
166.0
241.0
186.0
134.0
190.0
152.0
171.0
181.0
152.0
147.0
160.0
168.0
196.0
171.0
152.0
203.0
130.0
156.0
170.0
178.0
179.0
138.0
209.0
154.0
210.0
163.0
138.0
168.0
159.0
198.0
145.0
159.0
179.0
193.0
153.0
140.0
158.0
202.0
140.0
150.0
167.0
213.0
193.0
157.0
155.0
172.0
140.0
168.0
165.0
144.0
151.0
142.0
348.0
162.0
158.0
140.0
166.0
178.0
147.0
158.0
161.0
176.0
150.0
151.0
173.0
168.0
136.0
170.0
171.0
153.0
170.0
