275.0
245.0
287.0
292.0
193.0
200.0
230.0
231.0
229.0
201.0
178.0
156.0
199.0
173.0
196.0
213.0
213.0
266.0
217.0
181.0
423.0
357.0
304.0
221.0
223.0
172.0
156.0
161.0
148.0
214.0
185.0
179.0
166.0
171.0
227.0
210.0
236.0
290.0
208.0
196.0
165.0
210.0
194.0
181.0
231.0
195.0
206.0
207.0
208.0
254.0
218.0
233.0
233.0
196.0
250.0
168.0
179.0
180.0
168.0
156.0
180.0
178.0
164.0
197.0
184.0
179.0
194.0
182.0
205.0
149.0
337.0
296.0
223.0
243.0
253.0
162.0
253.0
236.0
211.0
204.0
199.0
187.0
173.0
176.0
256.0
295.0
194.0
191.0
272.0
232.0
189.0
374.0
318.0
214.0
282.0
253.0
196.0
145.0
209.0
242.0
232.0
183.0
157.0
164.0
189.0
187.0
252.0
191.0
227.0
161.0
151.0
174.0
204.0
159.0
333.0
317.0
267.0
215.0
203.0
188.0
193.0
183.0
176.0
217.0
229.0
191.0
209.0
208.0
198.0
295.0
262.0
214.0
172.0
261.0
197.0
164.0
280.0
255.0
198.0
161.0
175.0
183.0
212.0
209.0
287.0
225.0
198.0
145.0
208.0
240.0
167.0
288.0
298.0
309.0
238.0
263.0
190.0
296.0
238.0
258.0
284.0
363.0
323.0
293.0
258.0
187.0
192.0
162.0
165.0
207.0
192.0
197.0
160.0
244.0
176.0
177.0
158.0
164.0
163.0
242.0
151.0
230.0
179.0
198.0
154.0
307.0
272.0
295.0
247.0
229.0
166.0
137.0
254.0
227.0
304.0
303.0
203.0
190.0
263.0
241.0
