173.0
141.0
171.0
146.0
163.0
157.0
182.0
150.0
175.0
150.0
226.0
128.0
147.0
137.0
174.0
141.0
134.0
162.0
136.0
144.0
177.0
173.0
153.0
143.0
150.0
140.0
187.0
123.0
157.0
167.0
146.0
153.0
140.0
141.0
156.0
175.0
148.0
134.0
146.0
171.0
153.0
176.0
158.0
138.0
157.0
150.0
144.0
140.0
156.0
149.0
169.0
147.0
131.0
182.0
145.0
181.0
132.0
160.0
147.0
146.0
149.0
139.0
157.0
159.0
156.0
172.0
144.0
172.0
151.0
201.0
144.0
189.0
163.0
151.0
152.0
150.0
165.0
164.0
170.0
132.0
151.0
173.0
149.0
129.0
136.0
136.0
169.0
149.0
159.0
133.0
159.0
160.0
148.0
148.0
139.0
154.0
144.0
169.0
133.0
152.0
141.0
160.0
165.0
186.0
159.0
141.0
138.0
156.0
130.0
153.0
140.0
128.0
142.0
158.0
149.0
147.0
157.0
177.0
137.0
150.0
148.0
199.0
130.0
129.0
136.0
152.0
142.0
152.0
167.0
165.0
174.0
143.0
144.0
140.0
165.0
191.0
141.0
172.0
133.0
201.0
121.0
157.0
199.0
142.0
137.0
138.0
146.0
136.0
162.0
176.0
148.0
137.0
137.0
142.0
134.0
141.0
137.0
129.0
140.0
135.0
155.0
144.0
137.0
149.0
189.0
125.0
135.0
131.0
162.0
175.0
150.0
164.0
128.0
159.0
144.0
144.0
160.0
156.0
160.0
156.0
190.0
148.0
158.0
155.0
144.0
154.0
140.0
147.0
170.0
143.0
163.0
152.0
141.0
143.0
151.0
140.0
136.0
147.0
185.0
152.0
