291.0
252.0
256.0
252.0
247.0
249.0
267.0
248.0
264.0
253.0
305.0
254.0
230.0
268.0
251.0
242.0
235.0
258.0
271.0
231.0
246.0
229.0
273.0
266.0
239.0
230.0
282.0
240.0
229.0
259.0
232.0
234.0
252.0
263.0
282.0
256.0
250.0
270.0
240.0
257.0
263.0
241.0
253.0
257.0
224.0
246.0
268.0
252.0
226.0
289.0
245.0
262.0
300.0
259.0
262.0
218.0
265.0
235.0
266.0
239.0
259.0
242.0
234.0
262.0
295.0
275.0
255.0
250.0
274.0
252.0
248.0
267.0
271.0
281.0
259.0
251.0
276.0
302.0
226.0
243.0
276.0
230.0
219.0
229.0
240.0
263.0
251.0
269.0
261.0
264.0
241.0
248.0
255.0
245.0
243.0
248.0
286.0
267.0
292.0
263.0
231.0
228.0
243.0
259.0
293.0
268.0
272.0
249.0
258.0
272.0
221.0
232.0
220.0
252.0
229.0
238.0
280.0
248.0
263.0
251.0
213.0
265.0
275.0
284.0
256.0
268.0
252.0
253.0
273.0
271.0
261.0
210.0
264.0
277.0
268.0
240.0
263.0
232.0
284.0
241.0
267.0
258.0
220.0
244.0
277.0
210.0
228.0
243.0
245.0
303.0
269.0
257.0
249.0
240.0
256.0
240.0
286.0
218.0
256.0
264.0
234.0
213.0
237.0
274.0
240.0
260.0
273.0
266.0
322.0
225.0
228.0
254.0
297.0
236.0
197.0
248.0
257.0
293.0
257.0
261.0
269.0
262.0
269.0
227.0
245.0
226.0
288.0
225.0
336.0
329.0
267.0
263.0
288.0
247.0
237.0
221.0
279.0
243.0
278.0
267.0
