230.0
264.0
234.0
278.0
247.0
267.0
258.0
208.0
242.0
259.0
222.0
241.0
277.0
243.0
264.0
253.0
237.0
292.0
228.0
331.0
304.0
257.0
257.0
327.0
261.0
261.0
252.0
249.0
279.0
274.0
249.0
259.0
274.0
276.0
278.0
276.0
238.0
276.0
257.0
282.0
254.0
277.0
260.0
270.0
235.0
254.0
239.0
240.0
276.0
268.0
251.0
237.0
230.0
352.0
239.0
262.0
278.0
238.0
233.0
277.0
295.0
260.0
240.0
281.0
288.0
338.0
242.0
276.0
244.0
221.0
248.0
204.0
275.0
255.0
245.0
254.0
250.0
299.0
246.0
250.0
256.0
296.0
236.0
230.0
254.0
246.0
238.0
296.0
260.0
257.0
329.0
314.0
213.0
273.0
249.0
266.0
252.0
274.0
249.0
224.0
275.0
301.0
243.0
258.0
246.0
248.0
291.0
248.0
234.0
291.0
264.0
232.0
249.0
271.0
224.0
245.0
230.0
271.0
299.0
299.0
241.0
226.0
274.0
242.0
290.0
281.0
268.0
240.0
268.0
262.0
300.0
276.0
260.0
242.0
288.0
239.0
270.0
238.0
335.0
270.0
284.0
286.0
322.0
293.0
294.0
229.0
245.0
239.0
268.0
265.0
269.0
265.0
225.0
286.0
274.0
241.0
250.0
261.0
268.0
255.0
255.0
262.0
243.0
228.0
366.0
284.0
230.0
260.0
241.0
272.0
261.0
251.0
259.0
223.0
270.0
276.0
224.0
307.0
258.0
255.0
247.0
260.0
215.0
231.0
268.0
256.0
269.0
240.0
277.0
233.0
266.0
285.0
242.0
267.0
274.0
245.0
271.0
261.0
325.0
290.0
