265.0
268.0
267.0
237.0
248.0
284.0
271.0
239.0
271.0
259.0
231.0
244.0
283.0
246.0
236.0
225.0
242.0
249.0
247.0
228.0
257.0
341.0
318.0
244.0
236.0
237.0
253.0
251.0
260.0
320.0
272.0
255.0
268.0
286.0
270.0
306.0
275.0
318.0
244.0
264.0
274.0
227.0
259.0
261.0
250.0
247.0
238.0
253.0
260.0
234.0
240.0
227.0
274.0
237.0
232.0
263.0
293.0
268.0
256.0
234.0
314.0
304.0
246.0
246.0
289.0
229.0
274.0
271.0
286.0
273.0
273.0
270.0
263.0
262.0
245.0
294.0
243.0
257.0
250.0
232.0
258.0
221.0
288.0
253.0
243.0
244.0
205.0
256.0
268.0
261.0
227.0
301.0
247.0
252.0
259.0
262.0
208.0
303.0
331.0
258.0
316.0
257.0
232.0
272.0
252.0
259.0
275.0
267.0
233.0
249.0
271.0
357.0
220.0
252.0
257.0
220.0
301.0
247.0
264.0
317.0
282.0
246.0
241.0
245.0
277.0
238.0
277.0
266.0
249.0
303.0
231.0
240.0
250.0
294.0
259.0
244.0
254.0
248.0
249.0
245.0
297.0
270.0
277.0
314.0
293.0
266.0
309.0
333.0
255.0
246.0
319.0
274.0
253.0
239.0
252.0
260.0
245.0
243.0
238.0
268.0
232.0
249.0
255.0
301.0
249.0
244.0
267.0
278.0
263.0
257.0
227.0
251.0
301.0
246.0
286.0
260.0
255.0
238.0
247.0
263.0
242.0
245.0
268.0
256.0
355.0
267.0
264.0
240.0
278.0
212.0
296.0
296.0
273.0
234.0
274.0
234.0
245.0
274.0
270.0
221.0
