264.0
242.0
331.0
259.0
232.0
262.0
258.0
288.0
262.0
266.0
273.0
320.0
301.0
277.0
249.0
268.0
282.0
262.0
252.0
267.0
276.0
250.0
270.0
254.0
281.0
337.0
241.0
256.0
299.0
255.0
251.0
243.0
276.0
271.0
273.0
251.0
338.0
257.0
275.0
290.0
296.0
279.0
284.0
251.0
371.0
265.0
273.0
264.0
274.0
270.0
260.0
230.0
262.0
287.0
260.0
259.0
243.0
251.0
247.0
312.0
277.0
303.0
329.0
247.0
236.0
223.0
306.0
281.0
288.0
225.0
241.0
292.0
267.0
223.0
283.0
239.0
300.0
280.0
294.0
266.0
255.0
272.0
294.0
234.0
221.0
274.0
293.0
260.0
305.0
254.0
299.0
280.0
306.0
248.0
239.0
241.0
313.0
263.0
319.0
294.0
267.0
244.0
271.0
258.0
288.0
323.0
286.0
255.0
259.0
340.0
287.0
247.0
308.0
268.0
259.0
286.0
241.0
251.0
248.0
273.0
265.0
257.0
277.0
307.0
275.0
294.0
336.0
257.0
245.0
253.0
273.0
283.0
342.0
330.0
209.0
323.0
292.0
256.0
233.0
261.0
268.0
270.0
250.0
264.0
311.0
313.0
287.0
299.0
287.0
257.0
329.0
264.0
345.0
262.0
255.0
295.0
250.0
292.0
260.0
237.0
283.0
248.0
291.0
286.0
251.0
237.0
246.0
225.0
277.0
267.0
284.0
252.0
258.0
261.0
268.0
270.0
249.0
308.0
263.0
252.0
303.0
268.0
291.0
277.0
253.0
252.0
306.0
261.0
267.0
332.0
311.0
267.0
277.0
248.0
268.0
344.0
267.0
283.0
294.0
250.0
