372.0
419.0
467.0
511.0
664.0
688.0
737.0
660.0
737.0
744.0
719.0
810.0
858.0
898.0
797.0
847.0
760.0
822.0
812.0
743.0
695.0
878.0
727.0
806.0
778.0
801.0
796.0
752.0
925.0
803.0
703.0
632.0
765.0
701.0
782.0
978.0
769.0
756.0
790.0
928.0
646.0
744.0
775.0
792.0
898.0
737.0
770.0
776.0
904.0
772.0
810.0
814.0
698.0
726.0
1055.0
757.0
786.0
840.0
964.0
738.0
720.0
996.0
1145.0
857.0
963.0
837.0
925.0
787.0
756.0
1013.0
985.0
762.0
955.0
925.0
821.0
714.0
817.0
722.0
794.0
703.0
821.0
792.0
813.0
741.0
984.0
740.0
720.0
730.0
838.0
775.0
810.0
893.0
803.0
1028.0
764.0
764.0
868.0
754.0
833.0
714.0
738.0
868.0
861.0
804.0
749.0
636.0
652.0
779.0
882.0
820.0
714.0
933.0
659.0
711.0
721.0
837.0
902.0
778.0
727.0
836.0
935.0
791.0
938.0
734.0
833.0
967.0
823.0
891.0
774.0
772.0
799.0
780.0
904.0
761.0
813.0
750.0
850.0
675.0
755.0
819.0
865.0
778.0
732.0
761.0
826.0
717.0
833.0
897.0
826.0
909.0
768.0
905.0
734.0
753.0
738.0
715.0
728.0
721.0
786.0
711.0
799.0
751.0
785.0
783.0
861.0
742.0
789.0
812.0
762.0
776.0
801.0
706.0
881.0
703.0
886.0
772.0
942.0
763.0
733.0
838.0
902.0
857.0
1011.0
701.0
900.0
730.0
817.0
757.0
779.0
743.0
691.0
815.0
794.0
777.0
801.0
778.0
988.0
767.0
726.0
691.0
