238.0
265.0
238.0
233.0
228.0
238.0
235.0
247.0
291.0
287.0
295.0
250.0
307.0
246.0
259.0
276.0
256.0
268.0
311.0
269.0
246.0
300.0
252.0
238.0
277.0
309.0
262.0
234.0
250.0
279.0
224.0
325.0
270.0
263.0
281.0
242.0
248.0
247.0
259.0
227.0
279.0
286.0
248.0
235.0
238.0
254.0
245.0
226.0
252.0
254.0
278.0
283.0
315.0
283.0
253.0
260.0
233.0
257.0
274.0
232.0
302.0
238.0
296.0
301.0
278.0
244.0
295.0
288.0
249.0
268.0
306.0
251.0
227.0
229.0
260.0
312.0
288.0
265.0
260.0
230.0
239.0
291.0
240.0
234.0
234.0
257.0
267.0
282.0
236.0
253.0
318.0
235.0
261.0
280.0
275.0
294.0
247.0
250.0
230.0
287.0
237.0
230.0
276.0
277.0
226.0
274.0
259.0
262.0
220.0
280.0
254.0
271.0
243.0
237.0
262.0
299.0
253.0
276.0
293.0
275.0
336.0
304.0
230.0
315.0
265.0
269.0
255.0
246.0
249.0
294.0
244.0
258.0
319.0
286.0
290.0
287.0
256.0
247.0
239.0
260.0
297.0
261.0
246.0
249.0
308.0
227.0
246.0
265.0
289.0
262.0
246.0
229.0
250.0
216.0
259.0
306.0
305.0
255.0
275.0
267.0
248.0
269.0
275.0
262.0
268.0
253.0
253.0
251.0
275.0
289.0
244.0
319.0
337.0
250.0
241.0
329.0
293.0
269.0
313.0
240.0
244.0
280.0
283.0
269.0
260.0
285.0
245.0
263.0
301.0
255.0
245.0
252.0
296.0
252.0
242.0
237.0
278.0
230.0
280.0
286.0
