308.0
243.0
287.0
261.0
244.0
215.0
269.0
220.0
270.0
274.0
238.0
258.0
297.0
253.0
255.0
198.0
234.0
224.0
240.0
233.0
254.0
296.0
298.0
227.0
276.0
257.0
295.0
253.0
249.0
293.0
252.0
219.0
225.0
240.0
270.0
269.0
257.0
333.0
259.0
293.0
244.0
254.0
243.0
257.0
264.0
244.0
269.0
240.0
261.0
231.0
275.0
221.0
331.0
261.0
269.0
275.0
271.0
258.0
281.0
234.0
230.0
288.0
249.0
263.0
256.0
249.0
274.0
229.0
286.0
268.0
278.0
245.0
300.0
285.0
258.0
248.0
244.0
239.0
242.0
298.0
291.0
263.0
226.0
280.0
225.0
290.0
233.0
268.0
241.0
337.0
273.0
249.0
252.0
247.0
267.0
259.0
264.0
272.0
253.0
291.0
319.0
254.0
247.0
237.0
235.0
208.0
273.0
274.0
268.0
254.0
375.0
273.0
232.0
229.0
254.0
255.0
285.0
245.0
248.0
275.0
276.0
205.0
274.0
258.0
257.0
249.0
268.0
229.0
269.0
287.0
291.0
277.0
233.0
242.0
213.0
242.0
234.0
276.0
240.0
286.0
240.0
253.0
242.0
227.0
260.0
317.0
252.0
245.0
224.0
261.0
237.0
255.0
282.0
256.0
241.0
232.0
247.0
262.0
254.0
269.0
239.0
230.0
251.0
258.0
306.0
289.0
277.0
307.0
248.0
245.0
235.0
228.0
219.0
259.0
260.0
291.0
268.0
270.0
302.0
253.0
260.0
260.0
321.0
258.0
237.0
245.0
265.0
289.0
316.0
258.0
266.0
277.0
262.0
269.0
314.0
253.0
241.0
228.0
231.0
260.0
