226.0
267.0
256.0
270.0
251.0
270.0
256.0
264.0
267.0
277.0
230.0
284.0
252.0
245.0
265.0
268.0
285.0
244.0
231.0
258.0
244.0
256.0
255.0
268.0
283.0
255.0
290.0
274.0
238.0
336.0
276.0
285.0
263.0
294.0
264.0
284.0
263.0
270.0
274.0
264.0
257.0
275.0
238.0
301.0
264.0
277.0
270.0
262.0
246.0
284.0
248.0
281.0
245.0
245.0
231.0
286.0
264.0
230.0
252.0
282.0
328.0
246.0
285.0
290.0
299.0
212.0
243.0
294.0
301.0
297.0
326.0
245.0
229.0
253.0
290.0
268.0
285.0
276.0
230.0
232.0
279.0
301.0
273.0
334.0
256.0
295.0
278.0
277.0
305.0
285.0
239.0
250.0
244.0
244.0
230.0
316.0
243.0
270.0
303.0
243.0
270.0
229.0
234.0
265.0
329.0
248.0
265.0
241.0
261.0
262.0
295.0
268.0
264.0
268.0
245.0
243.0
266.0
282.0
247.0
221.0
290.0
266.0
258.0
253.0
262.0
275.0
248.0
323.0
292.0
251.0
254.0
293.0
240.0
287.0
351.0
303.0
269.0
241.0
276.0
295.0
273.0
275.0
231.0
253.0
297.0
223.0
261.0
262.0
258.0
239.0
240.0
266.0
254.0
287.0
249.0
353.0
243.0
242.0
253.0
280.0
281.0
254.0
297.0
313.0
264.0
255.0
247.0
250.0
313.0
262.0
291.0
276.0
268.0
293.0
261.0
280.0
257.0
235.0
261.0
256.0
320.0
270.0
223.0
342.0
291.0
278.0
266.0
265.0
308.0
239.0
239.0
265.0
247.0
221.0
249.0
264.0
302.0
275.0
288.0
265.0
