166.0
156.0
160.0
183.0
152.0
164.0
173.0
152.0
153.0
223.0
168.0
203.0
158.0
209.0
178.0
159.0
173.0
157.0
165.0
157.0
163.0
163.0
162.0
173.0
158.0
158.0
212.0
193.0
155.0
171.0
143.0
152.0
316.0
210.0
157.0
150.0
144.0
171.0
171.0
211.0
156.0
161.0
164.0
176.0
174.0
168.0
177.0
169.0
174.0
200.0
229.0
177.0
214.0
141.0
145.0
193.0
158.0
187.0
156.0
193.0
133.0
171.0
136.0
170.0
149.0
134.0
154.0
256.0
154.0
153.0
168.0
155.0
190.0
202.0
167.0
145.0
166.0
175.0
158.0
153.0
145.0
309.0
157.0
202.0
162.0
162.0
170.0
231.0
161.0
171.0
179.0
168.0
194.0
160.0
148.0
147.0
156.0
169.0
137.0
157.0
200.0
176.0
168.0
194.0
335.0
155.0
179.0
186.0
150.0
205.0
188.0
228.0
149.0
178.0
140.0
155.0
170.0
182.0
193.0
139.0
174.0
161.0
156.0
160.0
171.0
172.0
185.0
153.0
167.0
214.0
190.0
177.0
152.0
144.0
150.0
217.0
265.0
173.0
182.0
161.0
148.0
132.0
167.0
152.0
197.0
163.0
161.0
197.0
150.0
166.0
158.0
181.0
169.0
191.0
157.0
160.0
189.0
151.0
158.0
194.0
150.0
175.0
179.0
167.0
154.0
207.0
168.0
158.0
178.0
153.0
148.0
180.0
181.0
183.0
177.0
182.0
201.0
178.0
195.0
185.0
179.0
183.0
167.0
154.0
170.0
196.0
182.0
194.0
154.0
179.0
230.0
215.0
189.0
168.0
155.0
171.0
179.0
227.0
159.0
145.0
