257.0
229.0
259.0
314.0
369.0
479.0
622.0
660.0
673.0
688.0
659.0
623.0
681.0
735.0
739.0
796.0
783.0
775.0
823.0
745.0
677.0
701.0
815.0
689.0
780.0
870.0
776.0
722.0
775.0
697.0
820.0
815.0
852.0
745.0
821.0
768.0
751.0
791.0
846.0
778.0
746.0
756.0
862.0
646.0
912.0
814.0
681.0
731.0
813.0
785.0
1000.0
721.0
814.0
942.0
790.0
787.0
778.0
837.0
830.0
912.0
806.0
772.0
887.0
827.0
881.0
943.0
813.0
750.0
874.0
912.0
848.0
750.0
767.0
841.0
911.0
834.0
627.0
752.0
761.0
965.0
766.0
720.0
1029.0
752.0
871.0
855.0
690.0
746.0
773.0
719.0
771.0
753.0
892.0
716.0
661.0
815.0
831.0
775.0
921.0
810.0
808.0
850.0
731.0
813.0
1105.0
837.0
685.0
771.0
852.0
842.0
764.0
812.0
787.0
893.0
841.0
782.0
818.0
770.0
727.0
723.0
681.0
789.0
822.0
762.0
783.0
804.0
785.0
850.0
865.0
852.0
697.0
845.0
781.0
745.0
941.0
793.0
712.0
806.0
846.0
765.0
786.0
773.0
722.0
859.0
805.0
757.0
750.0
792.0
777.0
762.0
949.0
855.0
789.0
838.0
779.0
744.0
806.0
842.0
833.0
827.0
788.0
759.0
816.0
770.0
815.0
753.0
778.0
656.0
797.0
802.0
933.0
771.0
888.0
871.0
697.0
744.0
762.0
763.0
737.0
948.0
801.0
760.0
940.0
789.0
916.0
750.0
742.0
914.0
755.0
746.0
866.0
876.0
791.0
824.0
808.0
773.0
818.0
962.0
785.0
778.0
