240.0
161.0
163.0
160.0
146.0
148.0
177.0
181.0
154.0
155.0
177.0
236.0
185.0
160.0
217.0
224.0
144.0
249.0
157.0
159.0
180.0
176.0
172.0
149.0
160.0
241.0
191.0
166.0
165.0
147.0
163.0
166.0
148.0
145.0
184.0
215.0
174.0
175.0
218.0
162.0
226.0
177.0
212.0
189.0
436.0
270.0
166.0
175.0
159.0
162.0
161.0
306.0
172.0
180.0
140.0
144.0
143.0
146.0
150.0
158.0
131.0
168.0
177.0
145.0
142.0
148.0
155.0
154.0
173.0
155.0
136.0
178.0
186.0
163.0
159.0
230.0
281.0
179.0
161.0
163.0
163.0
146.0
146.0
198.0
176.0
202.0
208.0
188.0
191.0
169.0
172.0
167.0
175.0
168.0
138.0
159.0
159.0
162.0
186.0
160.0
189.0
174.0
153.0
174.0
193.0
172.0
169.0
184.0
209.0
146.0
163.0
155.0
202.0
205.0
154.0
147.0
185.0
156.0
199.0
162.0
157.0
180.0
163.0
252.0
177.0
178.0
224.0
156.0
174.0
178.0
152.0
162.0
226.0
156.0
156.0
146.0
153.0
157.0
155.0
163.0
169.0
168.0
156.0
137.0
165.0
151.0
149.0
233.0
182.0
162.0
204.0
206.0
151.0
135.0
174.0
171.0
145.0
158.0
169.0
164.0
171.0
196.0
150.0
219.0
152.0
162.0
194.0
188.0
177.0
244.0
211.0
172.0
168.0
157.0
175.0
155.0
159.0
164.0
188.0
199.0
220.0
281.0
179.0
176.0
176.0
181.0
236.0
228.0
154.0
139.0
168.0
180.0
183.0
158.0
232.0
173.0
180.0
184.0
175.0
166.0
