274.0
299.0
271.0
262.0
263.0
243.0
261.0
255.0
275.0
263.0
252.0
217.0
290.0
245.0
335.0
286.0
341.0
263.0
266.0
265.0
287.0
286.0
258.0
300.0
280.0
265.0
284.0
225.0
256.0
264.0
249.0
272.0
298.0
269.0
249.0
230.0
267.0
246.0
266.0
291.0
267.0
271.0
298.0
308.0
260.0
249.0
252.0
222.0
280.0
249.0
238.0
232.0
253.0
347.0
249.0
276.0
234.0
224.0
215.0
265.0
273.0
253.0
262.0
259.0
283.0
282.0
254.0
278.0
264.0
225.0
272.0
283.0
255.0
272.0
258.0
290.0
266.0
277.0
298.0
275.0
304.0
266.0
249.0
248.0
305.0
251.0
259.0
244.0
276.0
246.0
243.0
237.0
273.0
266.0
274.0
258.0
235.0
240.0
293.0
221.0
275.0
251.0
250.0
275.0
256.0
252.0
240.0
257.0
248.0
223.0
240.0
314.0
263.0
293.0
312.0
284.0
281.0
284.0
251.0
303.0
233.0
254.0
318.0
253.0
235.0
290.0
250.0
233.0
243.0
274.0
247.0
268.0
223.0
249.0
225.0
244.0
307.0
257.0
242.0
267.0
246.0
280.0
249.0
264.0
274.0
307.0
249.0
278.0
344.0
278.0
234.0
243.0
262.0
268.0
279.0
247.0
236.0
284.0
230.0
271.0
261.0
272.0
265.0
331.0
242.0
266.0
243.0
232.0
248.0
303.0
284.0
293.0
315.0
259.0
255.0
237.0
306.0
271.0
334.0
266.0
263.0
282.0
274.0
246.0
245.0
288.0
243.0
285.0
291.0
283.0
249.0
285.0
260.0
255.0
244.0
218.0
225.0
251.0
268.0
260.0
