230.0
260.0
262.0
308.0
239.0
261.0
372.0
296.0
277.0
263.0
259.0
219.0
282.0
259.0
241.0
256.0
236.0
229.0
288.0
218.0
324.0
299.0
252.0
266.0
249.0
224.0
353.0
258.0
219.0
281.0
276.0
235.0
254.0
289.0
249.0
322.0
225.0
252.0
268.0
231.0
254.0
303.0
321.0
276.0
246.0
239.0
284.0
230.0
262.0
269.0
248.0
244.0
238.0
246.0
277.0
292.0
254.0
245.0
260.0
244.0
271.0
268.0
230.0
262.0
245.0
294.0
252.0
277.0
284.0
246.0
328.0
250.0
265.0
293.0
268.0
295.0
252.0
262.0
295.0
241.0
252.0
285.0
257.0
246.0
266.0
282.0
207.0
230.0
224.0
247.0
246.0
217.0
256.0
296.0
310.0
274.0
266.0
290.0
284.0
291.0
312.0
263.0
242.0
257.0
287.0
259.0
264.0
234.0
245.0
251.0
257.0
223.0
237.0
241.0
268.0
271.0
274.0
235.0
252.0
219.0
255.0
236.0
253.0
248.0
255.0
278.0
278.0
251.0
263.0
322.0
247.0
253.0
290.0
242.0
248.0
247.0
236.0
277.0
257.0
283.0
228.0
258.0
276.0
247.0
252.0
269.0
271.0
238.0
265.0
276.0
274.0
235.0
309.0
239.0
251.0
312.0
310.0
260.0
256.0
274.0
233.0
239.0
273.0
226.0
273.0
273.0
257.0
273.0
266.0
219.0
239.0
312.0
270.0
270.0
232.0
306.0
300.0
304.0
314.0
259.0
271.0
249.0
261.0
283.0
293.0
242.0
233.0
287.0
296.0
255.0
266.0
336.0
264.0
244.0
318.0
258.0
253.0
229.0
273.0
239.0
