306.0
356.0
374.0
414.0
442.0
439.0
464.0
496.0
814.0
761.0
691.0
732.0
852.0
741.0
780.0
762.0
865.0
815.0
776.0
841.0
831.0
816.0
817.0
828.0
1039.0
874.0
778.0
722.0
883.0
814.0
818.0
875.0
745.0
761.0
776.0
900.0
774.0
790.0
698.0
855.0
799.0
943.0
759.0
815.0
783.0
802.0
823.0
817.0
766.0
711.0
743.0
812.0
782.0
851.0
990.0
800.0
718.0
728.0
815.0
749.0
933.0
785.0
792.0
917.0
799.0
948.0
722.0
859.0
785.0
802.0
871.0
1033.0
926.0
838.0
787.0
899.0
777.0
736.0
780.0
837.0
685.0
799.0
891.0
743.0
812.0
794.0
829.0
785.0
838.0
724.0
745.0
846.0
686.0
873.0
764.0
789.0
772.0
729.0
794.0
873.0
897.0
772.0
828.0
733.0
741.0
816.0
890.0
956.0
816.0
770.0
741.0
813.0
722.0
767.0
749.0
845.0
748.0
791.0
832.0
776.0
732.0
777.0
723.0
820.0
790.0
802.0
797.0
756.0
858.0
975.0
833.0
801.0
761.0
719.0
885.0
832.0
720.0
1002.0
808.0
875.0
925.0
915.0
922.0
1023.0
834.0
917.0
894.0
704.0
848.0
685.0
839.0
813.0
770.0
921.0
745.0
723.0
791.0
797.0
931.0
707.0
708.0
672.0
773.0
846.0
852.0
837.0
845.0
987.0
810.0
800.0
829.0
842.0
877.0
811.0
797.0
790.0
774.0
729.0
782.0
713.0
705.0
918.0
797.0
789.0
747.0
711.0
899.0
750.0
864.0
947.0
757.0
776.0
748.0
729.0
828.0
770.0
745.0
1031.0
789.0
927.0
