241.0
273.0
249.0
256.0
266.0
226.0
253.0
231.0
260.0
295.0
285.0
224.0
247.0
227.0
312.0
296.0
271.0
278.0
241.0
247.0
261.0
244.0
211.0
276.0
240.0
335.0
250.0
209.0
243.0
277.0
236.0
254.0
232.0
306.0
278.0
251.0
274.0
257.0
266.0
243.0
252.0
263.0
241.0
224.0
252.0
239.0
264.0
253.0
233.0
250.0
246.0
243.0
242.0
268.0
248.0
254.0
255.0
280.0
242.0
257.0
265.0
220.0
257.0
257.0
251.0
214.0
279.0
266.0
278.0
232.0
245.0
300.0
259.0
221.0
248.0
234.0
230.0
284.0
297.0
298.0
219.0
267.0
271.0
276.0
277.0
251.0
254.0
267.0
229.0
241.0
235.0
301.0
247.0
309.0
279.0
273.0
314.0
283.0
268.0
268.0
268.0
292.0
256.0
262.0
267.0
257.0
250.0
252.0
259.0
247.0
251.0
264.0
263.0
277.0
238.0
255.0
230.0
254.0
242.0
263.0
218.0
273.0
260.0
285.0
255.0
254.0
287.0
264.0
273.0
238.0
281.0
227.0
256.0
260.0
257.0
282.0
238.0
239.0
278.0
244.0
313.0
239.0
283.0
274.0
244.0
267.0
278.0
249.0
312.0
257.0
269.0
243.0
266.0
253.0
273.0
300.0
288.0
226.0
288.0
307.0
254.0
240.0
247.0
238.0
284.0
247.0
249.0
298.0
229.0
245.0
296.0
257.0
276.0
229.0
245.0
231.0
241.0
262.0
271.0
294.0
244.0
275.0
246.0
295.0
248.0
226.0
341.0
243.0
282.0
254.0
264.0
221.0
237.0
249.0
224.0
273.0
230.0
279.0
274.0
236.0
