451.0
540.0
590.0
656.0
471.0
457.0
479.0
538.0
558.0
633.0
594.0
625.0
711.0
682.0
825.0
741.0
651.0
737.0
722.0
741.0
702.0
662.0
639.0
570.0
588.0
690.0
718.0
741.0
713.0
794.0
861.0
780.0
813.0
697.0
771.0
656.0
666.0
691.0
617.0
560.0
734.0
682.0
758.0
741.0
760.0
810.0
732.0
695.0
756.0
741.0
743.0
753.0
751.0
766.0
838.0
773.0
760.0
575.0
566.0
596.0
586.0
456.0
602.0
685.0
703.0
720.0
834.0
927.0
876.0
776.0
726.0
826.0
853.0
902.0
871.0
853.0
877.0
773.0
719.0
709.0
817.0
784.0
782.0
812.0
790.0
988.0
724.0
707.0
838.0
716.0
711.0
832.0
911.0
869.0
792.0
795.0
785.0
782.0
726.0
825.0
852.0
867.0
811.0
789.0
939.0
820.0
803.0
798.0
804.0
724.0
717.0
752.0
625.0
657.0
707.0
674.0
845.0
846.0
704.0
812.0
727.0
753.0
802.0
769.0
701.0
774.0
837.0
723.0
813.0
634.0
674.0
761.0
724.0
778.0
806.0
713.0
747.0
738.0
578.0
737.0
798.0
737.0
812.0
785.0
731.0
813.0
696.0
785.0
724.0
745.0
794.0
757.0
851.0
732.0
734.0
684.0
743.0
646.0
593.0
548.0
482.0
444.0
400.0
401.0
272.0
340.0
357.0
482.0
609.0
516.0
478.0
454.0
469.0
501.0
678.0
839.0
705.0
682.0
683.0
680.0
644.0
581.0
533.0
587.0
546.0
371.0
429.0
562.0
622.0
684.0
771.0
693.0
713.0
782.0
759.0
686.0
703.0
629.0
761.0
867.0
