246.0
303.0
268.0
244.0
250.0
253.0
340.0
257.0
259.0
236.0
383.0
237.0
292.0
275.0
242.0
256.0
279.0
271.0
274.0
247.0
242.0
274.0
255.0
276.0
228.0
255.0
240.0
269.0
261.0
295.0
285.0
277.0
269.0
265.0
272.0
244.0
234.0
260.0
274.0
272.0
267.0
235.0
242.0
248.0
312.0
267.0
270.0
297.0
257.0
231.0
265.0
262.0
307.0
321.0
241.0
268.0
303.0
240.0
234.0
252.0
231.0
226.0
254.0
282.0
308.0
253.0
235.0
256.0
252.0
276.0
263.0
323.0
271.0
248.0
247.0
271.0
247.0
257.0
285.0
248.0
252.0
276.0
210.0
245.0
258.0
273.0
274.0
234.0
273.0
256.0
255.0
241.0
272.0
271.0
269.0
270.0
259.0
227.0
213.0
295.0
266.0
294.0
257.0
289.0
275.0
227.0
235.0
237.0
284.0
258.0
268.0
278.0
314.0
232.0
265.0
281.0
271.0
242.0
260.0
291.0
249.0
325.0
252.0
243.0
285.0
273.0
242.0
264.0
259.0
332.0
277.0
308.0
276.0
250.0
242.0
278.0
246.0
245.0
262.0
272.0
307.0
250.0
312.0
239.0
297.0
300.0
271.0
284.0
227.0
275.0
282.0
285.0
336.0
279.0
240.0
255.0
254.0
246.0
265.0
238.0
264.0
245.0
220.0
299.0
232.0
242.0
283.0
246.0
234.0
236.0
293.0
266.0
262.0
326.0
260.0
259.0
253.0
294.0
238.0
267.0
259.0
248.0
260.0
275.0
268.0
273.0
238.0
296.0
236.0
255.0
248.0
273.0
247.0
251.0
276.0
267.0
228.0
290.0
257.0
225.0
