155.0
146.0
146.0
156.0
206.0
145.0
180.0
162.0
224.0
159.0
168.0
144.0
229.0
167.0
133.0
164.0
153.0
165.0
212.0
161.0
147.0
152.0
152.0
170.0
206.0
175.0
166.0
180.0
266.0
290.0
225.0
158.0
156.0
166.0
152.0
172.0
177.0
179.0
191.0
177.0
206.0
174.0
185.0
170.0
149.0
179.0
199.0
199.0
142.0
176.0
171.0
174.0
170.0
167.0
207.0
277.0
197.0
214.0
125.0
149.0
190.0
227.0
163.0
155.0
165.0
151.0
218.0
197.0
188.0
180.0
219.0
202.0
189.0
195.0
231.0
171.0
141.0
161.0
175.0
169.0
162.0
182.0
183.0
171.0
327.0
247.0
152.0
186.0
195.0
157.0
165.0
212.0
176.0
168.0
193.0
167.0
188.0
209.0
188.0
172.0
176.0
182.0
208.0
175.0
149.0
228.0
155.0
171.0
157.0
222.0
163.0
180.0
163.0
170.0
169.0
158.0
147.0
179.0
173.0
175.0
234.0
175.0
199.0
138.0
159.0
183.0
258.0
155.0
177.0
161.0
217.0
142.0
165.0
163.0
152.0
164.0
202.0
177.0
174.0
147.0
178.0
204.0
175.0
182.0
182.0
200.0
140.0
169.0
161.0
180.0
179.0
139.0
161.0
173.0
138.0
183.0
171.0
175.0
184.0
144.0
188.0
156.0
148.0
159.0
176.0
170.0
191.0
204.0
170.0
152.0
179.0
149.0
150.0
189.0
173.0
214.0
276.0
176.0
209.0
164.0
146.0
173.0
165.0
254.0
159.0
149.0
159.0
155.0
170.0
221.0
180.0
181.0
165.0
151.0
273.0
164.0
157.0
158.0
216.0
151.0
