257.0
236.0
264.0
227.0
256.0
275.0
291.0
225.0
300.0
286.0
221.0
223.0
250.0
268.0
296.0
267.0
271.0
265.0
239.0
283.0
303.0
258.0
230.0
272.0
243.0
255.0
298.0
275.0
282.0
268.0
290.0
255.0
228.0
314.0
255.0
298.0
228.0
234.0
243.0
274.0
306.0
264.0
294.0
277.0
227.0
277.0
251.0
250.0
259.0
212.0
266.0
264.0
227.0
254.0
275.0
274.0
268.0
274.0
237.0
263.0
297.0
210.0
237.0
270.0
260.0
261.0
258.0
346.0
352.0
251.0
237.0
228.0
314.0
245.0
307.0
253.0
253.0
254.0
224.0
303.0
273.0
277.0
278.0
312.0
246.0
293.0
276.0
239.0
247.0
258.0
264.0
305.0
270.0
261.0
265.0
296.0
232.0
244.0
246.0
253.0
278.0
281.0
278.0
284.0
217.0
240.0
267.0
276.0
280.0
279.0
252.0
320.0
236.0
280.0
221.0
257.0
266.0
267.0
223.0
237.0
352.0
293.0
251.0
250.0
265.0
277.0
287.0
232.0
254.0
293.0
251.0
304.0
249.0
296.0
246.0
265.0
278.0
223.0
307.0
241.0
245.0
244.0
276.0
242.0
229.0
218.0
281.0
281.0
281.0
234.0
253.0
255.0
251.0
229.0
280.0
250.0
238.0
236.0
262.0
265.0
250.0
237.0
292.0
270.0
221.0
237.0
266.0
257.0
277.0
253.0
266.0
272.0
282.0
226.0
300.0
265.0
278.0
294.0
284.0
254.0
251.0
228.0
274.0
229.0
280.0
230.0
234.0
301.0
255.0
267.0
268.0
298.0
275.0
259.0
281.0
242.0
282.0
282.0
239.0
270.0
