148.0
195.0
199.0
204.0
175.0
204.0
162.0
192.0
177.0
196.0
157.0
160.0
176.0
173.0
222.0
226.0
219.0
335.0
214.0
171.0
246.0
175.0
172.0
158.0
181.0
236.0
190.0
192.0
159.0
189.0
230.0
202.0
168.0
171.0
135.0
164.0
168.0
170.0
206.0
141.0
197.0
164.0
161.0
152.0
180.0
168.0
175.0
166.0
209.0
193.0
188.0
173.0
193.0
190.0
187.0
176.0
144.0
155.0
154.0
144.0
154.0
151.0
177.0
198.0
285.0
215.0
150.0
207.0
186.0
190.0
203.0
166.0
167.0
161.0
149.0
144.0
170.0
167.0
175.0
209.0
206.0
253.0
171.0
178.0
165.0
202.0
215.0
197.0
196.0
154.0
178.0
191.0
164.0
176.0
205.0
161.0
150.0
155.0
148.0
328.0
269.0
209.0
171.0
168.0
151.0
166.0
166.0
177.0
203.0
159.0
181.0
201.0
152.0
143.0
163.0
253.0
214.0
184.0
176.0
247.0
198.0
207.0
232.0
173.0
296.0
144.0
160.0
179.0
146.0
208.0
164.0
167.0
145.0
203.0
153.0
212.0
181.0
240.0
309.0
238.0
245.0
261.0
164.0
175.0
145.0
216.0
211.0
172.0
187.0
175.0
154.0
165.0
214.0
194.0
229.0
184.0
259.0
172.0
134.0
187.0
271.0
187.0
221.0
217.0
311.0
186.0
167.0
213.0
159.0
182.0
157.0
140.0
230.0
183.0
158.0
179.0
239.0
155.0
175.0
141.0
175.0
150.0
175.0
162.0
174.0
164.0
191.0
204.0
239.0
195.0
200.0
239.0
184.0
149.0
182.0
167.0
210.0
177.0
176.0
171.0
