242.0
258.0
283.0
264.0
243.0
283.0
271.0
341.0
260.0
282.0
252.0
270.0
270.0
238.0
242.0
303.0
268.0
280.0
218.0
270.0
250.0
280.0
278.0
309.0
268.0
275.0
258.0
306.0
254.0
312.0
283.0
299.0
348.0
245.0
302.0
265.0
276.0
287.0
284.0
274.0
341.0
278.0
267.0
255.0
289.0
360.0
244.0
251.0
278.0
297.0
292.0
359.0
331.0
366.0
300.0
272.0
280.0
261.0
371.0
434.0
347.0
259.0
254.0
334.0
249.0
278.0
300.0
263.0
255.0
269.0
265.0
284.0
310.0
337.0
295.0
272.0
241.0
234.0
267.0
293.0
283.0
258.0
237.0
281.0
296.0
275.0
230.0
255.0
280.0
246.0
279.0
258.0
275.0
245.0
337.0
281.0
280.0
310.0
251.0
260.0
296.0
305.0
261.0
246.0
260.0
263.0
257.0
259.0
250.0
247.0
310.0
287.0
240.0
299.0
285.0
245.0
402.0
262.0
289.0
248.0
229.0
263.0
323.0
258.0
297.0
251.0
330.0
271.0
253.0
248.0
273.0
266.0
301.0
263.0
337.0
300.0
256.0
299.0
284.0
255.0
259.0
277.0
307.0
289.0
254.0
322.0
270.0
270.0
282.0
269.0
260.0
258.0
277.0
258.0
249.0
249.0
276.0
253.0
286.0
301.0
255.0
293.0
270.0
270.0
237.0
314.0
335.0
278.0
277.0
295.0
280.0
294.0
303.0
299.0
235.0
282.0
238.0
367.0
260.0
327.0
281.0
265.0
288.0
297.0
290.0
287.0
257.0
270.0
268.0
241.0
268.0
280.0
255.0
241.0
316.0
252.0
257.0
223.0
283.0
263.0
