141.0
161.0
134.0
135.0
160.0
154.0
140.0
141.0
135.0
129.0
163.0
147.0
132.0
131.0
142.0
148.0
164.0
125.0
150.0
155.0
138.0
166.0
162.0
156.0
154.0
163.0
155.0
140.0
137.0
131.0
129.0
143.0
156.0
141.0
138.0
164.0
162.0
208.0
141.0
147.0
122.0
188.0
209.0
136.0
141.0
147.0
150.0
133.0
144.0
178.0
148.0
159.0
156.0
157.0
138.0
181.0
143.0
159.0
138.0
139.0
172.0
145.0
172.0
153.0
129.0
162.0
175.0
148.0
148.0
180.0
126.0
133.0
152.0
159.0
158.0
183.0
142.0
146.0
255.0
151.0
149.0
144.0
152.0
138.0
149.0
169.0
213.0
151.0
156.0
132.0
129.0
178.0
165.0
135.0
155.0
159.0
173.0
141.0
134.0
157.0
130.0
170.0
148.0
198.0
138.0
164.0
153.0
159.0
181.0
149.0
134.0
145.0
143.0
151.0
141.0
170.0
178.0
193.0
159.0
149.0
168.0
155.0
133.0
153.0
157.0
143.0
141.0
158.0
148.0
158.0
148.0
143.0
143.0
148.0
136.0
224.0
161.0
152.0
175.0
152.0
144.0
150.0
181.0
145.0
142.0
132.0
158.0
198.0
140.0
143.0
150.0
137.0
179.0
167.0
144.0
141.0
148.0
145.0
148.0
138.0
138.0
147.0
144.0
168.0
133.0
132.0
142.0
146.0
154.0
137.0
144.0
156.0
137.0
149.0
142.0
171.0
156.0
160.0
138.0
156.0
157.0
148.0
142.0
168.0
170.0
162.0
155.0
134.0
152.0
142.0
159.0
153.0
161.0
201.0
141.0
163.0
134.0
168.0
144.0
134.0
