187.0
161.0
189.0
203.0
178.0
143.0
141.0
220.0
164.0
203.0
255.0
170.0
169.0
170.0
170.0
185.0
172.0
241.0
176.0
170.0
212.0
147.0
205.0
154.0
263.0
234.0
157.0
145.0
163.0
146.0
156.0
175.0
162.0
306.0
157.0
192.0
164.0
183.0
162.0
164.0
251.0
176.0
200.0
191.0
196.0
167.0
177.0
146.0
145.0
150.0
157.0
163.0
188.0
204.0
177.0
175.0
127.0
159.0
143.0
156.0
169.0
237.0
188.0
166.0
155.0
148.0
165.0
186.0
193.0
165.0
172.0
181.0
204.0
156.0
170.0
281.0
156.0
157.0
156.0
175.0
149.0
154.0
188.0
186.0
208.0
133.0
177.0
218.0
164.0
163.0
216.0
162.0
170.0
206.0
231.0
165.0
162.0
133.0
151.0
148.0
193.0
164.0
158.0
153.0
157.0
198.0
170.0
177.0
177.0
212.0
174.0
213.0
168.0
177.0
204.0
173.0
150.0
155.0
184.0
233.0
181.0
196.0
152.0
154.0
175.0
151.0
157.0
155.0
167.0
194.0
157.0
147.0
203.0
169.0
220.0
173.0
179.0
159.0
165.0
157.0
165.0
238.0
258.0
217.0
193.0
141.0
171.0
181.0
180.0
152.0
154.0
301.0
176.0
200.0
214.0
168.0
156.0
162.0
247.0
161.0
185.0
157.0
167.0
141.0
169.0
183.0
160.0
205.0
170.0
185.0
166.0
167.0
158.0
197.0
175.0
192.0
147.0
156.0
256.0
222.0
178.0
170.0
151.0
153.0
161.0
157.0
155.0
167.0
198.0
246.0
168.0
187.0
201.0
133.0
159.0
185.0
264.0
249.0
167.0
210.0
