209.0
221.0
202.0
155.0
171.0
155.0
141.0
144.0
166.0
183.0
155.0
135.0
154.0
166.0
133.0
157.0
139.0
176.0
164.0
175.0
137.0
283.0
192.0
162.0
144.0
177.0
158.0
143.0
283.0
152.0
192.0
175.0
180.0
158.0
161.0
156.0
146.0
167.0
191.0
146.0
157.0
161.0
151.0
136.0
166.0
190.0
259.0
168.0
142.0
163.0
150.0
142.0
154.0
172.0
175.0
170.0
135.0
164.0
180.0
188.0
183.0
143.0
157.0
164.0
166.0
152.0
155.0
152.0
181.0
139.0
156.0
169.0
218.0
169.0
212.0
182.0
152.0
153.0
146.0
146.0
166.0
154.0
162.0
151.0
162.0
231.0
199.0
163.0
188.0
160.0
274.0
137.0
151.0
138.0
145.0
161.0
135.0
134.0
146.0
152.0
151.0
141.0
168.0
155.0
144.0
149.0
157.0
220.0
177.0
170.0
191.0
174.0
169.0
219.0
154.0
150.0
132.0
156.0
165.0
184.0
306.0
157.0
225.0
136.0
172.0
153.0
137.0
148.0
144.0
154.0
144.0
247.0
148.0
157.0
210.0
151.0
159.0
186.0
201.0
181.0
169.0
159.0
177.0
175.0
143.0
166.0
141.0
170.0
159.0
198.0
170.0
178.0
154.0
166.0
155.0
147.0
193.0
176.0
143.0
140.0
160.0
126.0
167.0
228.0
174.0
158.0
156.0
141.0
170.0
202.0
139.0
155.0
165.0
183.0
159.0
166.0
150.0
166.0
153.0
176.0
185.0
167.0
175.0
155.0
124.0
161.0
141.0
145.0
172.0
155.0
144.0
191.0
164.0
196.0
150.0
157.0
171.0
208.0
139.0
165.0
