154.0
159.0
178.0
165.0
134.0
148.0
164.0
168.0
180.0
161.0
142.0
162.0
182.0
167.0
204.0
175.0
172.0
171.0
144.0
194.0
162.0
204.0
181.0
139.0
196.0
162.0
149.0
169.0
236.0
181.0
170.0
141.0
178.0
293.0
191.0
150.0
138.0
165.0
140.0
152.0
175.0
134.0
282.0
154.0
190.0
196.0
156.0
173.0
165.0
202.0
170.0
209.0
189.0
162.0
153.0
200.0
158.0
232.0
154.0
210.0
245.0
158.0
177.0
174.0
208.0
143.0
165.0
149.0
163.0
195.0
185.0
137.0
152.0
153.0
140.0
176.0
153.0
162.0
168.0
188.0
171.0
135.0
186.0
165.0
162.0
233.0
162.0
170.0
164.0
158.0
160.0
153.0
154.0
171.0
174.0
159.0
161.0
256.0
181.0
153.0
178.0
193.0
281.0
159.0
209.0
176.0
145.0
177.0
136.0
196.0
163.0
150.0
147.0
169.0
158.0
180.0
149.0
172.0
218.0
147.0
155.0
157.0
148.0
210.0
154.0
221.0
162.0
157.0
157.0
229.0
195.0
168.0
181.0
208.0
172.0
157.0
168.0
171.0
258.0
182.0
133.0
145.0
171.0
164.0
172.0
196.0
191.0
151.0
176.0
175.0
165.0
161.0
196.0
169.0
189.0
143.0
149.0
191.0
173.0
161.0
155.0
162.0
149.0
143.0
190.0
147.0
134.0
163.0
192.0
158.0
150.0
156.0
174.0
150.0
171.0
162.0
174.0
160.0
192.0
197.0
181.0
173.0
151.0
191.0
172.0
139.0
154.0
155.0
173.0
277.0
143.0
143.0
166.0
149.0
139.0
169.0
206.0
225.0
154.0
162.0
