226.0
280.0
247.0
256.0
258.0
300.0
232.0
266.0
311.0
281.0
263.0
263.0
283.0
248.0
259.0
278.0
275.0
244.0
351.0
255.0
230.0
244.0
265.0
378.0
255.0
267.0
311.0
279.0
263.0
288.0
218.0
298.0
274.0
250.0
263.0
259.0
264.0
252.0
268.0
250.0
355.0
278.0
259.0
228.0
239.0
284.0
281.0
323.0
279.0
244.0
271.0
251.0
244.0
279.0
255.0
255.0
257.0
257.0
255.0
242.0
289.0
277.0
286.0
274.0
256.0
277.0
260.0
235.0
266.0
283.0
244.0
316.0
240.0
312.0
266.0
292.0
248.0
288.0
240.0
231.0
230.0
288.0
258.0
262.0
306.0
262.0
313.0
302.0
244.0
250.0
289.0
224.0
294.0
250.0
300.0
258.0
283.0
263.0
276.0
230.0
300.0
326.0
271.0
308.0
223.0
278.0
246.0
306.0
298.0
243.0
272.0
285.0
267.0
246.0
219.0
250.0
340.0
209.0
235.0
287.0
275.0
266.0
265.0
245.0
242.0
286.0
246.0
259.0
280.0
285.0
254.0
258.0
240.0
278.0
255.0
251.0
238.0
230.0
250.0
230.0
248.0
354.0
296.0
284.0
245.0
229.0
266.0
232.0
253.0
272.0
271.0
251.0
279.0
242.0
311.0
286.0
277.0
248.0
234.0
261.0
287.0
264.0
256.0
235.0
270.0
296.0
260.0
244.0
252.0
278.0
252.0
265.0
265.0
258.0
243.0
267.0
277.0
309.0
246.0
261.0
280.0
250.0
241.0
265.0
264.0
276.0
297.0
218.0
265.0
282.0
287.0
223.0
276.0
239.0
268.0
246.0
230.0
254.0
255.0
239.0
