195.0
157.0
135.0
158.0
163.0
173.0
187.0
152.0
191.0
259.0
270.0
185.0
173.0
170.0
184.0
183.0
214.0
191.0
149.0
158.0
173.0
149.0
168.0
168.0
197.0
169.0
186.0
188.0
171.0
169.0
337.0
192.0
154.0
225.0
135.0
148.0
229.0
151.0
147.0
162.0
175.0
167.0
179.0
179.0
146.0
138.0
152.0
194.0
192.0
204.0
160.0
168.0
146.0
150.0
135.0
201.0
144.0
181.0
164.0
211.0
163.0
156.0
181.0
199.0
173.0
170.0
176.0
163.0
184.0
170.0
191.0
162.0
153.0
147.0
241.0
147.0
150.0
216.0
173.0
245.0
213.0
186.0
171.0
154.0
176.0
151.0
157.0
151.0
175.0
192.0
190.0
171.0
187.0
232.0
285.0
187.0
231.0
205.0
188.0
176.0
144.0
156.0
171.0
181.0
160.0
173.0
162.0
188.0
141.0
160.0
151.0
174.0
164.0
147.0
142.0
183.0
177.0
159.0
160.0
178.0
171.0
206.0
184.0
152.0
221.0
171.0
180.0
167.0
212.0
140.0
144.0
160.0
146.0
185.0
184.0
184.0
161.0
131.0
152.0
147.0
179.0
176.0
170.0
141.0
204.0
223.0
188.0
162.0
163.0
154.0
172.0
160.0
185.0
211.0
159.0
155.0
172.0
215.0
154.0
164.0
210.0
232.0
174.0
220.0
147.0
165.0
209.0
140.0
184.0
173.0
157.0
164.0
131.0
189.0
186.0
184.0
160.0
240.0
163.0
156.0
172.0
156.0
165.0
153.0
172.0
141.0
279.0
162.0
214.0
152.0
158.0
149.0
163.0
193.0
177.0
171.0
203.0
177.0
181.0
181.0
