133.0
164.0
150.0
178.0
197.0
149.0
132.0
144.0
162.0
192.0
178.0
159.0
151.0
146.0
136.0
149.0
146.0
173.0
150.0
162.0
132.0
138.0
151.0
125.0
139.0
179.0
139.0
144.0
168.0
162.0
153.0
134.0
152.0
155.0
146.0
150.0
131.0
165.0
184.0
157.0
150.0
132.0
160.0
182.0
156.0
156.0
151.0
152.0
162.0
185.0
166.0
178.0
132.0
147.0
130.0
190.0
222.0
268.0
154.0
153.0
164.0
158.0
152.0
173.0
149.0
181.0
165.0
146.0
151.0
138.0
156.0
139.0
284.0
130.0
157.0
150.0
212.0
146.0
153.0
144.0
157.0
152.0
150.0
134.0
140.0
167.0
145.0
140.0
168.0
148.0
204.0
147.0
153.0
162.0
139.0
152.0
163.0
138.0
135.0
156.0
186.0
129.0
144.0
199.0
143.0
148.0
131.0
181.0
140.0
231.0
158.0
179.0
150.0
137.0
156.0
171.0
159.0
158.0
148.0
172.0
138.0
140.0
161.0
147.0
177.0
128.0
149.0
185.0
134.0
145.0
174.0
163.0
152.0
149.0
163.0
158.0
134.0
173.0
137.0
144.0
150.0
145.0
165.0
201.0
144.0
133.0
157.0
154.0
189.0
137.0
155.0
147.0
162.0
138.0
163.0
192.0
160.0
180.0
163.0
163.0
156.0
154.0
171.0
139.0
153.0
150.0
160.0
133.0
184.0
154.0
128.0
196.0
154.0
152.0
157.0
157.0
141.0
145.0
156.0
137.0
164.0
199.0
158.0
157.0
176.0
152.0
162.0
157.0
175.0
146.0
128.0
151.0
144.0
153.0
145.0
148.0
149.0
145.0
161.0
156.0
