287.0
258.0
187.0
161.0
282.0
275.0
213.0
224.0
239.0
189.0
151.0
330.0
252.0
198.0
219.0
185.0
212.0
227.0
202.0
167.0
235.0
269.0
198.0
185.0
193.0
201.0
163.0
158.0
176.0
189.0
193.0
137.0
169.0
224.0
190.0
158.0
310.0
268.0
210.0
292.0
207.0
159.0
204.0
167.0
162.0
199.0
211.0
222.0
190.0
202.0
177.0
249.0
177.0
199.0
164.0
172.0
179.0
227.0
246.0
232.0
196.0
160.0
185.0
182.0
196.0
185.0
179.0
187.0
238.0
264.0
161.0
191.0
169.0
184.0
196.0
197.0
221.0
204.0
192.0
231.0
214.0
173.0
227.0
305.0
222.0
249.0
214.0
208.0
187.0
329.0
329.0
298.0
257.0
156.0
170.0
298.0
203.0
153.0
168.0
185.0
197.0
181.0
206.0
215.0
195.0
230.0
149.0
180.0
177.0
162.0
213.0
229.0
242.0
196.0
149.0
150.0
166.0
226.0
202.0
213.0
159.0
161.0
312.0
209.0
200.0
181.0
164.0
174.0
191.0
185.0
153.0
170.0
197.0
209.0
175.0
165.0
199.0
177.0
167.0
192.0
156.0
190.0
151.0
190.0
243.0
223.0
249.0
258.0
195.0
192.0
252.0
200.0
327.0
222.0
200.0
274.0
271.0
199.0
210.0
215.0
224.0
191.0
278.0
242.0
261.0
268.0
231.0
220.0
201.0
230.0
266.0
269.0
251.0
198.0
209.0
218.0
218.0
176.0
213.0
174.0
190.0
301.0
249.0
199.0
180.0
185.0
204.0
163.0
158.0
254.0
201.0
141.0
191.0
207.0
260.0
200.0
215.0
238.0
181.0
176.0
