155.0
153.0
140.0
143.0
146.0
158.0
159.0
133.0
152.0
144.0
134.0
145.0
140.0
141.0
152.0
131.0
147.0
132.0
195.0
141.0
145.0
131.0
137.0
163.0
159.0
149.0
138.0
143.0
153.0
162.0
134.0
145.0
138.0
133.0
150.0
174.0
158.0
129.0
172.0
120.0
135.0
129.0
158.0
152.0
162.0
146.0
129.0
163.0
164.0
189.0
151.0
157.0
169.0
166.0
146.0
140.0
149.0
135.0
140.0
154.0
151.0
138.0
135.0
123.0
126.0
130.0
127.0
145.0
155.0
144.0
151.0
134.0
145.0
154.0
204.0
140.0
125.0
157.0
132.0
147.0
155.0
168.0
133.0
160.0
133.0
132.0
130.0
136.0
132.0
146.0
149.0
139.0
156.0
140.0
145.0
140.0
122.0
143.0
138.0
163.0
157.0
151.0
161.0
134.0
161.0
128.0
139.0
140.0
140.0
147.0
153.0
149.0
137.0
141.0
131.0
156.0
138.0
145.0
140.0
136.0
253.0
166.0
144.0
134.0
168.0
155.0
132.0
159.0
143.0
140.0
150.0
161.0
146.0
154.0
167.0
138.0
150.0
156.0
157.0
132.0
134.0
137.0
121.0
137.0
133.0
133.0
146.0
145.0
138.0
130.0
146.0
134.0
156.0
122.0
146.0
152.0
149.0
164.0
165.0
138.0
146.0
154.0
129.0
144.0
127.0
148.0
163.0
133.0
161.0
135.0
153.0
123.0
148.0
151.0
136.0
131.0
135.0
129.0
146.0
155.0
190.0
144.0
144.0
131.0
136.0
132.0
145.0
156.0
132.0
130.0
142.0
152.0
146.0
143.0
146.0
189.0
186.0
141.0
146.0
149.0
