253.0
223.0
252.0
234.0
262.0
246.0
293.0
276.0
232.0
252.0
273.0
230.0
284.0
275.0
261.0
229.0
281.0
260.0
256.0
248.0
276.0
277.0
220.0
279.0
264.0
250.0
258.0
248.0
236.0
275.0
263.0
278.0
268.0
252.0
280.0
277.0
206.0
280.0
250.0
256.0
263.0
292.0
270.0
284.0
258.0
279.0
245.0
255.0
272.0
262.0
256.0
263.0
247.0
269.0
227.0
268.0
238.0
229.0
228.0
274.0
257.0
280.0
254.0
256.0
258.0
236.0
245.0
271.0
279.0
260.0
292.0
275.0
264.0
288.0
230.0
280.0
261.0
245.0
273.0
244.0
271.0
250.0
278.0
201.0
243.0
280.0
295.0
230.0
258.0
230.0
266.0
283.0
238.0
261.0
247.0
206.0
228.0
231.0
232.0
240.0
250.0
263.0
284.0
238.0
247.0
267.0
242.0
246.0
304.0
271.0
285.0
256.0
279.0
283.0
255.0
257.0
261.0
254.0
254.0
289.0
221.0
279.0
327.0
257.0
264.0
254.0
231.0
258.0
280.0
268.0
264.0
255.0
260.0
254.0
226.0
256.0
321.0
230.0
268.0
229.0
261.0
255.0
241.0
241.0
247.0
266.0
306.0
244.0
278.0
311.0
245.0
244.0
322.0
267.0
259.0
286.0
221.0
237.0
263.0
261.0
270.0
241.0
228.0
249.0
269.0
238.0
308.0
326.0
294.0
241.0
246.0
249.0
254.0
250.0
241.0
233.0
269.0
283.0
239.0
255.0
258.0
264.0
260.0
275.0
311.0
277.0
290.0
302.0
274.0
258.0
243.0
247.0
257.0
228.0
227.0
259.0
319.0
293.0
285.0
270.0
