130.0
141.0
130.0
167.0
132.0
191.0
160.0
173.0
159.0
160.0
135.0
137.0
197.0
150.0
151.0
147.0
155.0
133.0
151.0
139.0
148.0
145.0
135.0
153.0
149.0
168.0
157.0
146.0
179.0
199.0
168.0
148.0
246.0
174.0
171.0
193.0
163.0
172.0
136.0
155.0
189.0
147.0
179.0
203.0
157.0
261.0
169.0
168.0
155.0
159.0
141.0
150.0
154.0
159.0
201.0
175.0
139.0
139.0
154.0
161.0
161.0
151.0
163.0
135.0
167.0
190.0
160.0
145.0
156.0
138.0
156.0
139.0
168.0
137.0
138.0
157.0
172.0
159.0
153.0
145.0
147.0
207.0
171.0
142.0
197.0
150.0
144.0
169.0
177.0
144.0
127.0
142.0
147.0
139.0
142.0
151.0
154.0
158.0
167.0
196.0
191.0
154.0
181.0
150.0
162.0
163.0
166.0
166.0
182.0
152.0
154.0
180.0
164.0
135.0
180.0
183.0
156.0
177.0
158.0
152.0
151.0
165.0
152.0
132.0
142.0
131.0
145.0
147.0
139.0
170.0
190.0
148.0
134.0
161.0
196.0
124.0
143.0
165.0
155.0
147.0
137.0
157.0
155.0
142.0
145.0
182.0
155.0
145.0
154.0
151.0
150.0
185.0
136.0
151.0
144.0
151.0
205.0
175.0
151.0
248.0
155.0
154.0
139.0
148.0
153.0
184.0
154.0
141.0
157.0
146.0
157.0
226.0
183.0
150.0
148.0
176.0
180.0
159.0
164.0
176.0
172.0
152.0
151.0
179.0
155.0
154.0
168.0
148.0
177.0
164.0
154.0
184.0
163.0
139.0
143.0
152.0
137.0
140.0
179.0
161.0
