345.0
299.0
265.0
255.0
280.0
250.0
270.0
284.0
276.0
234.0
259.0
274.0
283.0
250.0
254.0
269.0
250.0
302.0
296.0
293.0
260.0
265.0
297.0
220.0
280.0
291.0
279.0
250.0
254.0
233.0
300.0
271.0
244.0
262.0
247.0
277.0
257.0
242.0
245.0
273.0
292.0
294.0
304.0
244.0
254.0
239.0
244.0
239.0
262.0
288.0
274.0
277.0
252.0
246.0
290.0
252.0
273.0
322.0
250.0
264.0
267.0
237.0
293.0
267.0
241.0
288.0
273.0
219.0
246.0
281.0
296.0
234.0
248.0
305.0
497.0
242.0
335.0
255.0
227.0
315.0
259.0
288.0
265.0
291.0
274.0
320.0
311.0
288.0
231.0
270.0
262.0
252.0
254.0
242.0
258.0
273.0
271.0
291.0
293.0
240.0
240.0
281.0
248.0
262.0
296.0
274.0
254.0
299.0
240.0
261.0
241.0
256.0
273.0
245.0
311.0
264.0
231.0
208.0
252.0
216.0
237.0
280.0
258.0
267.0
264.0
269.0
239.0
277.0
298.0
255.0
232.0
233.0
260.0
304.0
264.0
248.0
337.0
346.0
249.0
266.0
300.0
269.0
277.0
255.0
275.0
277.0
253.0
283.0
268.0
273.0
255.0
255.0
286.0
257.0
239.0
246.0
256.0
256.0
250.0
266.0
252.0
329.0
278.0
274.0
269.0
294.0
264.0
258.0
254.0
227.0
288.0
273.0
241.0
272.0
249.0
279.0
294.0
317.0
291.0
243.0
234.0
254.0
236.0
355.0
293.0
262.0
300.0
258.0
248.0
250.0
264.0
259.0
373.0
249.0
361.0
280.0
290.0
232.0
255.0
348.0
