165.0
215.0
225.0
215.0
211.0
219.0
203.0
168.0
197.0
165.0
170.0
170.0
239.0
186.0
178.0
277.0
256.0
202.0
196.0
163.0
206.0
200.0
177.0
176.0
158.0
168.0
208.0
180.0
222.0
183.0
174.0
172.0
245.0
176.0
195.0
201.0
184.0
181.0
163.0
155.0
148.0
166.0
193.0
177.0
183.0
201.0
302.0
189.0
210.0
167.0
157.0
308.0
215.0
157.0
144.0
183.0
223.0
152.0
262.0
179.0
229.0
164.0
215.0
173.0
180.0
231.0
209.0
172.0
184.0
217.0
174.0
209.0
204.0
177.0
179.0
181.0
167.0
169.0
198.0
282.0
223.0
175.0
223.0
214.0
217.0
150.0
159.0
182.0
187.0
151.0
216.0
149.0
165.0
182.0
167.0
177.0
187.0
166.0
219.0
172.0
217.0
138.0
166.0
239.0
200.0
206.0
191.0
178.0
144.0
173.0
168.0
194.0
264.0
295.0
235.0
200.0
248.0
212.0
161.0
143.0
204.0
151.0
243.0
193.0
173.0
195.0
183.0
207.0
165.0
179.0
174.0
222.0
173.0
169.0
186.0
246.0
214.0
237.0
133.0
190.0
195.0
153.0
265.0
154.0
166.0
199.0
167.0
208.0
186.0
156.0
227.0
192.0
147.0
190.0
190.0
177.0
145.0
199.0
179.0
276.0
227.0
163.0
169.0
195.0
157.0
159.0
185.0
162.0
165.0
158.0
235.0
187.0
164.0
269.0
286.0
188.0
216.0
206.0
178.0
217.0
303.0
303.0
333.0
163.0
184.0
184.0
166.0
211.0
180.0
232.0
193.0
234.0
186.0
214.0
156.0
234.0
180.0
163.0
182.0
177.0
