312.0
265.0
236.0
276.0
293.0
232.0
307.0
247.0
272.0
269.0
272.0
279.0
299.0
296.0
325.0
259.0
262.0
324.0
253.0
243.0
278.0
231.0
265.0
242.0
264.0
273.0
302.0
260.0
283.0
247.0
269.0
241.0
281.0
252.0
258.0
225.0
259.0
248.0
249.0
249.0
254.0
244.0
282.0
257.0
288.0
269.0
243.0
253.0
254.0
301.0
257.0
281.0
274.0
261.0
286.0
247.0
278.0
280.0
340.0
326.0
231.0
320.0
280.0
244.0
288.0
254.0
287.0
236.0
310.0
274.0
266.0
280.0
297.0
251.0
277.0
275.0
244.0
301.0
324.0
283.0
255.0
238.0
276.0
280.0
266.0
268.0
254.0
320.0
282.0
235.0
273.0
270.0
258.0
337.0
241.0
248.0
270.0
271.0
279.0
279.0
333.0
416.0
287.0
241.0
319.0
264.0
275.0
279.0
270.0
281.0
351.0
255.0
293.0
346.0
262.0
239.0
260.0
318.0
261.0
362.0
305.0
266.0
291.0
272.0
271.0
308.0
264.0
273.0
283.0
271.0
285.0
273.0
251.0
275.0
251.0
347.0
303.0
341.0
277.0
265.0
327.0
282.0
308.0
245.0
295.0
255.0
286.0
272.0
254.0
302.0
288.0
267.0
255.0
269.0
333.0
268.0
335.0
315.0
273.0
244.0
257.0
323.0
289.0
272.0
283.0
258.0
279.0
265.0
291.0
273.0
255.0
280.0
247.0
297.0
298.0
245.0
297.0
270.0
275.0
263.0
279.0
256.0
262.0
265.0
317.0
274.0
293.0
269.0
268.0
287.0
268.0
325.0
321.0
275.0
371.0
244.0
279.0
296.0
300.0
250.0
