159.0
150.0
140.0
166.0
127.0
137.0
137.0
159.0
144.0
127.0
131.0
148.0
137.0
159.0
146.0
156.0
155.0
138.0
142.0
136.0
136.0
160.0
171.0
173.0
134.0
145.0
147.0
138.0
137.0
137.0
133.0
129.0
162.0
142.0
164.0
149.0
202.0
151.0
150.0
170.0
147.0
143.0
140.0
161.0
135.0
148.0
146.0
147.0
129.0
149.0
165.0
150.0
152.0
153.0
154.0
149.0
141.0
143.0
131.0
146.0
143.0
155.0
172.0
129.0
146.0
145.0
137.0
143.0
151.0
144.0
145.0
131.0
140.0
154.0
139.0
141.0
152.0
165.0
148.0
181.0
139.0
140.0
140.0
153.0
135.0
121.0
135.0
131.0
136.0
130.0
155.0
151.0
146.0
309.0
142.0
145.0
122.0
174.0
131.0
155.0
146.0
142.0
130.0
130.0
172.0
166.0
152.0
152.0
137.0
141.0
153.0
141.0
165.0
144.0
152.0
142.0
133.0
141.0
143.0
136.0
132.0
147.0
153.0
185.0
173.0
140.0
136.0
162.0
142.0
147.0
131.0
161.0
138.0
145.0
144.0
168.0
130.0
159.0
146.0
135.0
140.0
152.0
130.0
160.0
153.0
154.0
156.0
169.0
136.0
198.0
148.0
153.0
136.0
140.0
128.0
134.0
131.0
147.0
146.0
258.0
160.0
152.0
126.0
215.0
166.0
146.0
118.0
157.0
186.0
136.0
165.0
156.0
180.0
144.0
153.0
147.0
130.0
152.0
150.0
143.0
145.0
146.0
180.0
142.0
127.0
133.0
140.0
137.0
149.0
168.0
156.0
145.0
149.0
187.0
266.0
134.0
134.0
133.0
143.0
132.0
