267.0
266.0
256.0
290.0
275.0
261.0
318.0
222.0
334.0
245.0
277.0
263.0
224.0
310.0
245.0
278.0
262.0
293.0
265.0
227.0
241.0
243.0
226.0
262.0
217.0
220.0
326.0
234.0
272.0
252.0
239.0
221.0
272.0
231.0
257.0
233.0
236.0
251.0
304.0
228.0
288.0
260.0
227.0
265.0
258.0
269.0
252.0
247.0
250.0
226.0
265.0
250.0
247.0
300.0
245.0
277.0
274.0
269.0
249.0
243.0
234.0
234.0
352.0
266.0
262.0
252.0
274.0
256.0
245.0
245.0
294.0
221.0
236.0
240.0
319.0
273.0
271.0
246.0
299.0
292.0
246.0
230.0
229.0
242.0
277.0
257.0
254.0
264.0
238.0
299.0
239.0
289.0
263.0
215.0
271.0
265.0
219.0
265.0
233.0
238.0
243.0
272.0
274.0
258.0
258.0
257.0
317.0
273.0
251.0
231.0
219.0
259.0
281.0
245.0
228.0
292.0
242.0
289.0
287.0
247.0
312.0
282.0
260.0
262.0
270.0
272.0
231.0
229.0
253.0
246.0
309.0
224.0
233.0
263.0
256.0
270.0
293.0
246.0
255.0
219.0
252.0
247.0
254.0
337.0
294.0
240.0
243.0
246.0
228.0
256.0
286.0
273.0
247.0
273.0
243.0
255.0
272.0
244.0
236.0
237.0
246.0
255.0
266.0
293.0
295.0
243.0
255.0
223.0
246.0
222.0
318.0
270.0
258.0
269.0
276.0
241.0
289.0
246.0
258.0
269.0
228.0
311.0
244.0
281.0
252.0
260.0
239.0
227.0
254.0
247.0
268.0
252.0
238.0
272.0
269.0
278.0
277.0
242.0
265.0
286.0
