130.0
130.0
165.0
144.0
195.0
144.0
149.0
191.0
146.0
177.0
145.0
146.0
174.0
137.0
144.0
145.0
145.0
189.0
121.0
164.0
132.0
183.0
140.0
140.0
144.0
166.0
142.0
181.0
151.0
150.0
174.0
149.0
145.0
132.0
162.0
147.0
134.0
143.0
142.0
157.0
201.0
136.0
160.0
124.0
148.0
166.0
178.0
151.0
149.0
129.0
142.0
162.0
188.0
184.0
151.0
173.0
201.0
183.0
148.0
210.0
188.0
184.0
134.0
140.0
157.0
133.0
168.0
146.0
145.0
176.0
152.0
192.0
239.0
156.0
159.0
246.0
150.0
167.0
163.0
157.0
153.0
173.0
158.0
141.0
132.0
180.0
147.0
146.0
187.0
165.0
152.0
237.0
153.0
172.0
159.0
185.0
137.0
152.0
215.0
168.0
141.0
161.0
163.0
137.0
157.0
162.0
165.0
144.0
140.0
158.0
170.0
138.0
147.0
140.0
158.0
147.0
181.0
140.0
208.0
148.0
139.0
128.0
172.0
181.0
149.0
138.0
131.0
149.0
132.0
145.0
133.0
141.0
157.0
132.0
203.0
146.0
135.0
164.0
139.0
180.0
159.0
166.0
138.0
146.0
170.0
157.0
221.0
143.0
149.0
150.0
135.0
136.0
226.0
138.0
144.0
248.0
149.0
157.0
148.0
148.0
141.0
173.0
158.0
168.0
158.0
148.0
158.0
167.0
120.0
172.0
160.0
154.0
148.0
159.0
138.0
148.0
167.0
137.0
156.0
163.0
166.0
169.0
135.0
140.0
137.0
159.0
145.0
147.0
146.0
165.0
151.0
144.0
139.0
161.0
165.0
165.0
146.0
158.0
177.0
230.0
