232.0
286.0
270.0
265.0
264.0
244.0
229.0
290.0
305.0
230.0
246.0
244.0
274.0
279.0
242.0
238.0
246.0
317.0
232.0
286.0
276.0
280.0
251.0
255.0
289.0
258.0
274.0
255.0
242.0
304.0
279.0
316.0
239.0
251.0
240.0
245.0
247.0
301.0
276.0
243.0
201.0
255.0
229.0
247.0
269.0
243.0
253.0
242.0
245.0
298.0
241.0
274.0
252.0
248.0
228.0
256.0
240.0
252.0
243.0
262.0
243.0
275.0
357.0
274.0
270.0
226.0
234.0
248.0
288.0
264.0
285.0
235.0
257.0
262.0
235.0
294.0
292.0
256.0
262.0
267.0
266.0
242.0
328.0
284.0
282.0
289.0
272.0
237.0
270.0
239.0
267.0
355.0
283.0
289.0
286.0
330.0
237.0
294.0
273.0
244.0
333.0
282.0
257.0
291.0
284.0
249.0
286.0
265.0
231.0
247.0
233.0
281.0
227.0
240.0
251.0
300.0
253.0
259.0
281.0
251.0
313.0
260.0
311.0
305.0
283.0
269.0
283.0
242.0
278.0
334.0
305.0
264.0
248.0
290.0
243.0
306.0
259.0
256.0
249.0
290.0
273.0
267.0
280.0
231.0
260.0
298.0
308.0
267.0
222.0
266.0
275.0
335.0
239.0
302.0
233.0
264.0
265.0
226.0
253.0
348.0
274.0
292.0
269.0
257.0
284.0
285.0
226.0
254.0
270.0
284.0
313.0
266.0
239.0
284.0
279.0
240.0
269.0
281.0
274.0
241.0
270.0
253.0
269.0
257.0
278.0
253.0
280.0
352.0
262.0
271.0
226.0
324.0
261.0
264.0
282.0
236.0
278.0
222.0
276.0
277.0
