263.0
223.0
244.0
277.0
264.0
276.0
245.0
264.0
315.0
278.0
287.0
255.0
253.0
292.0
260.0
254.0
268.0
225.0
353.0
242.0
253.0
255.0
306.0
286.0
263.0
267.0
257.0
249.0
250.0
283.0
302.0
273.0
254.0
287.0
249.0
252.0
287.0
273.0
310.0
265.0
269.0
310.0
290.0
254.0
298.0
249.0
273.0
277.0
301.0
253.0
285.0
266.0
249.0
286.0
280.0
299.0
301.0
246.0
293.0
244.0
227.0
233.0
276.0
305.0
245.0
308.0
280.0
257.0
242.0
214.0
227.0
231.0
304.0
253.0
297.0
252.0
283.0
267.0
276.0
260.0
287.0
280.0
231.0
264.0
275.0
243.0
245.0
254.0
288.0
240.0
294.0
320.0
234.0
239.0
342.0
235.0
249.0
268.0
227.0
254.0
290.0
258.0
216.0
232.0
243.0
255.0
265.0
227.0
296.0
253.0
272.0
273.0
307.0
290.0
264.0
314.0
232.0
272.0
287.0
261.0
256.0
225.0
233.0
279.0
236.0
253.0
231.0
254.0
221.0
221.0
255.0
216.0
240.0
313.0
234.0
231.0
235.0
291.0
246.0
239.0
242.0
250.0
241.0
254.0
281.0
254.0
233.0
275.0
290.0
239.0
242.0
295.0
256.0
292.0
243.0
272.0
224.0
286.0
259.0
291.0
250.0
219.0
241.0
236.0
296.0
299.0
294.0
278.0
284.0
255.0
252.0
272.0
252.0
245.0
284.0
267.0
221.0
285.0
282.0
302.0
227.0
267.0
288.0
286.0
245.0
296.0
279.0
249.0
300.0
225.0
253.0
217.0
254.0
282.0
273.0
236.0
244.0
253.0
258.0
270.0
