150.0
123.0
173.0
131.0
205.0
157.0
189.0
146.0
131.0
148.0
163.0
162.0
172.0
182.0
180.0
157.0
219.0
142.0
146.0
161.0
149.0
155.0
138.0
160.0
146.0
160.0
140.0
158.0
146.0
144.0
162.0
146.0
156.0
146.0
164.0
140.0
147.0
273.0
171.0
162.0
211.0
157.0
191.0
187.0
153.0
168.0
148.0
174.0
170.0
135.0
137.0
157.0
167.0
208.0
146.0
151.0
144.0
142.0
194.0
142.0
165.0
158.0
152.0
149.0
143.0
139.0
126.0
152.0
152.0
148.0
140.0
150.0
230.0
153.0
175.0
196.0
193.0
161.0
137.0
150.0
168.0
159.0
140.0
144.0
165.0
154.0
144.0
159.0
158.0
146.0
139.0
145.0
154.0
180.0
158.0
160.0
148.0
134.0
143.0
168.0
135.0
166.0
156.0
170.0
180.0
153.0
140.0
151.0
149.0
170.0
159.0
149.0
139.0
145.0
149.0
174.0
145.0
144.0
140.0
148.0
150.0
140.0
148.0
143.0
148.0
182.0
179.0
153.0
134.0
165.0
191.0
166.0
177.0
149.0
173.0
155.0
173.0
141.0
147.0
162.0
141.0
154.0
163.0
168.0
147.0
201.0
146.0
154.0
168.0
237.0
170.0
156.0
171.0
146.0
157.0
143.0
177.0
165.0
129.0
150.0
124.0
149.0
152.0
159.0
175.0
156.0
148.0
147.0
173.0
157.0
146.0
146.0
137.0
153.0
145.0
183.0
123.0
132.0
146.0
144.0
137.0
152.0
145.0
169.0
155.0
161.0
149.0
146.0
122.0
194.0
153.0
152.0
160.0
308.0
215.0
154.0
146.0
218.0
142.0
140.0
