237.0
251.0
300.0
233.0
231.0
276.0
277.0
262.0
255.0
214.0
287.0
250.0
230.0
230.0
285.0
293.0
221.0
235.0
261.0
250.0
262.0
247.0
259.0
227.0
259.0
304.0
255.0
283.0
241.0
235.0
219.0
249.0
238.0
264.0
268.0
255.0
249.0
261.0
266.0
274.0
243.0
243.0
261.0
308.0
259.0
232.0
286.0
245.0
285.0
229.0
227.0
279.0
212.0
238.0
271.0
234.0
241.0
253.0
278.0
242.0
260.0
251.0
306.0
245.0
257.0
248.0
292.0
248.0
260.0
261.0
283.0
259.0
254.0
299.0
246.0
267.0
222.0
268.0
248.0
245.0
296.0
293.0
236.0
270.0
267.0
241.0
253.0
270.0
229.0
265.0
246.0
255.0
357.0
240.0
277.0
261.0
222.0
289.0
235.0
241.0
223.0
269.0
276.0
276.0
304.0
247.0
271.0
262.0
279.0
268.0
284.0
243.0
257.0
256.0
270.0
249.0
264.0
229.0
254.0
208.0
238.0
260.0
284.0
275.0
302.0
255.0
252.0
271.0
269.0
237.0
274.0
323.0
256.0
268.0
207.0
237.0
252.0
269.0
316.0
257.0
247.0
276.0
234.0
273.0
269.0
271.0
253.0
241.0
316.0
256.0
231.0
291.0
214.0
261.0
279.0
245.0
226.0
243.0
275.0
240.0
274.0
260.0
270.0
236.0
284.0
247.0
237.0
266.0
258.0
257.0
242.0
239.0
293.0
264.0
271.0
268.0
228.0
293.0
262.0
248.0
305.0
239.0
238.0
257.0
228.0
241.0
234.0
280.0
258.0
269.0
289.0
258.0
225.0
266.0
268.0
239.0
243.0
252.0
266.0
271.0
