160.0
148.0
139.0
160.0
172.0
151.0
168.0
216.0
180.0
163.0
174.0
148.0
148.0
153.0
150.0
146.0
248.0
158.0
310.0
170.0
172.0
149.0
183.0
197.0
180.0
159.0
182.0
175.0
199.0
230.0
161.0
169.0
143.0
161.0
161.0
147.0
141.0
160.0
168.0
144.0
155.0
155.0
233.0
148.0
171.0
205.0
240.0
230.0
392.0
186.0
171.0
181.0
180.0
158.0
160.0
182.0
231.0
142.0
150.0
173.0
156.0
182.0
143.0
167.0
154.0
156.0
165.0
161.0
145.0
157.0
172.0
182.0
188.0
228.0
175.0
167.0
174.0
179.0
178.0
243.0
176.0
235.0
179.0
140.0
166.0
165.0
156.0
172.0
166.0
168.0
167.0
180.0
183.0
202.0
165.0
177.0
279.0
165.0
166.0
167.0
217.0
150.0
158.0
174.0
143.0
224.0
172.0
159.0
159.0
213.0
151.0
184.0
158.0
168.0
146.0
159.0
162.0
165.0
218.0
187.0
203.0
264.0
156.0
180.0
183.0
135.0
183.0
153.0
175.0
176.0
144.0
171.0
159.0
146.0
162.0
226.0
161.0
223.0
193.0
223.0
144.0
174.0
166.0
178.0
196.0
138.0
167.0
171.0
143.0
181.0
164.0
144.0
180.0
212.0
190.0
131.0
152.0
169.0
180.0
189.0
179.0
160.0
146.0
198.0
154.0
170.0
154.0
195.0
141.0
204.0
184.0
204.0
148.0
174.0
164.0
170.0
166.0
294.0
145.0
166.0
153.0
142.0
156.0
173.0
133.0
178.0
301.0
234.0
159.0
280.0
163.0
231.0
219.0
218.0
154.0
148.0
185.0
242.0
166.0
128.0
