231.0
276.0
259.0
249.0
280.0
251.0
289.0
254.0
232.0
294.0
236.0
229.0
294.0
333.0
230.0
325.0
278.0
285.0
239.0
259.0
259.0
233.0
244.0
274.0
294.0
274.0
267.0
243.0
293.0
272.0
276.0
287.0
273.0
252.0
295.0
277.0
267.0
288.0
240.0
275.0
279.0
280.0
228.0
263.0
250.0
223.0
291.0
264.0
321.0
265.0
275.0
262.0
303.0
254.0
246.0
247.0
263.0
268.0
273.0
244.0
258.0
243.0
327.0
278.0
239.0
254.0
278.0
251.0
296.0
316.0
262.0
273.0
239.0
250.0
318.0
222.0
256.0
221.0
237.0
239.0
256.0
278.0
268.0
243.0
305.0
219.0
250.0
247.0
272.0
265.0
272.0
263.0
273.0
290.0
229.0
272.0
271.0
271.0
273.0
279.0
248.0
283.0
290.0
264.0
255.0
270.0
294.0
269.0
227.0
245.0
237.0
248.0
247.0
232.0
266.0
236.0
313.0
234.0
248.0
250.0
272.0
237.0
256.0
262.0
290.0
279.0
254.0
255.0
292.0
278.0
275.0
246.0
265.0
279.0
256.0
256.0
262.0
245.0
242.0
259.0
265.0
341.0
283.0
253.0
197.0
228.0
255.0
241.0
237.0
278.0
239.0
244.0
254.0
226.0
250.0
282.0
260.0
240.0
207.0
267.0
234.0
250.0
280.0
245.0
305.0
307.0
260.0
253.0
262.0
266.0
217.0
265.0
251.0
292.0
261.0
250.0
244.0
257.0
230.0
292.0
356.0
249.0
250.0
273.0
296.0
259.0
239.0
272.0
277.0
226.0
257.0
233.0
258.0
228.0
232.0
247.0
268.0
251.0
233.0
325.0
