160.0
148.0
146.0
138.0
224.0
146.0
153.0
198.0
160.0
250.0
246.0
157.0
170.0
187.0
183.0
165.0
176.0
183.0
153.0
152.0
149.0
216.0
204.0
169.0
158.0
175.0
236.0
260.0
228.0
171.0
156.0
152.0
169.0
168.0
175.0
141.0
156.0
190.0
153.0
166.0
151.0
193.0
159.0
242.0
174.0
155.0
140.0
170.0
223.0
166.0
203.0
234.0
167.0
179.0
166.0
187.0
145.0
147.0
158.0
258.0
196.0
172.0
161.0
154.0
206.0
192.0
187.0
146.0
129.0
163.0
202.0
198.0
246.0
240.0
165.0
141.0
160.0
168.0
155.0
237.0
188.0
233.0
237.0
219.0
185.0
203.0
165.0
222.0
165.0
198.0
157.0
156.0
173.0
163.0
212.0
196.0
187.0
176.0
196.0
137.0
175.0
208.0
162.0
155.0
164.0
152.0
238.0
274.0
204.0
166.0
154.0
158.0
147.0
188.0
150.0
144.0
190.0
187.0
163.0
172.0
283.0
150.0
163.0
174.0
175.0
147.0
180.0
156.0
174.0
164.0
150.0
160.0
191.0
176.0
156.0
142.0
165.0
177.0
248.0
183.0
171.0
186.0
162.0
257.0
188.0
228.0
160.0
173.0
269.0
205.0
210.0
230.0
167.0
154.0
191.0
232.0
249.0
173.0
163.0
151.0
143.0
180.0
172.0
165.0
194.0
198.0
156.0
167.0
196.0
187.0
167.0
170.0
279.0
161.0
200.0
137.0
191.0
177.0
173.0
226.0
242.0
174.0
216.0
153.0
174.0
188.0
160.0
155.0
167.0
176.0
215.0
166.0
186.0
172.0
154.0
138.0
170.0
208.0
167.0
152.0
