216.0
257.0
254.0
267.0
254.0
273.0
251.0
289.0
335.0
247.0
221.0
239.0
257.0
305.0
280.0
274.0
314.0
280.0
268.0
287.0
296.0
301.0
251.0
303.0
237.0
316.0
254.0
232.0
260.0
260.0
251.0
244.0
277.0
252.0
295.0
276.0
281.0
231.0
256.0
237.0
263.0
244.0
273.0
232.0
260.0
242.0
265.0
237.0
260.0
323.0
245.0
275.0
225.0
335.0
280.0
278.0
312.0
221.0
241.0
265.0
251.0
294.0
270.0
238.0
244.0
261.0
246.0
239.0
323.0
291.0
232.0
285.0
255.0
265.0
270.0
268.0
251.0
291.0
264.0
311.0
247.0
255.0
239.0
295.0
267.0
321.0
257.0
231.0
255.0
298.0
239.0
248.0
308.0
241.0
239.0
208.0
246.0
290.0
229.0
248.0
271.0
273.0
223.0
271.0
251.0
258.0
273.0
261.0
278.0
267.0
303.0
278.0
293.0
248.0
269.0
249.0
235.0
258.0
247.0
262.0
264.0
287.0
274.0
303.0
262.0
242.0
244.0
272.0
246.0
282.0
292.0
225.0
272.0
272.0
237.0
286.0
246.0
235.0
267.0
229.0
288.0
235.0
217.0
269.0
224.0
247.0
266.0
216.0
250.0
336.0
243.0
240.0
266.0
242.0
307.0
284.0
349.0
250.0
262.0
216.0
275.0
278.0
260.0
294.0
255.0
254.0
270.0
248.0
281.0
235.0
267.0
279.0
300.0
244.0
290.0
233.0
299.0
258.0
232.0
257.0
246.0
220.0
220.0
244.0
285.0
261.0
310.0
263.0
271.0
265.0
243.0
287.0
214.0
285.0
271.0
246.0
242.0
263.0
288.0
259.0
