291.0
258.0
274.0
263.0
255.0
291.0
300.0
249.0
269.0
249.0
320.0
279.0
261.0
257.0
297.0
292.0
294.0
271.0
284.0
252.0
235.0
265.0
312.0
265.0
246.0
305.0
292.0
222.0
368.0
277.0
257.0
281.0
276.0
276.0
328.0
252.0
234.0
291.0
269.0
266.0
320.0
288.0
273.0
266.0
251.0
292.0
304.0
339.0
272.0
264.0
250.0
297.0
295.0
290.0
246.0
262.0
248.0
284.0
262.0
267.0
237.0
237.0
260.0
287.0
354.0
309.0
325.0
303.0
302.0
253.0
306.0
296.0
279.0
285.0
244.0
292.0
274.0
249.0
351.0
264.0
311.0
256.0
235.0
312.0
307.0
293.0
282.0
291.0
262.0
392.0
280.0
302.0
264.0
364.0
256.0
240.0
269.0
283.0
248.0
306.0
276.0
286.0
282.0
281.0
244.0
262.0
257.0
319.0
253.0
258.0
282.0
294.0
298.0
264.0
302.0
274.0
288.0
260.0
273.0
294.0
269.0
286.0
308.0
260.0
261.0
252.0
247.0
262.0
266.0
260.0
234.0
279.0
277.0
263.0
253.0
316.0
236.0
367.0
269.0
270.0
242.0
252.0
317.0
246.0
248.0
322.0
291.0
289.0
330.0
265.0
254.0
234.0
297.0
251.0
293.0
378.0
305.0
266.0
287.0
249.0
243.0
302.0
294.0
281.0
320.0
295.0
279.0
258.0
271.0
266.0
347.0
249.0
271.0
251.0
268.0
276.0
230.0
252.0
258.0
272.0
252.0
251.0
276.0
268.0
306.0
265.0
335.0
296.0
259.0
260.0
259.0
299.0
311.0
269.0
289.0
343.0
282.0
300.0
255.0
278.0
