260.0
191.0
235.0
280.0
220.0
189.0
222.0
207.0
176.0
280.0
281.0
246.0
220.0
225.0
191.0
222.0
206.0
208.0
217.0
171.0
197.0
237.0
231.0
211.0
244.0
202.0
164.0
187.0
150.0
168.0
201.0
167.0
137.0
156.0
190.0
227.0
208.0
316.0
317.0
237.0
229.0
240.0
240.0
254.0
251.0
184.0
188.0
231.0
201.0
230.0
233.0
221.0
212.0
164.0
190.0
231.0
282.0
260.0
230.0
211.0
199.0
221.0
153.0
168.0
322.0
289.0
213.0
221.0
177.0
177.0
231.0
236.0
198.0
228.0
198.0
186.0
192.0
215.0
262.0
262.0
329.0
368.0
312.0
242.0
169.0
181.0
185.0
184.0
245.0
274.0
289.0
268.0
288.0
330.0
275.0
197.0
200.0
279.0
186.0
192.0
185.0
215.0
246.0
275.0
256.0
167.0
165.0
220.0
211.0
176.0
150.0
262.0
209.0
171.0
163.0
252.0
282.0
343.0
271.0
246.0
290.0
252.0
362.0
335.0
262.0
253.0
269.0
265.0
298.0
360.0
275.0
209.0
242.0
262.0
214.0
210.0
179.0
161.0
213.0
210.0
198.0
160.0
145.0
170.0
246.0
186.0
307.0
213.0
165.0
198.0
185.0
172.0
190.0
189.0
183.0
185.0
173.0
158.0
157.0
156.0
151.0
181.0
190.0
177.0
185.0
207.0
188.0
161.0
204.0
266.0
202.0
182.0
252.0
238.0
186.0
172.0
163.0
196.0
249.0
291.0
276.0
238.0
216.0
181.0
206.0
192.0
228.0
163.0
178.0
183.0
182.0
170.0
171.0
175.0
162.0
180.0
167.0
168.0
230.0
244.0
