228.0
221.0
251.0
248.0
234.0
245.0
302.0
255.0
284.0
227.0
238.0
272.0
282.0
243.0
267.0
260.0
262.0
255.0
262.0
251.0
277.0
243.0
228.0
240.0
262.0
240.0
253.0
218.0
240.0
249.0
240.0
223.0
311.0
248.0
252.0
268.0
228.0
254.0
249.0
256.0
240.0
219.0
239.0
256.0
272.0
283.0
238.0
237.0
239.0
265.0
240.0
305.0
242.0
312.0
291.0
251.0
260.0
253.0
239.0
256.0
208.0
257.0
225.0
280.0
268.0
234.0
254.0
254.0
273.0
360.0
304.0
266.0
281.0
296.0
300.0
263.0
252.0
265.0
265.0
241.0
269.0
258.0
240.0
215.0
221.0
224.0
272.0
259.0
223.0
221.0
297.0
261.0
229.0
283.0
249.0
269.0
284.0
259.0
229.0
230.0
279.0
235.0
300.0
235.0
256.0
239.0
234.0
217.0
230.0
261.0
235.0
259.0
319.0
231.0
248.0
244.0
253.0
244.0
197.0
246.0
290.0
286.0
263.0
240.0
296.0
231.0
229.0
223.0
214.0
257.0
246.0
272.0
260.0
291.0
246.0
260.0
238.0
238.0
228.0
234.0
241.0
255.0
246.0
253.0
240.0
278.0
296.0
262.0
250.0
252.0
246.0
230.0
262.0
289.0
254.0
227.0
260.0
240.0
299.0
211.0
287.0
265.0
260.0
275.0
277.0
236.0
269.0
207.0
229.0
263.0
293.0
245.0
280.0
275.0
241.0
227.0
226.0
235.0
219.0
252.0
245.0
284.0
244.0
253.0
243.0
242.0
304.0
317.0
257.0
234.0
259.0
218.0
240.0
255.0
251.0
290.0
258.0
250.0
227.0
286.0
