143.0
160.0
149.0
148.0
153.0
154.0
142.0
186.0
137.0
165.0
163.0
180.0
166.0
146.0
179.0
155.0
145.0
149.0
142.0
197.0
157.0
165.0
152.0
140.0
143.0
168.0
135.0
337.0
143.0
153.0
149.0
156.0
136.0
144.0
145.0
158.0
147.0
139.0
147.0
154.0
174.0
152.0
143.0
150.0
145.0
147.0
173.0
130.0
158.0
167.0
143.0
159.0
192.0
149.0
138.0
147.0
145.0
181.0
166.0
146.0
148.0
155.0
141.0
161.0
134.0
161.0
144.0
159.0
146.0
139.0
160.0
178.0
228.0
133.0
166.0
153.0
149.0
157.0
183.0
160.0
165.0
163.0
141.0
158.0
155.0
155.0
133.0
161.0
154.0
173.0
164.0
144.0
163.0
135.0
180.0
130.0
163.0
161.0
242.0
169.0
130.0
158.0
151.0
139.0
182.0
163.0
165.0
147.0
142.0
190.0
196.0
144.0
180.0
138.0
135.0
144.0
175.0
157.0
145.0
139.0
179.0
155.0
179.0
150.0
134.0
134.0
141.0
142.0
156.0
202.0
173.0
134.0
130.0
191.0
165.0
129.0
134.0
158.0
148.0
175.0
155.0
174.0
137.0
142.0
150.0
163.0
152.0
171.0
154.0
180.0
146.0
169.0
141.0
193.0
168.0
156.0
147.0
135.0
138.0
155.0
145.0
141.0
178.0
370.0
164.0
158.0
153.0
143.0
155.0
149.0
173.0
161.0
145.0
155.0
136.0
153.0
172.0
141.0
127.0
160.0
138.0
133.0
190.0
157.0
153.0
207.0
136.0
169.0
141.0
161.0
128.0
151.0
165.0
160.0
167.0
143.0
157.0
166.0
149.0
164.0
