258.0
249.0
261.0
252.0
245.0
255.0
286.0
233.0
233.0
310.0
213.0
251.0
348.0
241.0
290.0
250.0
267.0
241.0
239.0
241.0
247.0
232.0
255.0
241.0
262.0
288.0
265.0
340.0
296.0
300.0
258.0
264.0
232.0
244.0
240.0
220.0
259.0
254.0
297.0
311.0
298.0
226.0
283.0
303.0
217.0
230.0
241.0
268.0
264.0
271.0
253.0
211.0
240.0
276.0
263.0
333.0
245.0
250.0
289.0
243.0
271.0
219.0
234.0
235.0
373.0
249.0
257.0
247.0
271.0
261.0
288.0
257.0
307.0
299.0
251.0
259.0
262.0
258.0
275.0
276.0
273.0
226.0
256.0
252.0
237.0
253.0
242.0
264.0
256.0
244.0
257.0
289.0
258.0
262.0
212.0
267.0
235.0
323.0
255.0
219.0
239.0
255.0
253.0
229.0
231.0
263.0
243.0
270.0
336.0
290.0
259.0
268.0
273.0
295.0
281.0
242.0
269.0
318.0
338.0
326.0
267.0
238.0
242.0
253.0
282.0
277.0
315.0
270.0
269.0
270.0
262.0
285.0
282.0
289.0
282.0
231.0
247.0
257.0
255.0
233.0
333.0
283.0
251.0
232.0
228.0
252.0
244.0
267.0
259.0
281.0
250.0
246.0
274.0
229.0
280.0
283.0
258.0
254.0
245.0
265.0
283.0
244.0
276.0
237.0
262.0
302.0
265.0
244.0
233.0
250.0
248.0
261.0
276.0
273.0
227.0
291.0
276.0
268.0
241.0
228.0
321.0
256.0
266.0
258.0
285.0
255.0
262.0
245.0
254.0
294.0
251.0
253.0
244.0
251.0
225.0
256.0
304.0
276.0
224.0
240.0
