264.0
293.0
273.0
289.0
281.0
215.0
260.0
252.0
250.0
273.0
301.0
288.0
287.0
296.0
248.0
319.0
315.0
294.0
350.0
261.0
260.0
246.0
257.0
343.0
435.0
329.0
225.0
291.0
274.0
257.0
310.0
224.0
268.0
235.0
282.0
280.0
275.0
258.0
280.0
266.0
292.0
258.0
269.0
250.0
232.0
261.0
288.0
299.0
238.0
259.0
235.0
297.0
245.0
265.0
264.0
236.0
253.0
321.0
266.0
267.0
248.0
301.0
286.0
246.0
266.0
289.0
231.0
269.0
262.0
282.0
286.0
301.0
303.0
288.0
303.0
263.0
265.0
344.0
285.0
275.0
284.0
253.0
258.0
293.0
272.0
260.0
301.0
241.0
311.0
270.0
239.0
283.0
248.0
348.0
257.0
308.0
436.0
358.0
268.0
305.0
250.0
260.0
254.0
253.0
279.0
237.0
250.0
241.0
308.0
271.0
285.0
296.0
329.0
237.0
283.0
266.0
232.0
261.0
276.0
262.0
330.0
283.0
350.0
290.0
295.0
261.0
334.0
275.0
280.0
254.0
287.0
297.0
287.0
235.0
270.0
279.0
315.0
243.0
281.0
261.0
348.0
267.0
448.0
289.0
252.0
285.0
321.0
251.0
281.0
244.0
247.0
294.0
275.0
235.0
248.0
256.0
256.0
252.0
322.0
307.0
298.0
264.0
264.0
286.0
298.0
241.0
295.0
256.0
289.0
289.0
274.0
329.0
257.0
243.0
261.0
304.0
269.0
291.0
248.0
256.0
277.0
272.0
260.0
260.0
271.0
279.0
247.0
278.0
244.0
248.0
269.0
349.0
295.0
297.0
259.0
316.0
289.0
292.0
264.0
287.0
