232.0
288.0
282.0
248.0
232.0
228.0
273.0
251.0
289.0
278.0
275.0
248.0
240.0
271.0
249.0
261.0
223.0
283.0
238.0
234.0
277.0
221.0
292.0
237.0
248.0
289.0
237.0
243.0
291.0
256.0
228.0
255.0
274.0
230.0
277.0
256.0
289.0
241.0
274.0
275.0
268.0
267.0
286.0
230.0
318.0
233.0
251.0
332.0
254.0
268.0
274.0
269.0
270.0
236.0
274.0
230.0
286.0
275.0
233.0
241.0
307.0
260.0
247.0
264.0
269.0
269.0
257.0
303.0
256.0
250.0
270.0
239.0
257.0
264.0
287.0
277.0
291.0
313.0
276.0
288.0
288.0
256.0
228.0
270.0
261.0
272.0
257.0
240.0
251.0
239.0
247.0
265.0
295.0
251.0
277.0
255.0
220.0
245.0
274.0
293.0
266.0
249.0
278.0
266.0
223.0
254.0
264.0
254.0
249.0
267.0
267.0
280.0
244.0
247.0
230.0
239.0
245.0
254.0
262.0
263.0
229.0
299.0
271.0
269.0
290.0
274.0
306.0
282.0
245.0
285.0
270.0
235.0
283.0
267.0
294.0
336.0
277.0
241.0
250.0
251.0
285.0
276.0
240.0
210.0
228.0
302.0
252.0
285.0
260.0
265.0
241.0
256.0
261.0
251.0
265.0
247.0
241.0
286.0
241.0
288.0
315.0
299.0
254.0
281.0
263.0
230.0
262.0
287.0
272.0
243.0
240.0
383.0
251.0
270.0
284.0
286.0
282.0
263.0
253.0
268.0
265.0
213.0
288.0
308.0
270.0
276.0
262.0
274.0
293.0
255.0
235.0
268.0
276.0
250.0
239.0
247.0
267.0
301.0
266.0
251.0
