311.0
263.0
257.0
257.0
264.0
247.0
278.0
235.0
232.0
249.0
275.0
256.0
274.0
287.0
253.0
309.0
229.0
322.0
268.0
298.0
268.0
230.0
240.0
246.0
272.0
265.0
244.0
226.0
262.0
272.0
274.0
269.0
251.0
241.0
228.0
262.0
234.0
270.0
252.0
299.0
229.0
256.0
228.0
251.0
280.0
233.0
251.0
272.0
301.0
239.0
322.0
221.0
277.0
236.0
241.0
252.0
288.0
215.0
280.0
251.0
251.0
225.0
284.0
299.0
272.0
269.0
265.0
242.0
260.0
257.0
295.0
241.0
266.0
253.0
281.0
266.0
283.0
245.0
261.0
289.0
263.0
239.0
249.0
287.0
268.0
231.0
244.0
252.0
269.0
257.0
288.0
217.0
225.0
261.0
296.0
257.0
251.0
315.0
263.0
297.0
252.0
261.0
308.0
235.0
270.0
249.0
329.0
252.0
240.0
257.0
244.0
273.0
292.0
256.0
259.0
267.0
256.0
221.0
288.0
276.0
286.0
261.0
282.0
263.0
254.0
226.0
230.0
254.0
225.0
255.0
256.0
224.0
290.0
243.0
240.0
301.0
298.0
246.0
274.0
284.0
321.0
251.0
293.0
255.0
230.0
309.0
293.0
266.0
288.0
287.0
234.0
218.0
256.0
266.0
322.0
268.0
289.0
239.0
265.0
225.0
268.0
259.0
222.0
285.0
287.0
229.0
255.0
255.0
216.0
216.0
267.0
251.0
271.0
280.0
289.0
230.0
243.0
265.0
247.0
248.0
271.0
250.0
250.0
227.0
285.0
276.0
239.0
234.0
260.0
267.0
253.0
265.0
282.0
284.0
250.0
250.0
243.0
269.0
273.0
297.0
