275.0
263.0
254.0
290.0
245.0
275.0
230.0
318.0
290.0
249.0
233.0
264.0
252.0
252.0
393.0
257.0
283.0
291.0
288.0
243.0
255.0
305.0
265.0
243.0
247.0
303.0
296.0
312.0
275.0
318.0
228.0
266.0
305.0
293.0
288.0
304.0
305.0
276.0
260.0
315.0
242.0
256.0
315.0
259.0
298.0
279.0
259.0
271.0
343.0
253.0
267.0
273.0
272.0
364.0
243.0
277.0
338.0
311.0
247.0
230.0
258.0
292.0
277.0
248.0
219.0
270.0
320.0
242.0
292.0
275.0
249.0
323.0
259.0
258.0
256.0
249.0
248.0
294.0
263.0
276.0
273.0
250.0
253.0
267.0
215.0
326.0
359.0
346.0
322.0
276.0
270.0
259.0
256.0
242.0
279.0
333.0
256.0
277.0
314.0
258.0
279.0
247.0
273.0
302.0
277.0
303.0
307.0
318.0
291.0
286.0
240.0
265.0
287.0
306.0
248.0
229.0
281.0
272.0
289.0
266.0
241.0
271.0
322.0
256.0
285.0
293.0
292.0
259.0
251.0
323.0
282.0
346.0
252.0
288.0
236.0
258.0
282.0
281.0
308.0
316.0
264.0
249.0
270.0
257.0
262.0
254.0
280.0
247.0
260.0
298.0
276.0
376.0
306.0
334.0
299.0
270.0
341.0
324.0
256.0
267.0
309.0
301.0
301.0
294.0
336.0
306.0
264.0
269.0
254.0
278.0
318.0
274.0
267.0
326.0
265.0
255.0
334.0
259.0
242.0
250.0
268.0
245.0
285.0
332.0
268.0
265.0
270.0
266.0
296.0
288.0
238.0
285.0
256.0
287.0
289.0
252.0
291.0
258.0
330.0
245.0
