267.0
287.0
351.0
295.0
296.0
284.0
328.0
262.0
268.0
275.0
281.0
276.0
306.0
260.0
265.0
257.0
320.0
276.0
239.0
265.0
258.0
307.0
265.0
239.0
278.0
227.0
288.0
270.0
285.0
257.0
276.0
262.0
280.0
303.0
279.0
272.0
283.0
259.0
232.0
238.0
282.0
241.0
315.0
270.0
417.0
305.0
310.0
233.0
251.0
276.0
291.0
237.0
261.0
242.0
253.0
247.0
240.0
264.0
281.0
316.0
244.0
238.0
298.0
270.0
295.0
315.0
250.0
246.0
289.0
294.0
282.0
292.0
280.0
309.0
300.0
323.0
249.0
292.0
237.0
286.0
253.0
240.0
283.0
283.0
251.0
254.0
312.0
268.0
277.0
269.0
269.0
254.0
245.0
240.0
298.0
250.0
253.0
270.0
284.0
251.0
240.0
246.0
251.0
302.0
298.0
257.0
219.0
284.0
299.0
255.0
257.0
253.0
235.0
263.0
264.0
255.0
245.0
265.0
268.0
283.0
303.0
304.0
347.0
279.0
267.0
240.0
275.0
248.0
239.0
286.0
277.0
269.0
258.0
233.0
254.0
286.0
259.0
278.0
262.0
273.0
322.0
260.0
265.0
265.0
266.0
302.0
250.0
257.0
291.0
223.0
298.0
258.0
276.0
268.0
256.0
251.0
286.0
242.0
282.0
281.0
239.0
264.0
228.0
295.0
243.0
288.0
286.0
285.0
248.0
290.0
261.0
272.0
277.0
278.0
286.0
269.0
261.0
311.0
244.0
269.0
262.0
311.0
288.0
254.0
261.0
228.0
273.0
344.0
313.0
356.0
264.0
282.0
258.0
257.0
287.0
293.0
301.0
240.0
275.0
262.0
