186.0
163.0
152.0
190.0
221.0
202.0
221.0
169.0
244.0
180.0
215.0
241.0
191.0
173.0
138.0
222.0
170.0
229.0
180.0
214.0
257.0
240.0
155.0
174.0
150.0
205.0
160.0
155.0
160.0
186.0
173.0
202.0
148.0
225.0
187.0
173.0
177.0
157.0
163.0
148.0
151.0
182.0
180.0
183.0
178.0
188.0
170.0
167.0
162.0
158.0
147.0
159.0
220.0
169.0
167.0
165.0
169.0
186.0
148.0
174.0
212.0
182.0
219.0
154.0
147.0
164.0
145.0
227.0
164.0
166.0
159.0
224.0
162.0
172.0
253.0
203.0
282.0
204.0
193.0
166.0
190.0
171.0
161.0
180.0
158.0
203.0
164.0
223.0
157.0
152.0
187.0
161.0
193.0
152.0
182.0
197.0
181.0
144.0
175.0
192.0
188.0
172.0
200.0
176.0
159.0
336.0
264.0
225.0
195.0
222.0
217.0
137.0
143.0
183.0
153.0
150.0
149.0
181.0
158.0
206.0
250.0
166.0
231.0
208.0
210.0
180.0
244.0
165.0
228.0
205.0
205.0
241.0
216.0
187.0
166.0
176.0
202.0
152.0
166.0
157.0
176.0
215.0
169.0
184.0
216.0
164.0
260.0
178.0
159.0
198.0
161.0
199.0
188.0
143.0
159.0
145.0
188.0
176.0
170.0
283.0
204.0
162.0
151.0
203.0
176.0
177.0
177.0
323.0
185.0
215.0
178.0
157.0
230.0
156.0
161.0
185.0
152.0
195.0
153.0
205.0
156.0
168.0
192.0
159.0
174.0
173.0
168.0
188.0
141.0
157.0
173.0
167.0
160.0
248.0
176.0
148.0
138.0
183.0
188.0
137.0
