234.0
225.0
236.0
274.0
245.0
249.0
247.0
250.0
278.0
229.0
268.0
277.0
294.0
241.0
224.0
240.0
212.0
252.0
224.0
277.0
237.0
227.0
259.0
286.0
237.0
280.0
263.0
248.0
273.0
264.0
248.0
236.0
258.0
241.0
237.0
264.0
263.0
226.0
259.0
201.0
339.0
264.0
260.0
257.0
270.0
288.0
235.0
244.0
223.0
246.0
282.0
239.0
228.0
310.0
255.0
255.0
221.0
272.0
255.0
264.0
271.0
252.0
314.0
234.0
216.0
231.0
225.0
242.0
268.0
261.0
256.0
270.0
245.0
243.0
239.0
285.0
263.0
240.0
287.0
279.0
242.0
272.0
246.0
249.0
237.0
220.0
209.0
254.0
256.0
278.0
245.0
261.0
251.0
299.0
252.0
290.0
227.0
262.0
275.0
241.0
261.0
270.0
239.0
236.0
243.0
242.0
246.0
273.0
227.0
235.0
242.0
285.0
227.0
243.0
316.0
292.0
273.0
290.0
263.0
287.0
274.0
261.0
228.0
260.0
276.0
254.0
271.0
295.0
255.0
231.0
242.0
255.0
257.0
227.0
264.0
250.0
331.0
248.0
264.0
259.0
269.0
272.0
222.0
244.0
242.0
292.0
339.0
253.0
264.0
291.0
250.0
280.0
340.0
244.0
264.0
333.0
251.0
262.0
245.0
277.0
288.0
289.0
284.0
251.0
256.0
247.0
282.0
221.0
240.0
303.0
298.0
216.0
232.0
286.0
351.0
226.0
212.0
232.0
251.0
219.0
267.0
268.0
211.0
271.0
273.0
253.0
268.0
219.0
274.0
248.0
237.0
293.0
340.0
279.0
295.0
230.0
263.0
250.0
270.0
297.0
