325.0
249.0
266.0
330.0
251.0
323.0
267.0
280.0
279.0
243.0
265.0
258.0
245.0
267.0
263.0
266.0
263.0
279.0
243.0
268.0
275.0
234.0
256.0
289.0
250.0
318.0
252.0
277.0
246.0
252.0
308.0
259.0
269.0
252.0
244.0
244.0
306.0
264.0
250.0
343.0
280.0
271.0
227.0
262.0
238.0
282.0
256.0
262.0
273.0
303.0
235.0
251.0
284.0
223.0
253.0
292.0
265.0
281.0
264.0
287.0
279.0
263.0
286.0
259.0
288.0
235.0
282.0
340.0
301.0
232.0
281.0
242.0
266.0
225.0
260.0
284.0
260.0
305.0
253.0
253.0
347.0
268.0
252.0
243.0
237.0
273.0
272.0
256.0
238.0
294.0
307.0
275.0
261.0
253.0
300.0
232.0
239.0
280.0
256.0
270.0
291.0
264.0
258.0
236.0
295.0
257.0
291.0
245.0
303.0
240.0
323.0
292.0
294.0
300.0
312.0
246.0
290.0
349.0
263.0
281.0
258.0
268.0
259.0
221.0
250.0
365.0
276.0
251.0
301.0
309.0
253.0
302.0
301.0
264.0
273.0
274.0
246.0
253.0
226.0
263.0
297.0
311.0
285.0
269.0
259.0
275.0
227.0
243.0
236.0
245.0
302.0
254.0
260.0
263.0
263.0
307.0
294.0
311.0
254.0
319.0
255.0
268.0
302.0
277.0
256.0
323.0
282.0
278.0
288.0
291.0
272.0
318.0
260.0
258.0
256.0
284.0
285.0
296.0
301.0
238.0
282.0
239.0
273.0
245.0
254.0
266.0
226.0
281.0
287.0
277.0
286.0
284.0
259.0
259.0
259.0
270.0
296.0
273.0
259.0
263.0
