150.0
135.0
164.0
126.0
142.0
146.0
160.0
149.0
154.0
160.0
142.0
148.0
137.0
147.0
149.0
145.0
151.0
149.0
144.0
174.0
157.0
139.0
145.0
149.0
146.0
143.0
152.0
146.0
133.0
140.0
128.0
137.0
140.0
152.0
132.0
139.0
195.0
149.0
138.0
124.0
130.0
147.0
130.0
145.0
148.0
162.0
152.0
136.0
133.0
135.0
136.0
149.0
161.0
137.0
146.0
171.0
173.0
142.0
147.0
133.0
149.0
159.0
172.0
149.0
121.0
129.0
163.0
131.0
149.0
146.0
129.0
163.0
149.0
193.0
151.0
161.0
149.0
168.0
148.0
146.0
143.0
182.0
150.0
130.0
150.0
148.0
140.0
146.0
160.0
124.0
148.0
163.0
154.0
153.0
151.0
125.0
128.0
143.0
153.0
175.0
142.0
149.0
149.0
167.0
152.0
123.0
145.0
128.0
131.0
159.0
177.0
171.0
169.0
133.0
145.0
156.0
145.0
130.0
149.0
134.0
152.0
144.0
133.0
160.0
138.0
145.0
139.0
140.0
114.0
138.0
140.0
161.0
121.0
149.0
143.0
165.0
162.0
148.0
163.0
180.0
145.0
123.0
145.0
165.0
154.0
141.0
154.0
140.0
145.0
136.0
120.0
138.0
140.0
126.0
156.0
121.0
156.0
155.0
139.0
156.0
134.0
157.0
156.0
139.0
142.0
145.0
144.0
142.0
169.0
134.0
127.0
143.0
143.0
146.0
163.0
170.0
145.0
146.0
153.0
172.0
167.0
155.0
147.0
149.0
137.0
135.0
143.0
138.0
138.0
132.0
165.0
144.0
156.0
144.0
152.0
144.0
132.0
160.0
143.0
132.0
