254.0
182.0
270.0
175.0
181.0
175.0
251.0
176.0
150.0
162.0
172.0
165.0
228.0
266.0
210.0
170.0
153.0
165.0
171.0
181.0
168.0
214.0
150.0
170.0
177.0
173.0
178.0
172.0
157.0
275.0
181.0
159.0
209.0
184.0
174.0
168.0
203.0
204.0
151.0
168.0
167.0
187.0
177.0
191.0
160.0
152.0
220.0
148.0
201.0
219.0
176.0
326.0
313.0
149.0
158.0
165.0
212.0
159.0
168.0
184.0
188.0
325.0
257.0
185.0
162.0
153.0
156.0
188.0
160.0
172.0
193.0
197.0
189.0
260.0
134.0
159.0
233.0
170.0
199.0
203.0
246.0
192.0
199.0
189.0
171.0
245.0
213.0
213.0
337.0
300.0
245.0
162.0
219.0
151.0
180.0
231.0
152.0
180.0
182.0
211.0
179.0
187.0
182.0
163.0
207.0
201.0
206.0
171.0
197.0
219.0
172.0
229.0
208.0
212.0
212.0
190.0
169.0
184.0
154.0
183.0
175.0
207.0
214.0
220.0
245.0
241.0
183.0
167.0
205.0
222.0
157.0
179.0
156.0
205.0
163.0
187.0
223.0
235.0
191.0
264.0
163.0
158.0
303.0
196.0
166.0
160.0
235.0
189.0
168.0
239.0
208.0
224.0
164.0
141.0
203.0
203.0
147.0
151.0
180.0
136.0
170.0
188.0
165.0
181.0
208.0
263.0
196.0
181.0
172.0
214.0
223.0
173.0
286.0
193.0
188.0
230.0
189.0
156.0
171.0
186.0
188.0
230.0
172.0
266.0
213.0
211.0
181.0
180.0
159.0
163.0
200.0
169.0
211.0
161.0
225.0
159.0
234.0
162.0
156.0
151.0
