247.0
296.0
288.0
264.0
265.0
286.0
240.0
232.0
276.0
295.0
282.0
295.0
295.0
270.0
276.0
375.0
251.0
248.0
283.0
292.0
253.0
269.0
242.0
261.0
252.0
270.0
255.0
332.0
279.0
263.0
255.0
260.0
271.0
269.0
224.0
250.0
250.0
258.0
255.0
261.0
268.0
299.0
288.0
256.0
260.0
336.0
219.0
270.0
239.0
254.0
242.0
270.0
240.0
325.0
257.0
238.0
265.0
272.0
288.0
277.0
230.0
237.0
259.0
255.0
299.0
282.0
240.0
275.0
307.0
240.0
303.0
272.0
272.0
287.0
278.0
329.0
254.0
287.0
263.0
226.0
266.0
225.0
321.0
282.0
274.0
254.0
249.0
257.0
244.0
274.0
255.0
243.0
249.0
304.0
237.0
253.0
292.0
342.0
255.0
257.0
304.0
294.0
252.0
280.0
262.0
278.0
304.0
266.0
347.0
274.0
229.0
251.0
284.0
239.0
243.0
295.0
264.0
246.0
338.0
246.0
246.0
255.0
266.0
284.0
298.0
259.0
260.0
259.0
253.0
271.0
261.0
223.0
224.0
252.0
268.0
242.0
275.0
249.0
241.0
272.0
283.0
312.0
285.0
235.0
237.0
256.0
276.0
266.0
259.0
272.0
278.0
233.0
233.0
256.0
250.0
249.0
281.0
256.0
231.0
278.0
222.0
229.0
276.0
261.0
272.0
266.0
303.0
240.0
260.0
275.0
243.0
268.0
260.0
232.0
251.0
245.0
246.0
244.0
222.0
291.0
288.0
262.0
251.0
263.0
229.0
261.0
265.0
288.0
246.0
227.0
246.0
313.0
245.0
310.0
277.0
242.0
231.0
271.0
249.0
229.0
