289.0
264.0
264.0
245.0
244.0
268.0
264.0
252.0
227.0
218.0
236.0
228.0
243.0
215.0
254.0
273.0
299.0
232.0
302.0
250.0
241.0
239.0
258.0
257.0
242.0
309.0
258.0
276.0
246.0
253.0
257.0
259.0
242.0
263.0
284.0
235.0
237.0
340.0
265.0
278.0
255.0
236.0
257.0
277.0
211.0
268.0
297.0
246.0
280.0
342.0
258.0
209.0
272.0
254.0
303.0
259.0
257.0
267.0
259.0
286.0
226.0
313.0
254.0
281.0
244.0
218.0
244.0
275.0
246.0
230.0
295.0
239.0
244.0
280.0
321.0
277.0
276.0
235.0
248.0
223.0
267.0
267.0
252.0
246.0
233.0
265.0
309.0
254.0
265.0
278.0
270.0
244.0
270.0
273.0
221.0
230.0
239.0
262.0
275.0
315.0
249.0
271.0
275.0
296.0
243.0
235.0
278.0
297.0
265.0
296.0
260.0
212.0
261.0
308.0
250.0
300.0
252.0
256.0
244.0
231.0
266.0
256.0
243.0
224.0
268.0
270.0
282.0
251.0
248.0
286.0
213.0
254.0
274.0
238.0
263.0
228.0
213.0
241.0
241.0
243.0
248.0
273.0
230.0
250.0
281.0
266.0
289.0
256.0
260.0
289.0
306.0
291.0
263.0
249.0
275.0
250.0
250.0
263.0
261.0
218.0
270.0
266.0
241.0
254.0
214.0
243.0
207.0
266.0
281.0
249.0
318.0
245.0
219.0
239.0
304.0
261.0
305.0
235.0
263.0
248.0
245.0
227.0
269.0
232.0
246.0
265.0
284.0
263.0
222.0
314.0
246.0
236.0
235.0
247.0
295.0
259.0
236.0
294.0
290.0
251.0
