260.0
232.0
256.0
277.0
275.0
248.0
219.0
278.0
217.0
247.0
291.0
244.0
266.0
239.0
288.0
230.0
277.0
245.0
333.0
351.0
265.0
250.0
256.0
262.0
290.0
232.0
272.0
269.0
257.0
260.0
313.0
262.0
273.0
221.0
236.0
349.0
251.0
237.0
277.0
238.0
268.0
235.0
248.0
270.0
261.0
298.0
302.0
273.0
276.0
297.0
282.0
291.0
263.0
254.0
281.0
258.0
283.0
243.0
271.0
276.0
257.0
240.0
241.0
245.0
299.0
264.0
267.0
315.0
272.0
288.0
288.0
241.0
252.0
267.0
268.0
261.0
319.0
249.0
300.0
255.0
259.0
299.0
275.0
235.0
253.0
243.0
266.0
288.0
278.0
313.0
262.0
243.0
282.0
269.0
286.0
273.0
248.0
245.0
269.0
271.0
306.0
234.0
253.0
288.0
244.0
254.0
261.0
257.0
269.0
257.0
233.0
284.0
246.0
252.0
246.0
273.0
284.0
262.0
260.0
255.0
265.0
251.0
303.0
275.0
202.0
251.0
285.0
247.0
282.0
240.0
312.0
291.0
266.0
244.0
271.0
234.0
275.0
261.0
257.0
312.0
247.0
287.0
327.0
251.0
252.0
257.0
231.0
253.0
240.0
352.0
242.0
259.0
244.0
231.0
260.0
316.0
257.0
296.0
256.0
227.0
230.0
251.0
329.0
247.0
286.0
290.0
331.0
262.0
275.0
249.0
254.0
265.0
254.0
242.0
272.0
262.0
313.0
238.0
228.0
248.0
253.0
271.0
236.0
244.0
286.0
266.0
250.0
259.0
250.0
305.0
258.0
271.0
290.0
283.0
274.0
278.0
313.0
265.0
266.0
250.0
