264.0
232.0
264.0
281.0
273.0
303.0
266.0
218.0
261.0
266.0
262.0
249.0
287.0
268.0
311.0
238.0
223.0
243.0
265.0
258.0
300.0
253.0
271.0
250.0
270.0
278.0
281.0
265.0
256.0
227.0
282.0
248.0
252.0
235.0
260.0
283.0
253.0
260.0
313.0
260.0
301.0
253.0
250.0
241.0
220.0
266.0
271.0
249.0
316.0
269.0
251.0
256.0
300.0
285.0
278.0
216.0
250.0
229.0
253.0
247.0
219.0
223.0
252.0
269.0
243.0
295.0
238.0
284.0
333.0
283.0
252.0
260.0
264.0
273.0
259.0
284.0
289.0
252.0
256.0
271.0
286.0
263.0
283.0
233.0
232.0
307.0
237.0
302.0
246.0
315.0
265.0
289.0
272.0
320.0
304.0
270.0
270.0
277.0
245.0
247.0
256.0
268.0
245.0
231.0
268.0
284.0
237.0
255.0
328.0
267.0
232.0
267.0
239.0
278.0
243.0
265.0
257.0
241.0
247.0
233.0
228.0
282.0
287.0
264.0
320.0
229.0
294.0
310.0
259.0
233.0
230.0
239.0
338.0
266.0
284.0
264.0
227.0
260.0
248.0
269.0
240.0
236.0
269.0
291.0
313.0
228.0
303.0
266.0
318.0
272.0
262.0
225.0
242.0
267.0
239.0
266.0
261.0
228.0
241.0
319.0
291.0
246.0
279.0
260.0
287.0
252.0
324.0
287.0
240.0
283.0
223.0
283.0
258.0
239.0
272.0
231.0
225.0
262.0
258.0
287.0
266.0
244.0
289.0
272.0
292.0
247.0
266.0
262.0
238.0
270.0
249.0
233.0
301.0
283.0
270.0
233.0
258.0
308.0
331.0
255.0
