140.0
154.0
145.0
140.0
133.0
137.0
143.0
151.0
144.0
164.0
150.0
183.0
160.0
129.0
133.0
147.0
129.0
168.0
162.0
149.0
131.0
153.0
146.0
141.0
154.0
125.0
118.0
133.0
175.0
139.0
157.0
138.0
178.0
145.0
157.0
154.0
158.0
167.0
157.0
144.0
168.0
144.0
162.0
147.0
158.0
149.0
155.0
176.0
140.0
160.0
149.0
147.0
195.0
142.0
143.0
152.0
182.0
149.0
152.0
149.0
165.0
153.0
169.0
156.0
147.0
161.0
147.0
157.0
153.0
156.0
158.0
144.0
161.0
147.0
181.0
165.0
139.0
163.0
160.0
159.0
150.0
158.0
144.0
141.0
140.0
191.0
144.0
197.0
164.0
170.0
189.0
226.0
149.0
157.0
136.0
159.0
177.0
151.0
149.0
155.0
166.0
135.0
140.0
157.0
163.0
151.0
156.0
123.0
164.0
170.0
171.0
176.0
193.0
176.0
174.0
163.0
177.0
146.0
156.0
152.0
185.0
150.0
158.0
143.0
129.0
144.0
141.0
157.0
155.0
140.0
155.0
134.0
137.0
168.0
141.0
144.0
136.0
139.0
136.0
166.0
176.0
122.0
136.0
140.0
153.0
156.0
157.0
136.0
160.0
153.0
219.0
134.0
157.0
142.0
152.0
155.0
239.0
164.0
164.0
133.0
148.0
171.0
157.0
148.0
174.0
157.0
154.0
151.0
146.0
189.0
145.0
146.0
145.0
199.0
150.0
146.0
156.0
140.0
170.0
154.0
141.0
174.0
143.0
147.0
179.0
190.0
210.0
146.0
148.0
167.0
147.0
150.0
143.0
158.0
156.0
171.0
140.0
143.0
173.0
182.0
