156.0
143.0
137.0
152.0
129.0
224.0
136.0
140.0
147.0
152.0
138.0
136.0
134.0
146.0
164.0
141.0
146.0
150.0
173.0
146.0
152.0
163.0
131.0
144.0
143.0
164.0
121.0
152.0
149.0
165.0
135.0
148.0
130.0
148.0
148.0
139.0
141.0
149.0
165.0
160.0
141.0
126.0
175.0
143.0
152.0
159.0
154.0
182.0
133.0
124.0
135.0
140.0
143.0
150.0
223.0
139.0
139.0
172.0
156.0
144.0
169.0
160.0
148.0
140.0
147.0
153.0
131.0
121.0
157.0
161.0
151.0
165.0
146.0
144.0
162.0
142.0
150.0
171.0
146.0
168.0
151.0
146.0
143.0
140.0
163.0
145.0
130.0
159.0
141.0
153.0
159.0
177.0
140.0
166.0
149.0
150.0
146.0
135.0
133.0
160.0
139.0
128.0
151.0
156.0
129.0
159.0
138.0
141.0
144.0
135.0
157.0
130.0
149.0
138.0
151.0
150.0
141.0
145.0
154.0
162.0
154.0
148.0
154.0
153.0
199.0
188.0
160.0
134.0
169.0
126.0
169.0
137.0
132.0
148.0
155.0
143.0
163.0
149.0
133.0
144.0
149.0
149.0
164.0
145.0
134.0
162.0
165.0
138.0
169.0
147.0
136.0
126.0
146.0
160.0
133.0
147.0
165.0
160.0
141.0
133.0
134.0
148.0
165.0
200.0
211.0
151.0
140.0
168.0
153.0
158.0
172.0
160.0
215.0
176.0
133.0
159.0
150.0
120.0
137.0
144.0
169.0
149.0
151.0
137.0
145.0
129.0
173.0
160.0
158.0
163.0
155.0
154.0
158.0
173.0
135.0
142.0
140.0
156.0
172.0
154.0
