167.0
177.0
178.0
160.0
184.0
214.0
174.0
158.0
151.0
243.0
211.0
189.0
198.0
181.0
181.0
173.0
230.0
167.0
233.0
165.0
174.0
161.0
135.0
163.0
162.0
220.0
174.0
188.0
175.0
205.0
137.0
177.0
177.0
156.0
132.0
162.0
176.0
159.0
143.0
171.0
173.0
177.0
180.0
192.0
185.0
185.0
173.0
156.0
157.0
136.0
197.0
147.0
244.0
199.0
168.0
168.0
154.0
155.0
147.0
204.0
198.0
228.0
188.0
182.0
166.0
166.0
166.0
157.0
167.0
167.0
159.0
184.0
181.0
153.0
158.0
171.0
141.0
157.0
153.0
166.0
171.0
209.0
161.0
164.0
150.0
199.0
186.0
153.0
265.0
154.0
160.0
178.0
148.0
144.0
198.0
206.0
165.0
259.0
185.0
229.0
162.0
166.0
158.0
175.0
140.0
170.0
209.0
158.0
184.0
165.0
156.0
177.0
138.0
145.0
148.0
182.0
158.0
164.0
147.0
204.0
170.0
153.0
153.0
162.0
164.0
153.0
169.0
193.0
148.0
183.0
149.0
141.0
174.0
172.0
236.0
148.0
159.0
194.0
134.0
157.0
235.0
157.0
173.0
208.0
159.0
171.0
166.0
202.0
368.0
179.0
136.0
197.0
172.0
166.0
159.0
187.0
156.0
153.0
160.0
163.0
136.0
147.0
194.0
131.0
161.0
168.0
161.0
198.0
167.0
152.0
155.0
186.0
163.0
211.0
207.0
193.0
187.0
249.0
142.0
175.0
310.0
158.0
165.0
160.0
157.0
141.0
160.0
180.0
167.0
191.0
147.0
161.0
150.0
190.0
180.0
212.0
157.0
173.0
177.0
142.0
