149.0
146.0
157.0
131.0
161.0
142.0
166.0
146.0
128.0
141.0
137.0
121.0
132.0
132.0
155.0
156.0
182.0
136.0
164.0
153.0
148.0
151.0
157.0
134.0
137.0
136.0
160.0
143.0
133.0
137.0
145.0
133.0
158.0
146.0
141.0
135.0
151.0
153.0
145.0
148.0
194.0
140.0
158.0
139.0
165.0
143.0
161.0
131.0
148.0
151.0
160.0
137.0
125.0
149.0
129.0
154.0
152.0
127.0
166.0
153.0
143.0
151.0
155.0
133.0
144.0
155.0
170.0
150.0
148.0
137.0
132.0
151.0
167.0
178.0
141.0
149.0
163.0
173.0
164.0
155.0
124.0
165.0
148.0
180.0
145.0
148.0
157.0
142.0
145.0
146.0
136.0
147.0
169.0
152.0
141.0
136.0
168.0
160.0
143.0
123.0
192.0
127.0
144.0
127.0
162.0
151.0
153.0
172.0
141.0
148.0
149.0
135.0
140.0
149.0
140.0
150.0
140.0
144.0
129.0
145.0
141.0
135.0
139.0
142.0
138.0
159.0
176.0
165.0
142.0
194.0
145.0
137.0
137.0
143.0
148.0
159.0
139.0
156.0
134.0
157.0
145.0
186.0
130.0
165.0
165.0
147.0
184.0
158.0
142.0
139.0
149.0
140.0
141.0
154.0
133.0
130.0
161.0
162.0
144.0
149.0
152.0
153.0
166.0
130.0
167.0
135.0
149.0
164.0
191.0
129.0
145.0
159.0
152.0
158.0
184.0
126.0
164.0
131.0
149.0
142.0
138.0
169.0
184.0
156.0
163.0
148.0
170.0
158.0
145.0
162.0
156.0
136.0
138.0
130.0
149.0
169.0
134.0
138.0
156.0
125.0
