271.0
240.0
228.0
285.0
241.0
263.0
291.0
248.0
257.0
247.0
246.0
249.0
260.0
265.0
222.0
245.0
223.0
286.0
233.0
253.0
269.0
235.0
277.0
208.0
260.0
243.0
198.0
275.0
230.0
322.0
247.0
260.0
225.0
232.0
281.0
252.0
297.0
290.0
304.0
298.0
246.0
258.0
256.0
234.0
254.0
263.0
313.0
219.0
239.0
263.0
236.0
225.0
311.0
245.0
277.0
273.0
245.0
263.0
245.0
281.0
234.0
317.0
327.0
267.0
221.0
242.0
270.0
252.0
273.0
264.0
265.0
232.0
240.0
251.0
259.0
264.0
253.0
258.0
248.0
278.0
220.0
268.0
282.0
218.0
265.0
257.0
272.0
295.0
278.0
257.0
273.0
235.0
228.0
213.0
254.0
306.0
249.0
270.0
249.0
240.0
240.0
235.0
225.0
264.0
249.0
327.0
261.0
234.0
259.0
247.0
244.0
256.0
255.0
229.0
264.0
302.0
296.0
246.0
237.0
251.0
251.0
228.0
256.0
238.0
244.0
243.0
254.0
277.0
215.0
269.0
253.0
269.0
265.0
223.0
297.0
235.0
250.0
264.0
274.0
263.0
276.0
265.0
236.0
292.0
280.0
254.0
250.0
236.0
254.0
260.0
267.0
232.0
278.0
259.0
247.0
260.0
237.0
289.0
220.0
246.0
282.0
243.0
239.0
218.0
268.0
271.0
241.0
247.0
259.0
255.0
243.0
290.0
228.0
246.0
195.0
220.0
264.0
270.0
246.0
245.0
280.0
279.0
228.0
265.0
244.0
239.0
269.0
278.0
211.0
249.0
251.0
273.0
308.0
277.0
241.0
295.0
287.0
245.0
307.0
280.0
