240.0
261.0
252.0
265.0
258.0
304.0
263.0
233.0
235.0
311.0
297.0
248.0
230.0
274.0
233.0
208.0
268.0
254.0
244.0
233.0
239.0
213.0
261.0
248.0
278.0
282.0
258.0
275.0
251.0
209.0
259.0
242.0
245.0
284.0
235.0
234.0
272.0
277.0
233.0
236.0
254.0
245.0
276.0
287.0
344.0
230.0
247.0
255.0
264.0
290.0
260.0
292.0
277.0
265.0
240.0
220.0
259.0
276.0
281.0
248.0
229.0
259.0
228.0
212.0
223.0
376.0
246.0
251.0
242.0
270.0
225.0
301.0
273.0
229.0
280.0
263.0
301.0
230.0
262.0
243.0
226.0
250.0
236.0
221.0
265.0
239.0
273.0
238.0
227.0
248.0
283.0
269.0
251.0
230.0
256.0
252.0
245.0
256.0
249.0
235.0
244.0
274.0
269.0
271.0
235.0
238.0
236.0
292.0
302.0
229.0
291.0
261.0
236.0
247.0
240.0
289.0
238.0
260.0
238.0
256.0
208.0
237.0
290.0
222.0
271.0
249.0
241.0
218.0
268.0
276.0
254.0
291.0
249.0
300.0
281.0
332.0
252.0
248.0
217.0
245.0
215.0
244.0
219.0
308.0
231.0
272.0
245.0
253.0
240.0
237.0
254.0
282.0
296.0
239.0
239.0
245.0
270.0
252.0
222.0
281.0
269.0
250.0
294.0
278.0
286.0
342.0
288.0
271.0
232.0
259.0
257.0
260.0
283.0
237.0
257.0
286.0
260.0
241.0
250.0
239.0
228.0
284.0
256.0
212.0
252.0
271.0
264.0
282.0
308.0
265.0
267.0
235.0
268.0
243.0
247.0
288.0
236.0
286.0
248.0
240.0
