274.0
270.0
233.0
167.0
172.0
224.0
251.0
245.0
184.0
157.0
174.0
215.0
184.0
170.0
168.0
215.0
221.0
160.0
154.0
172.0
189.0
274.0
170.0
183.0
169.0
162.0
189.0
281.0
460.0
342.0
260.0
219.0
186.0
189.0
143.0
163.0
181.0
239.0
201.0
166.0
175.0
163.0
222.0
173.0
214.0
177.0
175.0
314.0
225.0
154.0
159.0
168.0
164.0
220.0
210.0
190.0
186.0
186.0
173.0
283.0
233.0
236.0
229.0
164.0
171.0
200.0
161.0
154.0
253.0
185.0
184.0
185.0
191.0
173.0
170.0
215.0
151.0
165.0
205.0
185.0
153.0
193.0
190.0
209.0
173.0
201.0
293.0
270.0
158.0
149.0
168.0
139.0
216.0
164.0
183.0
184.0
180.0
173.0
174.0
200.0
229.0
183.0
196.0
182.0
169.0
153.0
230.0
169.0
337.0
314.0
221.0
173.0
196.0
206.0
191.0
157.0
183.0
184.0
195.0
179.0
312.0
219.0
192.0
198.0
243.0
190.0
172.0
195.0
207.0
193.0
204.0
155.0
278.0
162.0
255.0
194.0
172.0
171.0
175.0
217.0
210.0
211.0
179.0
180.0
262.0
190.0
203.0
233.0
202.0
172.0
210.0
193.0
173.0
173.0
187.0
227.0
165.0
186.0
174.0
187.0
176.0
209.0
141.0
151.0
187.0
176.0
196.0
196.0
200.0
203.0
380.0
341.0
309.0
223.0
217.0
219.0
167.0
195.0
248.0
233.0
177.0
191.0
171.0
189.0
170.0
177.0
169.0
197.0
188.0
195.0
160.0
165.0
177.0
171.0
153.0
138.0
167.0
176.0
230.0
157.0
