282.0
285.0
305.0
251.0
276.0
263.0
233.0
313.0
267.0
243.0
270.0
269.0
298.0
287.0
288.0
271.0
305.0
230.0
279.0
230.0
235.0
311.0
250.0
313.0
252.0
333.0
236.0
250.0
236.0
265.0
285.0
309.0
251.0
270.0
286.0
324.0
287.0
285.0
326.0
244.0
263.0
249.0
262.0
271.0
289.0
263.0
289.0
289.0
270.0
249.0
263.0
248.0
312.0
270.0
275.0
357.0
248.0
257.0
278.0
332.0
261.0
305.0
430.0
269.0
286.0
251.0
252.0
235.0
235.0
325.0
250.0
241.0
293.0
284.0
302.0
295.0
299.0
258.0
264.0
278.0
287.0
267.0
288.0
275.0
250.0
237.0
270.0
284.0
287.0
275.0
296.0
345.0
267.0
260.0
286.0
271.0
269.0
285.0
284.0
367.0
314.0
244.0
261.0
285.0
271.0
381.0
237.0
249.0
302.0
252.0
287.0
262.0
248.0
302.0
276.0
272.0
285.0
246.0
296.0
244.0
264.0
269.0
266.0
236.0
245.0
309.0
274.0
300.0
268.0
290.0
252.0
261.0
231.0
299.0
253.0
251.0
259.0
275.0
282.0
256.0
355.0
285.0
261.0
277.0
255.0
304.0
297.0
307.0
240.0
247.0
272.0
308.0
289.0
292.0
346.0
272.0
269.0
286.0
257.0
282.0
264.0
405.0
226.0
317.0
317.0
262.0
267.0
314.0
244.0
251.0
295.0
313.0
277.0
260.0
374.0
262.0
341.0
273.0
243.0
325.0
284.0
283.0
272.0
254.0
256.0
258.0
274.0
257.0
351.0
262.0
324.0
277.0
256.0
278.0
280.0
253.0
286.0
271.0
239.0
267.0
