397.0
563.0
645.0
644.0
707.0
689.0
836.0
889.0
805.0
747.0
719.0
843.0
863.0
788.0
810.0
803.0
818.0
708.0
785.0
753.0
815.0
889.0
772.0
747.0
763.0
767.0
900.0
775.0
736.0
749.0
705.0
843.0
789.0
818.0
929.0
798.0
755.0
722.0
832.0
772.0
874.0
849.0
883.0
773.0
763.0
790.0
793.0
830.0
837.0
850.0
758.0
711.0
790.0
860.0
1011.0
841.0
756.0
1031.0
844.0
706.0
1070.0
801.0
902.0
944.0
737.0
802.0
933.0
779.0
930.0
874.0
726.0
877.0
850.0
836.0
805.0
725.0
715.0
912.0
858.0
914.0
1044.0
817.0
864.0
766.0
730.0
855.0
713.0
778.0
896.0
848.0
840.0
709.0
855.0
813.0
820.0
762.0
844.0
710.0
790.0
892.0
767.0
844.0
761.0
743.0
779.0
782.0
705.0
759.0
787.0
930.0
859.0
736.0
746.0
718.0
730.0
685.0
769.0
709.0
675.0
852.0
894.0
836.0
784.0
795.0
783.0
761.0
884.0
808.0
809.0
866.0
896.0
784.0
880.0
805.0
891.0
822.0
880.0
832.0
870.0
763.0
955.0
814.0
874.0
797.0
1010.0
775.0
734.0
977.0
720.0
830.0
921.0
835.0
759.0
891.0
792.0
756.0
821.0
837.0
779.0
769.0
801.0
694.0
752.0
732.0
739.0
878.0
721.0
881.0
811.0
853.0
818.0
905.0
778.0
700.0
823.0
819.0
744.0
857.0
900.0
831.0
793.0
762.0
736.0
685.0
758.0
782.0
760.0
740.0
927.0
764.0
706.0
884.0
804.0
726.0
723.0
886.0
886.0
883.0
971.0
905.0
