306.0
254.0
253.0
248.0
237.0
292.0
262.0
293.0
264.0
297.0
289.0
260.0
296.0
281.0
245.0
253.0
264.0
264.0
255.0
270.0
247.0
302.0
248.0
253.0
258.0
284.0
253.0
264.0
254.0
294.0
269.0
291.0
255.0
343.0
257.0
266.0
296.0
252.0
253.0
280.0
224.0
278.0
248.0
252.0
237.0
284.0
357.0
269.0
270.0
246.0
291.0
255.0
297.0
315.0
239.0
272.0
269.0
237.0
283.0
249.0
242.0
321.0
270.0
262.0
249.0
255.0
253.0
267.0
254.0
300.0
279.0
284.0
236.0
276.0
252.0
252.0
227.0
268.0
245.0
280.0
269.0
304.0
291.0
237.0
318.0
258.0
296.0
304.0
275.0
256.0
291.0
271.0
303.0
262.0
256.0
289.0
281.0
252.0
255.0
303.0
276.0
255.0
250.0
303.0
243.0
261.0
262.0
242.0
282.0
241.0
250.0
272.0
262.0
224.0
278.0
322.0
241.0
250.0
289.0
258.0
247.0
273.0
277.0
234.0
308.0
262.0
216.0
253.0
242.0
278.0
293.0
315.0
225.0
282.0
265.0
288.0
229.0
208.0
265.0
249.0
217.0
251.0
259.0
283.0
291.0
272.0
254.0
281.0
300.0
307.0
275.0
252.0
230.0
239.0
252.0
245.0
277.0
234.0
235.0
262.0
266.0
288.0
259.0
246.0
365.0
299.0
286.0
324.0
312.0
256.0
228.0
262.0
238.0
261.0
277.0
226.0
286.0
231.0
271.0
260.0
260.0
294.0
235.0
250.0
244.0
278.0
303.0
222.0
264.0
235.0
246.0
291.0
258.0
253.0
280.0
246.0
268.0
270.0
295.0
262.0
