157.0
172.0
183.0
167.0
156.0
146.0
160.0
240.0
159.0
231.0
143.0
145.0
181.0
190.0
292.0
215.0
223.0
164.0
178.0
153.0
159.0
179.0
183.0
141.0
175.0
202.0
182.0
149.0
167.0
182.0
166.0
184.0
171.0
170.0
170.0
246.0
146.0
176.0
169.0
172.0
198.0
193.0
192.0
170.0
195.0
228.0
175.0
218.0
184.0
165.0
249.0
136.0
257.0
204.0
160.0
170.0
166.0
158.0
185.0
149.0
197.0
156.0
155.0
188.0
191.0
253.0
166.0
134.0
167.0
220.0
216.0
217.0
190.0
162.0
147.0
153.0
153.0
157.0
153.0
150.0
138.0
177.0
161.0
169.0
170.0
230.0
183.0
144.0
193.0
142.0
279.0
177.0
156.0
179.0
201.0
148.0
178.0
155.0
163.0
163.0
153.0
166.0
157.0
171.0
147.0
204.0
200.0
170.0
146.0
210.0
231.0
189.0
157.0
151.0
198.0
190.0
142.0
143.0
186.0
137.0
171.0
204.0
190.0
163.0
152.0
153.0
189.0
153.0
155.0
151.0
155.0
184.0
171.0
175.0
168.0
199.0
153.0
178.0
179.0
153.0
166.0
158.0
139.0
181.0
169.0
153.0
158.0
140.0
173.0
156.0
142.0
181.0
272.0
194.0
169.0
340.0
258.0
212.0
180.0
178.0
166.0
149.0
164.0
352.0
184.0
165.0
168.0
179.0
144.0
199.0
160.0
168.0
169.0
172.0
146.0
145.0
154.0
172.0
166.0
166.0
227.0
159.0
171.0
176.0
151.0
184.0
142.0
159.0
228.0
150.0
152.0
151.0
160.0
199.0
210.0
167.0
168.0
142.0
197.0
179.0
