184.0
234.0
192.0
200.0
295.0
219.0
206.0
172.0
157.0
238.0
173.0
199.0
247.0
249.0
198.0
184.0
224.0
232.0
158.0
165.0
200.0
181.0
167.0
175.0
180.0
163.0
155.0
157.0
192.0
174.0
231.0
251.0
223.0
184.0
186.0
143.0
205.0
187.0
156.0
190.0
262.0
204.0
214.0
281.0
225.0
199.0
155.0
157.0
199.0
211.0
188.0
201.0
210.0
157.0
142.0
224.0
226.0
214.0
191.0
192.0
233.0
208.0
183.0
153.0
158.0
195.0
239.0
204.0
227.0
195.0
205.0
215.0
234.0
182.0
151.0
208.0
152.0
239.0
227.0
208.0
176.0
168.0
218.0
158.0
182.0
160.0
161.0
158.0
216.0
264.0
256.0
192.0
198.0
173.0
228.0
214.0
171.0
225.0
221.0
339.0
230.0
397.0
319.0
239.0
278.0
223.0
159.0
226.0
275.0
263.0
220.0
162.0
154.0
203.0
233.0
251.0
226.0
166.0
145.0
190.0
175.0
262.0
227.0
199.0
184.0
216.0
161.0
174.0
223.0
233.0
161.0
170.0
231.0
155.0
167.0
184.0
152.0
223.0
199.0
224.0
180.0
199.0
168.0
156.0
182.0
218.0
172.0
171.0
206.0
172.0
241.0
181.0
197.0
206.0
181.0
238.0
197.0
192.0
216.0
196.0
162.0
186.0
193.0
167.0
180.0
243.0
180.0
154.0
177.0
290.0
236.0
160.0
248.0
320.0
186.0
278.0
206.0
194.0
270.0
190.0
212.0
161.0
232.0
197.0
179.0
163.0
188.0
180.0
164.0
212.0
194.0
175.0
155.0
174.0
196.0
213.0
171.0
235.0
184.0
200.0
