161.0
180.0
169.0
157.0
167.0
153.0
215.0
166.0
266.0
156.0
208.0
174.0
225.0
179.0
196.0
165.0
221.0
160.0
166.0
181.0
224.0
193.0
167.0
205.0
167.0
160.0
161.0
147.0
155.0
139.0
164.0
145.0
191.0
194.0
207.0
159.0
172.0
178.0
189.0
143.0
137.0
156.0
183.0
159.0
192.0
202.0
196.0
178.0
155.0
168.0
163.0
166.0
157.0
280.0
220.0
151.0
172.0
176.0
160.0
173.0
231.0
126.0
181.0
165.0
148.0
155.0
150.0
143.0
199.0
172.0
166.0
188.0
186.0
144.0
174.0
199.0
162.0
148.0
163.0
136.0
191.0
161.0
197.0
142.0
143.0
210.0
190.0
218.0
206.0
143.0
224.0
156.0
178.0
158.0
171.0
168.0
166.0
168.0
170.0
185.0
153.0
164.0
175.0
180.0
139.0
189.0
132.0
157.0
168.0
168.0
200.0
172.0
165.0
143.0
197.0
239.0
176.0
150.0
182.0
191.0
179.0
172.0
195.0
223.0
169.0
207.0
166.0
148.0
205.0
279.0
292.0
171.0
154.0
187.0
188.0
175.0
148.0
189.0
147.0
151.0
172.0
178.0
184.0
164.0
311.0
281.0
231.0
163.0
181.0
170.0
166.0
189.0
157.0
188.0
184.0
181.0
182.0
138.0
154.0
236.0
189.0
155.0
172.0
219.0
215.0
153.0
175.0
157.0
146.0
149.0
170.0
236.0
197.0
172.0
165.0
218.0
166.0
175.0
179.0
185.0
183.0
158.0
218.0
154.0
211.0
151.0
235.0
183.0
203.0
213.0
142.0
159.0
203.0
141.0
162.0
154.0
164.0
167.0
192.0
142.0
