254.0
258.0
243.0
211.0
256.0
282.0
250.0
278.0
247.0
263.0
306.0
253.0
267.0
226.0
223.0
251.0
262.0
309.0
261.0
251.0
216.0
222.0
244.0
311.0
255.0
269.0
246.0
259.0
316.0
243.0
226.0
270.0
247.0
255.0
245.0
276.0
266.0
232.0
257.0
251.0
257.0
300.0
245.0
232.0
251.0
235.0
267.0
266.0
296.0
260.0
236.0
244.0
226.0
252.0
283.0
259.0
282.0
261.0
242.0
252.0
233.0
217.0
261.0
226.0
232.0
258.0
243.0
261.0
271.0
240.0
248.0
262.0
296.0
230.0
277.0
318.0
226.0
283.0
242.0
252.0
263.0
336.0
247.0
237.0
277.0
287.0
250.0
278.0
280.0
223.0
262.0
218.0
284.0
349.0
330.0
245.0
256.0
292.0
261.0
248.0
275.0
257.0
245.0
284.0
249.0
239.0
249.0
294.0
280.0
257.0
271.0
274.0
233.0
275.0
278.0
266.0
248.0
304.0
263.0
236.0
227.0
229.0
224.0
253.0
245.0
290.0
268.0
255.0
246.0
270.0
250.0
252.0
260.0
243.0
254.0
247.0
233.0
236.0
270.0
258.0
263.0
259.0
230.0
281.0
232.0
243.0
267.0
250.0
300.0
261.0
224.0
253.0
271.0
239.0
261.0
238.0
296.0
260.0
278.0
245.0
253.0
274.0
251.0
258.0
229.0
236.0
252.0
239.0
219.0
272.0
234.0
265.0
253.0
256.0
270.0
270.0
277.0
255.0
233.0
252.0
288.0
202.0
247.0
239.0
270.0
243.0
266.0
274.0
281.0
258.0
228.0
242.0
229.0
376.0
273.0
227.0
232.0
221.0
277.0
234.0
