239.0
303.0
332.0
321.0
276.0
247.0
276.0
269.0
258.0
269.0
260.0
243.0
264.0
289.0
349.0
258.0
303.0
222.0
287.0
283.0
222.0
286.0
248.0
256.0
245.0
243.0
235.0
258.0
264.0
243.0
304.0
242.0
277.0
247.0
335.0
373.0
223.0
250.0
312.0
252.0
264.0
303.0
290.0
273.0
287.0
305.0
252.0
309.0
241.0
259.0
274.0
326.0
268.0
312.0
256.0
231.0
298.0
301.0
258.0
269.0
260.0
264.0
229.0
321.0
267.0
233.0
254.0
246.0
243.0
284.0
249.0
289.0
240.0
246.0
276.0
293.0
274.0
303.0
278.0
252.0
256.0
274.0
256.0
266.0
301.0
231.0
251.0
300.0
301.0
268.0
256.0
257.0
272.0
261.0
254.0
279.0
267.0
239.0
234.0
288.0
291.0
286.0
238.0
230.0
268.0
311.0
305.0
286.0
275.0
323.0
246.0
278.0
294.0
275.0
255.0
300.0
282.0
324.0
274.0
364.0
260.0
274.0
286.0
298.0
333.0
284.0
351.0
293.0
264.0
209.0
365.0
271.0
228.0
298.0
322.0
280.0
293.0
277.0
277.0
279.0
270.0
243.0
268.0
273.0
286.0
266.0
286.0
244.0
274.0
256.0
249.0
344.0
247.0
314.0
278.0
270.0
253.0
299.0
224.0
265.0
303.0
366.0
256.0
325.0
246.0
230.0
245.0
252.0
299.0
265.0
236.0
272.0
233.0
262.0
246.0
303.0
246.0
281.0
242.0
263.0
231.0
275.0
272.0
309.0
243.0
291.0
282.0
325.0
280.0
284.0
228.0
244.0
272.0
274.0
332.0
263.0
247.0
272.0
246.0
263.0
