234.0
245.0
257.0
289.0
270.0
222.0
251.0
255.0
309.0
279.0
271.0
224.0
254.0
257.0
250.0
219.0
233.0
249.0
267.0
247.0
291.0
299.0
221.0
252.0
256.0
282.0
264.0
238.0
250.0
270.0
282.0
247.0
250.0
263.0
242.0
260.0
236.0
246.0
253.0
262.0
245.0
251.0
251.0
308.0
279.0
243.0
253.0
228.0
241.0
267.0
264.0
287.0
239.0
248.0
241.0
274.0
296.0
237.0
252.0
240.0
272.0
249.0
243.0
309.0
230.0
254.0
248.0
241.0
247.0
253.0
231.0
253.0
268.0
231.0
274.0
229.0
290.0
248.0
266.0
277.0
241.0
240.0
290.0
243.0
259.0
238.0
283.0
227.0
268.0
278.0
248.0
237.0
241.0
232.0
249.0
237.0
279.0
287.0
262.0
275.0
233.0
240.0
303.0
242.0
309.0
247.0
232.0
255.0
247.0
255.0
308.0
281.0
226.0
306.0
240.0
264.0
236.0
256.0
246.0
226.0
224.0
267.0
246.0
291.0
236.0
228.0
253.0
266.0
249.0
262.0
246.0
273.0
258.0
290.0
264.0
201.0
253.0
306.0
226.0
269.0
226.0
265.0
281.0
265.0
295.0
260.0
292.0
215.0
264.0
259.0
269.0
340.0
287.0
264.0
227.0
266.0
232.0
261.0
224.0
240.0
273.0
247.0
266.0
242.0
260.0
282.0
235.0
241.0
213.0
223.0
226.0
263.0
226.0
291.0
299.0
272.0
275.0
268.0
256.0
284.0
218.0
286.0
252.0
265.0
234.0
296.0
261.0
312.0
254.0
263.0
248.0
247.0
267.0
218.0
228.0
230.0
225.0
250.0
230.0
274.0
