176.0
134.0
138.0
138.0
172.0
174.0
168.0
140.0
190.0
148.0
145.0
155.0
158.0
149.0
148.0
140.0
194.0
161.0
161.0
130.0
177.0
152.0
139.0
264.0
190.0
183.0
185.0
220.0
177.0
169.0
199.0
138.0
165.0
151.0
178.0
142.0
151.0
166.0
136.0
282.0
184.0
174.0
145.0
157.0
142.0
158.0
218.0
154.0
184.0
151.0
172.0
193.0
158.0
196.0
148.0
169.0
154.0
130.0
169.0
124.0
148.0
137.0
160.0
171.0
155.0
159.0
158.0
195.0
157.0
168.0
155.0
157.0
191.0
174.0
162.0
157.0
135.0
201.0
154.0
208.0
166.0
144.0
159.0
140.0
198.0
202.0
169.0
188.0
156.0
145.0
152.0
158.0
202.0
154.0
156.0
148.0
216.0
175.0
166.0
147.0
142.0
151.0
152.0
164.0
140.0
166.0
170.0
153.0
163.0
149.0
137.0
130.0
225.0
154.0
137.0
154.0
149.0
220.0
160.0
164.0
200.0
146.0
160.0
167.0
161.0
163.0
170.0
151.0
152.0
178.0
143.0
176.0
174.0
247.0
156.0
203.0
184.0
158.0
160.0
153.0
177.0
150.0
171.0
178.0
179.0
142.0
179.0
160.0
135.0
150.0
150.0
155.0
165.0
167.0
142.0
168.0
160.0
189.0
155.0
153.0
166.0
160.0
152.0
169.0
167.0
169.0
137.0
128.0
168.0
215.0
154.0
152.0
160.0
185.0
144.0
167.0
181.0
143.0
168.0
144.0
246.0
155.0
190.0
173.0
179.0
221.0
138.0
153.0
157.0
215.0
139.0
130.0
175.0
150.0
211.0
209.0
149.0
144.0
163.0
159.0
