257.0
266.0
283.0
270.0
261.0
251.0
333.0
291.0
245.0
248.0
272.0
244.0
251.0
289.0
274.0
252.0
264.0
261.0
251.0
303.0
294.0
262.0
237.0
321.0
245.0
239.0
285.0
281.0
409.0
226.0
293.0
268.0
266.0
253.0
241.0
265.0
260.0
209.0
244.0
254.0
279.0
277.0
248.0
256.0
239.0
267.0
272.0
246.0
242.0
255.0
238.0
250.0
232.0
256.0
239.0
315.0
253.0
297.0
226.0
300.0
311.0
268.0
219.0
253.0
275.0
233.0
235.0
276.0
266.0
278.0
269.0
271.0
245.0
279.0
284.0
220.0
250.0
252.0
245.0
248.0
232.0
270.0
280.0
278.0
273.0
291.0
277.0
227.0
309.0
228.0
223.0
294.0
252.0
265.0
247.0
269.0
301.0
252.0
297.0
268.0
282.0
325.0
224.0
250.0
250.0
261.0
288.0
236.0
263.0
310.0
290.0
260.0
264.0
260.0
236.0
237.0
245.0
251.0
252.0
265.0
259.0
234.0
258.0
348.0
262.0
288.0
235.0
268.0
275.0
235.0
253.0
270.0
242.0
234.0
285.0
299.0
334.0
271.0
228.0
242.0
250.0
305.0
224.0
253.0
287.0
237.0
230.0
274.0
261.0
232.0
271.0
263.0
245.0
281.0
239.0
313.0
251.0
246.0
258.0
281.0
254.0
286.0
291.0
275.0
262.0
276.0
292.0
289.0
236.0
246.0
286.0
277.0
253.0
283.0
241.0
243.0
268.0
254.0
311.0
286.0
268.0
258.0
259.0
296.0
249.0
217.0
234.0
271.0
261.0
288.0
251.0
258.0
229.0
260.0
269.0
266.0
239.0
223.0
281.0
310.0
