163.0
289.0
249.0
265.0
214.0
225.0
229.0
184.0
184.0
166.0
222.0
262.0
171.0
202.0
162.0
176.0
182.0
135.0
182.0
180.0
166.0
205.0
156.0
191.0
150.0
172.0
187.0
219.0
275.0
176.0
170.0
153.0
204.0
189.0
204.0
160.0
172.0
172.0
164.0
152.0
183.0
164.0
184.0
168.0
169.0
153.0
231.0
200.0
193.0
244.0
257.0
280.0
207.0
198.0
182.0
219.0
208.0
230.0
216.0
177.0
183.0
185.0
174.0
258.0
163.0
228.0
201.0
216.0
165.0
202.0
238.0
152.0
180.0
183.0
181.0
176.0
182.0
288.0
235.0
189.0
157.0
190.0
228.0
192.0
200.0
174.0
178.0
159.0
162.0
158.0
192.0
194.0
184.0
235.0
195.0
234.0
150.0
147.0
168.0
298.0
210.0
223.0
167.0
190.0
212.0
160.0
196.0
269.0
276.0
331.0
233.0
266.0
302.0
208.0
159.0
192.0
197.0
202.0
193.0
223.0
192.0
176.0
221.0
206.0
215.0
185.0
147.0
204.0
202.0
181.0
239.0
194.0
186.0
185.0
159.0
137.0
244.0
220.0
327.0
235.0
215.0
149.0
195.0
179.0
224.0
188.0
156.0
177.0
161.0
212.0
277.0
192.0
157.0
189.0
174.0
143.0
221.0
225.0
170.0
168.0
151.0
182.0
166.0
226.0
152.0
185.0
263.0
235.0
202.0
178.0
184.0
207.0
202.0
190.0
167.0
185.0
201.0
173.0
168.0
321.0
212.0
202.0
195.0
169.0
175.0
250.0
211.0
160.0
206.0
176.0
173.0
173.0
167.0
208.0
196.0
180.0
227.0
247.0
201.0
327.0
