247.0
257.0
287.0
235.0
231.0
267.0
239.0
263.0
282.0
250.0
360.0
266.0
252.0
224.0
243.0
215.0
285.0
222.0
264.0
252.0
237.0
258.0
252.0
263.0
290.0
307.0
294.0
260.0
278.0
254.0
259.0
248.0
222.0
246.0
266.0
275.0
277.0
232.0
278.0
235.0
243.0
257.0
254.0
257.0
236.0
324.0
231.0
236.0
234.0
229.0
263.0
261.0
259.0
255.0
232.0
269.0
225.0
260.0
341.0
242.0
333.0
282.0
265.0
278.0
243.0
239.0
240.0
218.0
248.0
284.0
233.0
346.0
335.0
241.0
217.0
250.0
261.0
266.0
250.0
243.0
257.0
253.0
274.0
262.0
274.0
245.0
268.0
300.0
291.0
241.0
251.0
255.0
210.0
297.0
279.0
257.0
243.0
227.0
228.0
235.0
246.0
243.0
238.0
250.0
241.0
252.0
252.0
255.0
231.0
247.0
227.0
260.0
274.0
249.0
255.0
272.0
247.0
231.0
298.0
243.0
235.0
257.0
260.0
246.0
290.0
264.0
267.0
237.0
236.0
264.0
271.0
266.0
286.0
281.0
237.0
278.0
294.0
256.0
277.0
252.0
265.0
275.0
244.0
268.0
244.0
271.0
255.0
290.0
219.0
274.0
291.0
228.0
292.0
248.0
241.0
245.0
265.0
244.0
254.0
230.0
315.0
272.0
250.0
277.0
247.0
243.0
244.0
233.0
238.0
242.0
238.0
250.0
266.0
222.0
220.0
246.0
241.0
225.0
271.0
218.0
259.0
216.0
231.0
221.0
285.0
233.0
245.0
291.0
254.0
343.0
240.0
259.0
273.0
236.0
214.0
233.0
307.0
236.0
244.0
253.0
