286.0
239.0
251.0
274.0
239.0
275.0
275.0
325.0
272.0
246.0
239.0
286.0
277.0
265.0
260.0
286.0
229.0
256.0
249.0
260.0
263.0
281.0
215.0
309.0
262.0
282.0
313.0
268.0
259.0
253.0
270.0
290.0
245.0
264.0
276.0
322.0
252.0
234.0
219.0
271.0
256.0
282.0
308.0
252.0
255.0
257.0
252.0
284.0
321.0
332.0
224.0
270.0
235.0
236.0
305.0
238.0
323.0
285.0
284.0
293.0
246.0
286.0
282.0
287.0
316.0
270.0
232.0
305.0
230.0
365.0
250.0
267.0
267.0
302.0
252.0
306.0
266.0
265.0
346.0
277.0
295.0
285.0
330.0
237.0
303.0
289.0
255.0
270.0
261.0
287.0
264.0
234.0
260.0
332.0
270.0
257.0
258.0
232.0
257.0
262.0
311.0
256.0
270.0
246.0
258.0
254.0
281.0
243.0
274.0
284.0
262.0
270.0
272.0
237.0
269.0
241.0
266.0
288.0
264.0
227.0
278.0
304.0
302.0
261.0
259.0
262.0
257.0
262.0
259.0
255.0
274.0
298.0
275.0
270.0
285.0
276.0
248.0
252.0
251.0
360.0
253.0
310.0
285.0
250.0
304.0
262.0
240.0
249.0
244.0
288.0
322.0
267.0
267.0
331.0
252.0
269.0
295.0
272.0
254.0
261.0
320.0
275.0
302.0
258.0
291.0
268.0
248.0
317.0
252.0
280.0
233.0
278.0
243.0
252.0
261.0
245.0
296.0
262.0
246.0
245.0
285.0
264.0
288.0
262.0
380.0
253.0
234.0
237.0
248.0
326.0
251.0
301.0
261.0
321.0
267.0
254.0
342.0
253.0
294.0
240.0
