250.0
243.0
286.0
295.0
218.0
241.0
266.0
230.0
349.0
278.0
267.0
249.0
250.0
239.0
237.0
211.0
283.0
268.0
251.0
290.0
252.0
266.0
294.0
252.0
263.0
259.0
267.0
214.0
229.0
276.0
253.0
273.0
285.0
248.0
268.0
228.0
235.0
227.0
257.0
253.0
238.0
228.0
211.0
246.0
263.0
243.0
246.0
260.0
237.0
227.0
277.0
254.0
279.0
251.0
258.0
285.0
268.0
274.0
306.0
250.0
257.0
231.0
261.0
278.0
255.0
234.0
246.0
283.0
291.0
245.0
289.0
280.0
285.0
234.0
236.0
259.0
294.0
236.0
273.0
244.0
233.0
257.0
249.0
224.0
259.0
256.0
275.0
228.0
270.0
260.0
247.0
324.0
267.0
239.0
299.0
268.0
238.0
327.0
236.0
270.0
261.0
277.0
239.0
232.0
261.0
242.0
231.0
261.0
263.0
283.0
282.0
248.0
235.0
235.0
283.0
345.0
268.0
262.0
242.0
273.0
276.0
272.0
283.0
255.0
260.0
230.0
263.0
291.0
253.0
280.0
212.0
270.0
308.0
252.0
252.0
225.0
244.0
286.0
251.0
304.0
262.0
281.0
253.0
276.0
272.0
272.0
287.0
261.0
254.0
295.0
267.0
277.0
266.0
253.0
267.0
276.0
226.0
238.0
291.0
238.0
259.0
264.0
279.0
233.0
230.0
254.0
321.0
277.0
253.0
223.0
250.0
274.0
238.0
214.0
274.0
244.0
243.0
322.0
256.0
277.0
273.0
243.0
236.0
236.0
230.0
271.0
282.0
223.0
265.0
266.0
242.0
268.0
237.0
251.0
274.0
311.0
301.0
263.0
228.0
281.0
