259.0
239.0
292.0
253.0
273.0
257.0
256.0
218.0
273.0
239.0
248.0
269.0
241.0
258.0
275.0
235.0
264.0
236.0
275.0
289.0
298.0
261.0
256.0
284.0
243.0
245.0
292.0
273.0
285.0
245.0
256.0
273.0
258.0
340.0
305.0
268.0
272.0
292.0
273.0
255.0
314.0
317.0
246.0
281.0
301.0
289.0
255.0
245.0
249.0
242.0
274.0
272.0
245.0
270.0
254.0
275.0
290.0
257.0
249.0
313.0
240.0
273.0
266.0
251.0
256.0
272.0
265.0
244.0
296.0
275.0
295.0
253.0
285.0
238.0
272.0
237.0
281.0
245.0
255.0
264.0
296.0
248.0
274.0
276.0
294.0
238.0
248.0
230.0
253.0
272.0
276.0
232.0
272.0
266.0
302.0
236.0
279.0
313.0
255.0
300.0
266.0
253.0
219.0
308.0
247.0
233.0
273.0
261.0
344.0
240.0
273.0
238.0
254.0
260.0
248.0
291.0
299.0
232.0
271.0
279.0
245.0
258.0
276.0
296.0
264.0
236.0
284.0
245.0
228.0
272.0
237.0
235.0
249.0
274.0
223.0
242.0
224.0
283.0
268.0
235.0
261.0
289.0
305.0
253.0
242.0
271.0
250.0
232.0
250.0
253.0
255.0
259.0
287.0
255.0
269.0
319.0
267.0
247.0
226.0
260.0
257.0
240.0
247.0
230.0
255.0
240.0
255.0
244.0
262.0
242.0
230.0
237.0
276.0
227.0
266.0
283.0
256.0
253.0
284.0
245.0
255.0
289.0
244.0
232.0
270.0
269.0
241.0
252.0
249.0
283.0
242.0
274.0
282.0
243.0
285.0
232.0
259.0
301.0
270.0
325.0
