262.0
251.0
254.0
260.0
271.0
239.0
235.0
209.0
239.0
269.0
277.0
292.0
232.0
200.0
227.0
260.0
228.0
258.0
240.0
261.0
267.0
265.0
261.0
277.0
212.0
295.0
232.0
347.0
281.0
243.0
249.0
290.0
286.0
245.0
255.0
284.0
302.0
247.0
227.0
246.0
265.0
254.0
277.0
285.0
278.0
224.0
303.0
230.0
295.0
293.0
238.0
279.0
251.0
280.0
238.0
319.0
252.0
228.0
226.0
275.0
282.0
263.0
265.0
316.0
204.0
229.0
255.0
244.0
262.0
253.0
263.0
342.0
264.0
229.0
248.0
232.0
285.0
262.0
267.0
266.0
253.0
224.0
283.0
250.0
308.0
263.0
225.0
283.0
227.0
276.0
267.0
270.0
244.0
313.0
229.0
225.0
239.0
271.0
283.0
230.0
232.0
245.0
237.0
276.0
264.0
212.0
245.0
237.0
272.0
293.0
233.0
239.0
272.0
249.0
265.0
244.0
270.0
261.0
256.0
300.0
227.0
241.0
320.0
277.0
295.0
268.0
292.0
269.0
258.0
254.0
246.0
276.0
245.0
236.0
287.0
266.0
262.0
259.0
240.0
322.0
235.0
294.0
230.0
278.0
251.0
232.0
244.0
269.0
248.0
276.0
229.0
291.0
234.0
297.0
286.0
267.0
282.0
253.0
272.0
273.0
237.0
331.0
276.0
292.0
255.0
233.0
251.0
233.0
258.0
339.0
276.0
254.0
264.0
245.0
287.0
263.0
236.0
306.0
270.0
296.0
279.0
226.0
277.0
282.0
300.0
244.0
295.0
246.0
274.0
236.0
235.0
277.0
259.0
261.0
269.0
276.0
304.0
297.0
273.0
264.0
