201.0
159.0
153.0
166.0
200.0
159.0
177.0
276.0
179.0
206.0
205.0
245.0
206.0
214.0
184.0
170.0
205.0
232.0
180.0
182.0
250.0
154.0
162.0
164.0
157.0
171.0
181.0
161.0
239.0
155.0
144.0
194.0
221.0
187.0
168.0
165.0
172.0
273.0
175.0
156.0
156.0
198.0
164.0
179.0
166.0
177.0
179.0
201.0
147.0
161.0
178.0
210.0
191.0
157.0
164.0
215.0
147.0
172.0
174.0
186.0
198.0
159.0
182.0
290.0
181.0
158.0
190.0
155.0
151.0
226.0
201.0
170.0
194.0
209.0
212.0
211.0
148.0
290.0
191.0
146.0
198.0
208.0
174.0
161.0
177.0
144.0
191.0
180.0
157.0
248.0
185.0
154.0
174.0
144.0
187.0
233.0
174.0
157.0
164.0
161.0
170.0
150.0
186.0
161.0
173.0
154.0
182.0
292.0
195.0
178.0
172.0
152.0
171.0
197.0
192.0
178.0
173.0
172.0
142.0
190.0
165.0
320.0
282.0
204.0
178.0
244.0
225.0
169.0
226.0
205.0
187.0
207.0
181.0
169.0
169.0
207.0
206.0
183.0
193.0
158.0
156.0
159.0
186.0
179.0
172.0
194.0
174.0
144.0
154.0
182.0
186.0
206.0
182.0
279.0
163.0
160.0
156.0
176.0
206.0
240.0
299.0
166.0
170.0
153.0
172.0
168.0
235.0
169.0
179.0
250.0
146.0
175.0
206.0
169.0
163.0
178.0
158.0
193.0
163.0
158.0
154.0
156.0
180.0
143.0
163.0
165.0
175.0
172.0
213.0
166.0
176.0
150.0
244.0
162.0
218.0
148.0
168.0
183.0
270.0
181.0
