233.0
231.0
221.0
241.0
230.0
285.0
249.0
275.0
249.0
232.0
267.0
269.0
201.0
266.0
262.0
227.0
261.0
242.0
311.0
233.0
251.0
282.0
281.0
258.0
239.0
295.0
243.0
245.0
275.0
261.0
279.0
248.0
239.0
270.0
220.0
253.0
240.0
257.0
259.0
257.0
275.0
250.0
232.0
257.0
257.0
283.0
260.0
292.0
258.0
221.0
285.0
238.0
256.0
260.0
232.0
291.0
267.0
281.0
267.0
265.0
272.0
230.0
270.0
258.0
236.0
220.0
241.0
254.0
264.0
244.0
316.0
271.0
237.0
256.0
257.0
226.0
211.0
261.0
217.0
332.0
235.0
250.0
345.0
230.0
251.0
275.0
237.0
343.0
265.0
268.0
279.0
211.0
225.0
233.0
262.0
257.0
308.0
253.0
272.0
241.0
253.0
227.0
240.0
255.0
256.0
234.0
231.0
235.0
253.0
243.0
278.0
274.0
233.0
257.0
257.0
266.0
282.0
242.0
239.0
247.0
245.0
240.0
248.0
243.0
259.0
274.0
215.0
276.0
238.0
247.0
271.0
267.0
240.0
235.0
310.0
273.0
273.0
326.0
290.0
264.0
249.0
250.0
253.0
247.0
225.0
263.0
259.0
249.0
259.0
246.0
264.0
292.0
246.0
259.0
240.0
262.0
275.0
302.0
258.0
228.0
258.0
318.0
300.0
293.0
256.0
249.0
220.0
265.0
268.0
255.0
246.0
254.0
274.0
257.0
219.0
267.0
249.0
276.0
274.0
243.0
237.0
280.0
278.0
258.0
265.0
300.0
288.0
250.0
252.0
250.0
221.0
240.0
264.0
270.0
266.0
257.0
225.0
235.0
255.0
242.0
