238.0
311.0
260.0
244.0
264.0
323.0
258.0
235.0
219.0
249.0
274.0
238.0
261.0
260.0
283.0
246.0
280.0
257.0
241.0
279.0
279.0
237.0
260.0
310.0
282.0
245.0
259.0
252.0
274.0
256.0
317.0
267.0
275.0
242.0
287.0
244.0
266.0
278.0
229.0
293.0
266.0
245.0
237.0
284.0
227.0
272.0
230.0
227.0
236.0
306.0
274.0
306.0
296.0
295.0
253.0
317.0
229.0
281.0
287.0
242.0
332.0
254.0
276.0
267.0
297.0
233.0
305.0
278.0
321.0
266.0
287.0
230.0
269.0
261.0
267.0
260.0
294.0
277.0
287.0
232.0
272.0
237.0
268.0
264.0
244.0
300.0
249.0
225.0
272.0
257.0
297.0
263.0
266.0
266.0
245.0
286.0
281.0
274.0
257.0
240.0
235.0
258.0
278.0
227.0
254.0
296.0
234.0
311.0
269.0
252.0
251.0
265.0
254.0
305.0
247.0
281.0
260.0
280.0
239.0
321.0
262.0
267.0
223.0
277.0
261.0
265.0
264.0
240.0
249.0
248.0
333.0
254.0
268.0
236.0
255.0
348.0
235.0
252.0
314.0
266.0
272.0
240.0
305.0
253.0
288.0
277.0
250.0
261.0
227.0
236.0
265.0
263.0
253.0
287.0
270.0
307.0
262.0
233.0
282.0
283.0
261.0
257.0
329.0
267.0
277.0
240.0
254.0
266.0
293.0
247.0
252.0
243.0
270.0
271.0
281.0
262.0
269.0
270.0
256.0
260.0
251.0
269.0
230.0
287.0
234.0
301.0
242.0
244.0
228.0
297.0
313.0
299.0
267.0
232.0
275.0
263.0
282.0
250.0
289.0
227.0
