276.0
269.0
266.0
358.0
264.0
262.0
250.0
248.0
272.0
255.0
318.0
280.0
288.0
298.0
280.0
307.0
308.0
234.0
267.0
259.0
281.0
246.0
251.0
233.0
287.0
267.0
272.0
363.0
256.0
277.0
250.0
234.0
327.0
253.0
313.0
262.0
239.0
265.0
248.0
230.0
262.0
244.0
240.0
281.0
304.0
292.0
269.0
268.0
253.0
297.0
248.0
293.0
250.0
255.0
308.0
289.0
299.0
244.0
242.0
303.0
287.0
289.0
299.0
250.0
252.0
274.0
298.0
282.0
275.0
314.0
267.0
268.0
295.0
279.0
246.0
271.0
312.0
244.0
252.0
220.0
251.0
253.0
275.0
272.0
235.0
271.0
243.0
261.0
275.0
291.0
341.0
329.0
315.0
284.0
253.0
280.0
241.0
287.0
243.0
268.0
226.0
259.0
375.0
268.0
333.0
253.0
290.0
242.0
231.0
365.0
316.0
284.0
278.0
280.0
256.0
259.0
243.0
280.0
279.0
297.0
225.0
289.0
260.0
256.0
259.0
263.0
243.0
356.0
258.0
286.0
295.0
247.0
233.0
273.0
262.0
298.0
309.0
290.0
263.0
323.0
263.0
279.0
286.0
235.0
280.0
245.0
248.0
255.0
335.0
267.0
288.0
322.0
278.0
269.0
313.0
280.0
233.0
246.0
255.0
272.0
370.0
294.0
273.0
284.0
256.0
322.0
269.0
253.0
296.0
280.0
313.0
256.0
249.0
256.0
252.0
246.0
349.0
299.0
338.0
246.0
247.0
373.0
297.0
256.0
263.0
310.0
301.0
276.0
319.0
234.0
255.0
295.0
256.0
241.0
258.0
293.0
269.0
265.0
310.0
252.0
