551.0
606.0
803.0
721.0
707.0
813.0
722.0
738.0
821.0
767.0
770.0
830.0
856.0
748.0
821.0
740.0
765.0
877.0
840.0
805.0
886.0
829.0
653.0
857.0
892.0
772.0
816.0
813.0
778.0
807.0
852.0
642.0
736.0
780.0
870.0
754.0
806.0
888.0
897.0
715.0
682.0
844.0
685.0
788.0
763.0
861.0
725.0
729.0
674.0
780.0
764.0
870.0
784.0
971.0
889.0
875.0
739.0
808.0
934.0
856.0
917.0
811.0
933.0
797.0
887.0
822.0
785.0
797.0
862.0
838.0
886.0
733.0
820.0
782.0
738.0
790.0
859.0
875.0
747.0
898.0
751.0
919.0
742.0
868.0
849.0
789.0
668.0
868.0
970.0
756.0
788.0
737.0
831.0
772.0
784.0
771.0
830.0
934.0
727.0
794.0
831.0
863.0
732.0
732.0
804.0
827.0
736.0
845.0
772.0
772.0
842.0
763.0
722.0
727.0
792.0
891.0
767.0
753.0
723.0
727.0
787.0
737.0
831.0
706.0
777.0
731.0
754.0
872.0
815.0
875.0
805.0
765.0
680.0
858.0
817.0
803.0
712.0
938.0
804.0
783.0
757.0
691.0
821.0
719.0
754.0
814.0
720.0
774.0
734.0
848.0
730.0
767.0
782.0
724.0
796.0
716.0
809.0
889.0
811.0
797.0
852.0
779.0
706.0
847.0
771.0
757.0
857.0
935.0
810.0
786.0
849.0
896.0
812.0
669.0
697.0
888.0
810.0
779.0
746.0
725.0
683.0
841.0
869.0
1025.0
860.0
881.0
753.0
727.0
723.0
797.0
749.0
794.0
802.0
845.0
791.0
815.0
788.0
810.0
802.0
898.0
