371.0
459.0
414.0
445.0
447.0
495.0
615.0
539.0
451.0
391.0
432.0
424.0
441.0
432.0
447.0
545.0
600.0
686.0
808.0
769.0
670.0
733.0
611.0
606.0
540.0
570.0
534.0
501.0
513.0
548.0
478.0
580.0
612.0
550.0
516.0
529.0
530.0
510.0
477.0
466.0
422.0
396.0
330.0
448.0
378.0
369.0
446.0
448.0
509.0
493.0
534.0
633.0
803.0
749.0
705.0
754.0
863.0
735.0
734.0
837.0
737.0
684.0
796.0
917.0
789.0
764.0
788.0
826.0
733.0
813.0
900.0
751.0
774.0
888.0
811.0
820.0
924.0
929.0
794.0
812.0
878.0
766.0
860.0
927.0
989.0
854.0
783.0
788.0
862.0
716.0
777.0
752.0
701.0
941.0
818.0
713.0
757.0
742.0
873.0
830.0
806.0
831.0
736.0
702.0
919.0
773.0
909.0
852.0
722.0
778.0
803.0
817.0
727.0
792.0
864.0
837.0
753.0
777.0
843.0
760.0
794.0
852.0
804.0
761.0
751.0
774.0
757.0
904.0
805.0
900.0
754.0
728.0
753.0
836.0
765.0
659.0
889.0
893.0
732.0
722.0
878.0
702.0
899.0
830.0
733.0
739.0
714.0
785.0
888.0
774.0
964.0
771.0
848.0
794.0
780.0
836.0
756.0
1032.0
739.0
787.0
709.0
851.0
684.0
783.0
757.0
785.0
828.0
783.0
830.0
784.0
821.0
826.0
853.0
773.0
763.0
803.0
689.0
794.0
729.0
642.0
670.0
831.0
845.0
779.0
690.0
902.0
735.0
751.0
801.0
763.0
900.0
799.0
860.0
795.0
755.0
815.0
777.0
861.0
910.0
775.0
