270.0
226.0
253.0
252.0
247.0
248.0
257.0
301.0
255.0
225.0
251.0
251.0
272.0
278.0
250.0
243.0
263.0
257.0
262.0
254.0
249.0
285.0
255.0
230.0
240.0
267.0
247.0
242.0
293.0
236.0
257.0
234.0
310.0
248.0
253.0
255.0
273.0
288.0
255.0
255.0
240.0
238.0
225.0
258.0
244.0
249.0
284.0
224.0
279.0
241.0
236.0
280.0
286.0
285.0
240.0
294.0
270.0
231.0
250.0
267.0
254.0
241.0
252.0
257.0
263.0
246.0
228.0
262.0
252.0
262.0
272.0
260.0
201.0
252.0
265.0
265.0
264.0
244.0
299.0
294.0
238.0
252.0
289.0
261.0
243.0
261.0
262.0
244.0
245.0
232.0
224.0
227.0
274.0
268.0
252.0
253.0
219.0
286.0
296.0
262.0
252.0
260.0
267.0
269.0
230.0
230.0
232.0
272.0
238.0
305.0
266.0
233.0
286.0
240.0
230.0
206.0
254.0
235.0
260.0
240.0
270.0
264.0
198.0
334.0
287.0
208.0
251.0
215.0
229.0
259.0
334.0
242.0
243.0
247.0
251.0
269.0
271.0
249.0
238.0
243.0
237.0
223.0
233.0
275.0
243.0
229.0
256.0
239.0
281.0
244.0
230.0
256.0
252.0
275.0
284.0
256.0
268.0
305.0
260.0
257.0
275.0
241.0
240.0
285.0
263.0
273.0
239.0
255.0
242.0
240.0
231.0
263.0
256.0
269.0
240.0
227.0
225.0
256.0
235.0
283.0
247.0
258.0
274.0
283.0
246.0
235.0
249.0
259.0
239.0
290.0
251.0
229.0
286.0
212.0
234.0
276.0
260.0
217.0
255.0
255.0
