304.0
267.0
247.0
292.0
259.0
239.0
224.0
291.0
251.0
263.0
282.0
240.0
237.0
273.0
285.0
223.0
248.0
249.0
227.0
253.0
250.0
284.0
228.0
285.0
275.0
254.0
248.0
258.0
242.0
221.0
288.0
275.0
283.0
259.0
228.0
226.0
335.0
246.0
236.0
226.0
264.0
341.0
250.0
270.0
263.0
289.0
249.0
243.0
259.0
227.0
246.0
259.0
225.0
266.0
222.0
264.0
274.0
288.0
225.0
243.0
281.0
259.0
267.0
253.0
238.0
267.0
242.0
226.0
253.0
241.0
265.0
231.0
241.0
235.0
295.0
238.0
293.0
279.0
250.0
251.0
243.0
250.0
242.0
233.0
274.0
225.0
223.0
302.0
244.0
239.0
263.0
274.0
274.0
298.0
221.0
261.0
255.0
267.0
276.0
258.0
208.0
251.0
291.0
244.0
240.0
262.0
224.0
272.0
289.0
291.0
299.0
280.0
285.0
269.0
287.0
212.0
228.0
267.0
216.0
285.0
249.0
242.0
246.0
258.0
244.0
301.0
318.0
224.0
245.0
281.0
261.0
246.0
224.0
227.0
278.0
231.0
255.0
230.0
293.0
282.0
257.0
246.0
217.0
236.0
250.0
326.0
256.0
250.0
276.0
255.0
267.0
232.0
257.0
228.0
242.0
241.0
296.0
243.0
266.0
344.0
313.0
256.0
285.0
291.0
280.0
259.0
270.0
222.0
268.0
277.0
242.0
239.0
256.0
271.0
281.0
258.0
263.0
279.0
223.0
222.0
225.0
329.0
273.0
323.0
279.0
215.0
262.0
278.0
262.0
255.0
244.0
227.0
304.0
282.0
257.0
291.0
294.0
257.0
294.0
281.0
