247.0
251.0
290.0
256.0
292.0
276.0
281.0
348.0
329.0
245.0
287.0
211.0
351.0
249.0
254.0
256.0
310.0
291.0
268.0
257.0
250.0
227.0
263.0
244.0
244.0
275.0
247.0
275.0
265.0
242.0
264.0
235.0
223.0
263.0
242.0
259.0
312.0
269.0
275.0
249.0
264.0
294.0
262.0
310.0
247.0
263.0
256.0
323.0
287.0
261.0
288.0
306.0
258.0
208.0
242.0
317.0
268.0
270.0
269.0
267.0
271.0
302.0
274.0
225.0
297.0
227.0
263.0
287.0
264.0
266.0
273.0
273.0
220.0
274.0
274.0
251.0
260.0
229.0
326.0
280.0
273.0
262.0
321.0
239.0
265.0
259.0
245.0
242.0
241.0
287.0
264.0
228.0
293.0
305.0
257.0
269.0
328.0
289.0
287.0
211.0
255.0
240.0
259.0
276.0
264.0
252.0
286.0
252.0
252.0
300.0
321.0
260.0
237.0
328.0
217.0
221.0
268.0
313.0
250.0
221.0
241.0
275.0
259.0
283.0
251.0
324.0
227.0
342.0
246.0
269.0
267.0
293.0
292.0
258.0
234.0
254.0
251.0
290.0
243.0
261.0
296.0
288.0
275.0
272.0
278.0
255.0
290.0
242.0
249.0
247.0
327.0
242.0
277.0
249.0
268.0
241.0
268.0
233.0
251.0
242.0
216.0
238.0
295.0
302.0
225.0
271.0
256.0
262.0
244.0
264.0
230.0
250.0
267.0
311.0
257.0
270.0
268.0
235.0
243.0
233.0
207.0
288.0
264.0
255.0
234.0
277.0
268.0
256.0
259.0
269.0
276.0
255.0
242.0
298.0
287.0
253.0
233.0
254.0
237.0
266.0
