259.0
267.0
265.0
231.0
234.0
232.0
289.0
232.0
240.0
255.0
248.0
274.0
268.0
246.0
226.0
254.0
311.0
281.0
259.0
219.0
250.0
262.0
263.0
277.0
256.0
282.0
230.0
271.0
283.0
248.0
239.0
254.0
293.0
219.0
280.0
258.0
294.0
283.0
230.0
274.0
292.0
269.0
299.0
261.0
284.0
281.0
332.0
228.0
265.0
228.0
272.0
279.0
314.0
264.0
211.0
253.0
261.0
267.0
298.0
250.0
233.0
263.0
292.0
271.0
265.0
257.0
219.0
268.0
250.0
244.0
207.0
265.0
274.0
221.0
259.0
340.0
250.0
264.0
238.0
246.0
255.0
270.0
307.0
238.0
230.0
291.0
290.0
295.0
248.0
252.0
254.0
221.0
271.0
291.0
245.0
244.0
291.0
258.0
278.0
234.0
276.0
241.0
251.0
213.0
223.0
276.0
249.0
281.0
233.0
225.0
257.0
235.0
237.0
308.0
243.0
299.0
258.0
277.0
255.0
270.0
247.0
242.0
273.0
232.0
315.0
259.0
314.0
246.0
241.0
313.0
291.0
267.0
251.0
305.0
276.0
284.0
242.0
261.0
237.0
276.0
239.0
247.0
284.0
248.0
259.0
306.0
251.0
284.0
304.0
237.0
380.0
280.0
249.0
216.0
257.0
259.0
245.0
280.0
267.0
252.0
242.0
221.0
247.0
251.0
266.0
264.0
251.0
314.0
222.0
213.0
301.0
256.0
244.0
272.0
227.0
234.0
246.0
234.0
255.0
258.0
234.0
227.0
245.0
240.0
289.0
225.0
341.0
286.0
220.0
271.0
228.0
256.0
256.0
289.0
307.0
256.0
237.0
235.0
254.0
264.0
