159.0
160.0
217.0
167.0
153.0
209.0
161.0
173.0
217.0
170.0
137.0
159.0
236.0
155.0
189.0
161.0
168.0
173.0
160.0
164.0
204.0
141.0
141.0
196.0
164.0
176.0
186.0
155.0
145.0
155.0
146.0
147.0
169.0
157.0
169.0
158.0
195.0
184.0
176.0
150.0
149.0
175.0
185.0
172.0
152.0
215.0
161.0
201.0
165.0
166.0
167.0
156.0
141.0
139.0
203.0
182.0
155.0
172.0
165.0
195.0
163.0
177.0
165.0
205.0
125.0
176.0
196.0
162.0
178.0
197.0
194.0
163.0
173.0
170.0
154.0
180.0
150.0
180.0
308.0
160.0
150.0
148.0
158.0
172.0
182.0
152.0
157.0
170.0
187.0
198.0
170.0
309.0
145.0
163.0
165.0
200.0
182.0
216.0
227.0
217.0
159.0
178.0
170.0
170.0
139.0
159.0
200.0
164.0
162.0
193.0
191.0
141.0
154.0
152.0
146.0
172.0
143.0
191.0
182.0
203.0
176.0
173.0
176.0
174.0
159.0
150.0
191.0
175.0
167.0
175.0
262.0
131.0
155.0
233.0
172.0
173.0
166.0
176.0
137.0
178.0
183.0
150.0
158.0
136.0
207.0
143.0
178.0
163.0
166.0
292.0
182.0
192.0
223.0
159.0
197.0
156.0
180.0
163.0
182.0
172.0
152.0
189.0
151.0
166.0
174.0
288.0
172.0
238.0
199.0
177.0
152.0
170.0
160.0
239.0
203.0
173.0
147.0
149.0
144.0
139.0
193.0
161.0
276.0
244.0
145.0
266.0
162.0
172.0
162.0
148.0
163.0
220.0
206.0
174.0
167.0
166.0
178.0
161.0
263.0
151.0
