250.0
287.0
246.0
304.0
264.0
257.0
271.0
251.0
267.0
256.0
285.0
268.0
238.0
244.0
294.0
268.0
275.0
265.0
249.0
300.0
271.0
254.0
262.0
240.0
270.0
235.0
233.0
245.0
263.0
235.0
224.0
260.0
209.0
277.0
237.0
224.0
258.0
230.0
246.0
244.0
241.0
246.0
259.0
301.0
260.0
247.0
268.0
278.0
298.0
272.0
268.0
260.0
282.0
254.0
270.0
294.0
235.0
246.0
305.0
275.0
280.0
262.0
275.0
231.0
245.0
290.0
264.0
281.0
295.0
262.0
250.0
307.0
255.0
294.0
217.0
270.0
267.0
248.0
231.0
254.0
247.0
265.0
245.0
271.0
272.0
242.0
209.0
222.0
250.0
293.0
273.0
243.0
263.0
260.0
271.0
279.0
303.0
241.0
251.0
242.0
262.0
316.0
221.0
257.0
248.0
353.0
262.0
288.0
251.0
234.0
273.0
272.0
251.0
227.0
270.0
248.0
353.0
227.0
265.0
288.0
277.0
306.0
294.0
257.0
242.0
280.0
242.0
353.0
302.0
279.0
229.0
285.0
290.0
239.0
244.0
272.0
279.0
292.0
294.0
296.0
327.0
246.0
283.0
262.0
316.0
268.0
266.0
288.0
294.0
273.0
235.0
257.0
241.0
243.0
265.0
278.0
244.0
238.0
267.0
309.0
265.0
232.0
265.0
245.0
279.0
230.0
219.0
214.0
247.0
297.0
261.0
291.0
275.0
235.0
230.0
247.0
286.0
291.0
245.0
239.0
261.0
260.0
308.0
232.0
249.0
243.0
222.0
248.0
250.0
273.0
261.0
279.0
291.0
258.0
232.0
288.0
275.0
255.0
277.0
270.0
