260.0
242.0
257.0
260.0
249.0
245.0
235.0
232.0
234.0
230.0
248.0
226.0
254.0
255.0
260.0
267.0
214.0
286.0
267.0
257.0
250.0
289.0
248.0
255.0
255.0
287.0
243.0
304.0
237.0
245.0
246.0
242.0
248.0
248.0
254.0
241.0
279.0
273.0
297.0
256.0
290.0
293.0
227.0
257.0
322.0
271.0
283.0
264.0
248.0
280.0
254.0
213.0
329.0
296.0
303.0
239.0
268.0
295.0
240.0
239.0
267.0
263.0
219.0
261.0
253.0
262.0
241.0
247.0
257.0
281.0
266.0
281.0
243.0
254.0
250.0
286.0
231.0
260.0
280.0
229.0
261.0
248.0
316.0
278.0
248.0
268.0
280.0
275.0
246.0
301.0
234.0
255.0
290.0
248.0
264.0
276.0
310.0
248.0
259.0
244.0
240.0
244.0
249.0
289.0
267.0
251.0
260.0
287.0
243.0
320.0
252.0
270.0
241.0
283.0
261.0
232.0
268.0
237.0
269.0
226.0
268.0
229.0
281.0
222.0
247.0
267.0
241.0
249.0
272.0
312.0
279.0
296.0
265.0
240.0
292.0
255.0
250.0
242.0
227.0
214.0
236.0
311.0
270.0
299.0
301.0
257.0
261.0
252.0
259.0
217.0
262.0
246.0
292.0
229.0
229.0
242.0
299.0
245.0
263.0
238.0
264.0
254.0
246.0
264.0
318.0
332.0
256.0
247.0
251.0
230.0
241.0
231.0
234.0
248.0
235.0
243.0
267.0
236.0
247.0
235.0
230.0
263.0
269.0
228.0
295.0
337.0
261.0
303.0
269.0
336.0
276.0
292.0
267.0
284.0
257.0
266.0
243.0
257.0
279.0
322.0
