142.0
173.0
162.0
154.0
168.0
135.0
142.0
147.0
156.0
154.0
127.0
142.0
148.0
162.0
174.0
165.0
154.0
131.0
156.0
126.0
128.0
145.0
127.0
146.0
144.0
149.0
133.0
160.0
141.0
151.0
135.0
141.0
134.0
161.0
164.0
169.0
167.0
128.0
144.0
134.0
147.0
129.0
150.0
131.0
143.0
163.0
158.0
157.0
141.0
142.0
154.0
139.0
148.0
141.0
148.0
144.0
140.0
145.0
142.0
129.0
140.0
144.0
144.0
162.0
173.0
158.0
134.0
139.0
160.0
137.0
150.0
161.0
137.0
144.0
142.0
138.0
156.0
167.0
134.0
157.0
125.0
146.0
137.0
133.0
141.0
143.0
138.0
174.0
132.0
145.0
140.0
137.0
151.0
145.0
131.0
143.0
132.0
127.0
132.0
195.0
130.0
161.0
145.0
151.0
140.0
150.0
145.0
137.0
155.0
138.0
131.0
126.0
135.0
159.0
129.0
136.0
146.0
140.0
156.0
145.0
141.0
148.0
153.0
135.0
164.0
130.0
152.0
133.0
135.0
133.0
143.0
141.0
154.0
158.0
136.0
161.0
148.0
151.0
155.0
134.0
137.0
146.0
141.0
165.0
139.0
170.0
165.0
140.0
137.0
146.0
148.0
150.0
133.0
145.0
133.0
172.0
135.0
148.0
138.0
158.0
128.0
172.0
138.0
143.0
149.0
122.0
132.0
136.0
146.0
140.0
131.0
129.0
157.0
151.0
141.0
133.0
130.0
152.0
149.0
142.0
144.0
148.0
132.0
164.0
147.0
148.0
163.0
149.0
116.0
143.0
173.0
143.0
140.0
152.0
130.0
151.0
147.0
157.0
150.0
120.0
