143.0
201.0
159.0
212.0
149.0
168.0
144.0
153.0
168.0
143.0
153.0
128.0
143.0
144.0
179.0
139.0
163.0
157.0
186.0
152.0
135.0
126.0
208.0
156.0
143.0
148.0
153.0
143.0
140.0
155.0
153.0
156.0
167.0
154.0
142.0
152.0
165.0
179.0
164.0
133.0
152.0
151.0
147.0
194.0
158.0
162.0
141.0
162.0
136.0
152.0
153.0
155.0
156.0
144.0
163.0
165.0
162.0
129.0
198.0
171.0
135.0
177.0
146.0
142.0
141.0
135.0
146.0
146.0
234.0
153.0
132.0
148.0
135.0
168.0
127.0
211.0
154.0
144.0
123.0
168.0
168.0
137.0
141.0
155.0
157.0
151.0
155.0
151.0
201.0
165.0
154.0
164.0
165.0
140.0
155.0
146.0
161.0
159.0
140.0
191.0
162.0
151.0
146.0
180.0
245.0
217.0
139.0
142.0
145.0
174.0
157.0
150.0
138.0
132.0
148.0
155.0
153.0
144.0
133.0
153.0
157.0
172.0
145.0
140.0
140.0
165.0
195.0
192.0
148.0
134.0
174.0
132.0
157.0
151.0
156.0
176.0
137.0
143.0
139.0
145.0
144.0
157.0
144.0
175.0
156.0
160.0
153.0
148.0
153.0
140.0
151.0
151.0
145.0
183.0
170.0
141.0
184.0
162.0
141.0
153.0
137.0
135.0
134.0
163.0
154.0
145.0
139.0
179.0
165.0
156.0
132.0
159.0
148.0
148.0
141.0
141.0
198.0
164.0
133.0
190.0
166.0
145.0
151.0
225.0
157.0
146.0
163.0
137.0
145.0
130.0
152.0
143.0
126.0
149.0
137.0
155.0
161.0
180.0
184.0
173.0
