236.0
198.0
194.0
192.0
194.0
185.0
194.0
168.0
208.0
174.0
176.0
154.0
165.0
223.0
183.0
169.0
154.0
151.0
193.0
181.0
190.0
190.0
218.0
173.0
147.0
163.0
149.0
135.0
132.0
167.0
188.0
180.0
155.0
151.0
149.0
205.0
190.0
150.0
172.0
151.0
162.0
231.0
193.0
151.0
149.0
154.0
171.0
177.0
162.0
228.0
184.0
169.0
156.0
162.0
155.0
162.0
159.0
178.0
177.0
209.0
178.0
148.0
183.0
179.0
193.0
209.0
169.0
155.0
165.0
170.0
217.0
190.0
154.0
175.0
151.0
133.0
166.0
175.0
173.0
164.0
161.0
163.0
152.0
153.0
238.0
153.0
175.0
147.0
212.0
162.0
194.0
157.0
171.0
165.0
189.0
221.0
189.0
138.0
184.0
196.0
200.0
138.0
159.0
208.0
198.0
146.0
145.0
155.0
158.0
169.0
208.0
206.0
188.0
173.0
188.0
225.0
219.0
174.0
159.0
182.0
190.0
155.0
197.0
190.0
160.0
149.0
168.0
140.0
197.0
172.0
160.0
215.0
151.0
174.0
179.0
248.0
144.0
156.0
152.0
189.0
189.0
143.0
155.0
296.0
168.0
158.0
166.0
310.0
223.0
231.0
179.0
261.0
195.0
208.0
158.0
161.0
241.0
169.0
137.0
155.0
175.0
171.0
145.0
190.0
208.0
145.0
156.0
150.0
164.0
193.0
160.0
222.0
184.0
160.0
161.0
156.0
252.0
172.0
142.0
160.0
218.0
160.0
194.0
156.0
132.0
152.0
195.0
175.0
163.0
182.0
326.0
273.0
153.0
180.0
169.0
265.0
190.0
187.0
205.0
173.0
