247.0
255.0
255.0
262.0
251.0
269.0
243.0
231.0
275.0
312.0
304.0
266.0
292.0
241.0
285.0
350.0
249.0
264.0
280.0
279.0
290.0
286.0
247.0
215.0
260.0
285.0
270.0
265.0
296.0
249.0
248.0
256.0
301.0
298.0
284.0
262.0
268.0
226.0
245.0
296.0
255.0
267.0
238.0
277.0
258.0
285.0
225.0
249.0
263.0
290.0
250.0
270.0
269.0
298.0
240.0
289.0
273.0
294.0
264.0
218.0
241.0
258.0
269.0
297.0
312.0
277.0
260.0
233.0
281.0
248.0
263.0
302.0
283.0
213.0
264.0
285.0
245.0
270.0
227.0
296.0
264.0
249.0
280.0
263.0
238.0
297.0
267.0
241.0
254.0
234.0
331.0
278.0
300.0
281.0
233.0
272.0
260.0
300.0
255.0
275.0
268.0
313.0
277.0
308.0
302.0
253.0
257.0
231.0
350.0
263.0
237.0
290.0
279.0
281.0
222.0
219.0
291.0
259.0
244.0
238.0
283.0
265.0
256.0
297.0
237.0
255.0
263.0
245.0
293.0
362.0
305.0
271.0
286.0
262.0
269.0
337.0
244.0
242.0
293.0
257.0
266.0
350.0
271.0
320.0
311.0
237.0
296.0
341.0
272.0
239.0
305.0
278.0
233.0
287.0
259.0
244.0
269.0
290.0
310.0
274.0
291.0
316.0
258.0
272.0
255.0
291.0
250.0
321.0
234.0
241.0
259.0
226.0
219.0
301.0
299.0
248.0
263.0
246.0
230.0
277.0
251.0
288.0
348.0
265.0
262.0
306.0
322.0
246.0
264.0
275.0
293.0
251.0
263.0
250.0
283.0
335.0
256.0
238.0
288.0
260.0
