143.0
150.0
171.0
157.0
149.0
164.0
138.0
295.0
146.0
142.0
153.0
151.0
131.0
191.0
155.0
148.0
183.0
168.0
147.0
149.0
151.0
131.0
130.0
167.0
179.0
164.0
175.0
132.0
147.0
140.0
147.0
148.0
140.0
155.0
131.0
338.0
161.0
151.0
173.0
151.0
143.0
169.0
152.0
157.0
156.0
133.0
143.0
159.0
146.0
149.0
147.0
150.0
160.0
147.0
160.0
150.0
148.0
172.0
186.0
147.0
140.0
149.0
145.0
145.0
174.0
152.0
170.0
136.0
147.0
126.0
188.0
159.0
145.0
160.0
140.0
169.0
160.0
191.0
162.0
161.0
148.0
167.0
170.0
161.0
138.0
212.0
155.0
140.0
157.0
157.0
232.0
131.0
151.0
143.0
155.0
140.0
199.0
175.0
149.0
142.0
140.0
140.0
151.0
146.0
147.0
161.0
159.0
155.0
150.0
130.0
143.0
136.0
163.0
151.0
176.0
141.0
159.0
138.0
167.0
166.0
161.0
131.0
168.0
143.0
148.0
134.0
143.0
179.0
135.0
153.0
143.0
129.0
191.0
141.0
176.0
147.0
155.0
152.0
158.0
150.0
145.0
139.0
163.0
153.0
150.0
154.0
163.0
148.0
124.0
134.0
148.0
148.0
140.0
171.0
241.0
131.0
162.0
159.0
175.0
153.0
198.0
139.0
164.0
155.0
172.0
164.0
150.0
133.0
151.0
149.0
150.0
172.0
174.0
186.0
156.0
165.0
139.0
179.0
135.0
141.0
158.0
166.0
158.0
141.0
143.0
140.0
169.0
155.0
179.0
154.0
192.0
239.0
178.0
269.0
165.0
154.0
149.0
158.0
160.0
153.0
