132.0
155.0
143.0
153.0
148.0
136.0
143.0
140.0
144.0
193.0
134.0
161.0
150.0
166.0
127.0
146.0
143.0
129.0
175.0
132.0
141.0
138.0
144.0
145.0
128.0
273.0
158.0
136.0
157.0
146.0
152.0
133.0
142.0
137.0
149.0
162.0
172.0
148.0
134.0
144.0
148.0
141.0
184.0
138.0
129.0
170.0
143.0
132.0
130.0
157.0
141.0
139.0
144.0
148.0
132.0
148.0
171.0
230.0
150.0
118.0
165.0
165.0
147.0
137.0
189.0
125.0
149.0
129.0
139.0
128.0
148.0
137.0
146.0
160.0
135.0
137.0
129.0
140.0
173.0
157.0
144.0
125.0
162.0
150.0
144.0
175.0
175.0
141.0
165.0
161.0
131.0
143.0
207.0
165.0
147.0
146.0
131.0
136.0
141.0
152.0
144.0
147.0
156.0
142.0
145.0
150.0
139.0
156.0
144.0
124.0
161.0
150.0
166.0
247.0
123.0
145.0
140.0
144.0
148.0
164.0
154.0
134.0
120.0
152.0
126.0
141.0
138.0
143.0
131.0
144.0
228.0
133.0
146.0
132.0
147.0
153.0
136.0
143.0
140.0
149.0
149.0
156.0
150.0
173.0
155.0
168.0
158.0
149.0
155.0
157.0
146.0
152.0
120.0
140.0
130.0
133.0
140.0
151.0
138.0
144.0
143.0
133.0
143.0
139.0
160.0
122.0
143.0
149.0
151.0
140.0
151.0
149.0
146.0
133.0
165.0
163.0
145.0
135.0
127.0
145.0
143.0
157.0
182.0
123.0
161.0
134.0
137.0
134.0
150.0
146.0
139.0
140.0
133.0
125.0
160.0
137.0
145.0
175.0
153.0
155.0
