162.0
146.0
202.0
166.0
191.0
133.0
139.0
148.0
163.0
144.0
143.0
130.0
164.0
154.0
153.0
137.0
150.0
180.0
163.0
164.0
152.0
166.0
148.0
141.0
135.0
184.0
144.0
145.0
140.0
144.0
142.0
154.0
148.0
163.0
171.0
150.0
144.0
139.0
152.0
135.0
142.0
174.0
144.0
159.0
143.0
175.0
152.0
196.0
143.0
145.0
162.0
146.0
146.0
154.0
159.0
128.0
149.0
168.0
147.0
167.0
178.0
138.0
152.0
188.0
177.0
183.0
154.0
159.0
145.0
164.0
142.0
152.0
140.0
161.0
142.0
146.0
184.0
141.0
177.0
262.0
140.0
133.0
146.0
157.0
164.0
157.0
156.0
159.0
171.0
166.0
149.0
131.0
152.0
175.0
154.0
144.0
134.0
156.0
180.0
149.0
168.0
224.0
130.0
130.0
159.0
231.0
177.0
158.0
161.0
160.0
138.0
174.0
152.0
141.0
142.0
137.0
203.0
162.0
181.0
138.0
144.0
133.0
170.0
155.0
164.0
169.0
142.0
138.0
132.0
142.0
156.0
143.0
163.0
133.0
134.0
157.0
149.0
162.0
131.0
179.0
138.0
148.0
149.0
164.0
172.0
146.0
150.0
156.0
151.0
148.0
166.0
143.0
141.0
155.0
145.0
157.0
161.0
190.0
148.0
158.0
140.0
127.0
156.0
165.0
149.0
213.0
131.0
143.0
140.0
165.0
158.0
167.0
293.0
157.0
165.0
142.0
147.0
140.0
137.0
163.0
144.0
139.0
140.0
162.0
167.0
154.0
135.0
152.0
184.0
133.0
147.0
149.0
169.0
134.0
141.0
144.0
191.0
143.0
144.0
161.0
