527.0
723.0
734.0
746.0
730.0
799.0
866.0
867.0
839.0
746.0
897.0
828.0
821.0
798.0
785.0
787.0
835.0
816.0
769.0
799.0
807.0
707.0
814.0
784.0
907.0
896.0
846.0
822.0
1013.0
844.0
887.0
774.0
680.0
709.0
751.0
763.0
767.0
866.0
802.0
854.0
838.0
799.0
815.0
839.0
716.0
794.0
917.0
717.0
753.0
794.0
789.0
766.0
1135.0
787.0
847.0
769.0
736.0
870.0
782.0
869.0
927.0
872.0
732.0
815.0
841.0
817.0
810.0
888.0
1015.0
786.0
866.0
806.0
828.0
828.0
902.0
661.0
801.0
743.0
864.0
804.0
815.0
914.0
810.0
836.0
736.0
1065.0
796.0
750.0
953.0
795.0
820.0
783.0
687.0
784.0
741.0
701.0
773.0
820.0
763.0
802.0
738.0
792.0
824.0
814.0
839.0
788.0
812.0
782.0
847.0
829.0
814.0
742.0
838.0
712.0
725.0
811.0
831.0
625.0
722.0
744.0
757.0
709.0
726.0
857.0
856.0
942.0
876.0
888.0
790.0
694.0
886.0
747.0
939.0
688.0
767.0
808.0
948.0
850.0
824.0
728.0
801.0
781.0
856.0
821.0
684.0
737.0
765.0
776.0
707.0
904.0
799.0
883.0
804.0
914.0
725.0
787.0
737.0
730.0
727.0
783.0
856.0
906.0
798.0
771.0
767.0
749.0
760.0
731.0
730.0
676.0
910.0
774.0
723.0
701.0
762.0
852.0
842.0
772.0
808.0
780.0
788.0
730.0
688.0
823.0
777.0
892.0
836.0
727.0
706.0
892.0
872.0
901.0
806.0
838.0
742.0
927.0
732.0
834.0
1026.0
905.0
