275.0
257.0
278.0
246.0
241.0
229.0
215.0
253.0
246.0
267.0
281.0
235.0
277.0
308.0
232.0
245.0
199.0
243.0
240.0
266.0
256.0
281.0
214.0
282.0
238.0
249.0
216.0
247.0
279.0
272.0
258.0
252.0
275.0
228.0
246.0
282.0
286.0
257.0
268.0
299.0
258.0
271.0
260.0
234.0
270.0
253.0
246.0
242.0
249.0
261.0
259.0
282.0
277.0
253.0
272.0
241.0
317.0
255.0
242.0
281.0
247.0
267.0
230.0
258.0
265.0
246.0
228.0
250.0
245.0
250.0
247.0
263.0
264.0
250.0
266.0
221.0
277.0
263.0
221.0
243.0
219.0
265.0
258.0
244.0
256.0
217.0
259.0
252.0
232.0
258.0
284.0
240.0
253.0
252.0
299.0
289.0
259.0
280.0
296.0
195.0
251.0
228.0
270.0
278.0
242.0
289.0
254.0
245.0
258.0
239.0
277.0
238.0
241.0
259.0
251.0
269.0
254.0
267.0
281.0
303.0
289.0
245.0
292.0
252.0
223.0
276.0
224.0
243.0
317.0
307.0
269.0
244.0
257.0
273.0
265.0
227.0
244.0
316.0
257.0
271.0
214.0
289.0
226.0
270.0
279.0
281.0
259.0
258.0
312.0
296.0
254.0
284.0
265.0
269.0
259.0
306.0
238.0
228.0
242.0
274.0
265.0
242.0
216.0
224.0
245.0
243.0
264.0
297.0
238.0
240.0
233.0
244.0
246.0
240.0
264.0
239.0
252.0
241.0
286.0
240.0
274.0
252.0
287.0
263.0
290.0
246.0
236.0
268.0
244.0
228.0
256.0
256.0
263.0
262.0
273.0
271.0
297.0
241.0
270.0
257.0
