233.0
219.0
250.0
282.0
259.0
265.0
240.0
253.0
291.0
339.0
263.0
261.0
281.0
258.0
258.0
253.0
263.0
256.0
306.0
281.0
245.0
247.0
244.0
254.0
219.0
253.0
291.0
280.0
326.0
282.0
267.0
254.0
296.0
287.0
241.0
292.0
270.0
280.0
309.0
252.0
244.0
309.0
296.0
271.0
276.0
287.0
295.0
295.0
273.0
293.0
307.0
267.0
279.0
237.0
272.0
241.0
234.0
278.0
342.0
272.0
264.0
343.0
284.0
263.0
249.0
252.0
284.0
352.0
276.0
255.0
330.0
255.0
275.0
250.0
246.0
263.0
258.0
264.0
275.0
259.0
284.0
235.0
311.0
239.0
275.0
289.0
264.0
226.0
294.0
244.0
237.0
289.0
304.0
298.0
254.0
259.0
234.0
281.0
292.0
301.0
291.0
260.0
292.0
290.0
270.0
255.0
256.0
255.0
246.0
274.0
261.0
258.0
253.0
297.0
288.0
256.0
295.0
233.0
269.0
252.0
283.0
329.0
336.0
280.0
354.0
283.0
287.0
268.0
247.0
253.0
260.0
279.0
257.0
329.0
262.0
250.0
248.0
263.0
271.0
249.0
298.0
259.0
262.0
239.0
240.0
231.0
263.0
287.0
287.0
248.0
296.0
252.0
294.0
306.0
283.0
280.0
276.0
285.0
256.0
329.0
236.0
271.0
273.0
328.0
318.0
254.0
315.0
242.0
270.0
241.0
293.0
246.0
277.0
283.0
264.0
356.0
341.0
332.0
279.0
256.0
260.0
268.0
311.0
248.0
308.0
234.0
265.0
244.0
237.0
265.0
286.0
292.0
252.0
287.0
257.0
255.0
260.0
287.0
231.0
338.0
