310.0
284.0
250.0
344.0
274.0
321.0
250.0
273.0
263.0
272.0
256.0
269.0
299.0
295.0
248.0
242.0
236.0
259.0
273.0
241.0
252.0
254.0
278.0
297.0
295.0
232.0
250.0
311.0
334.0
325.0
325.0
284.0
313.0
292.0
299.0
240.0
242.0
254.0
245.0
239.0
268.0
294.0
273.0
241.0
277.0
251.0
300.0
257.0
278.0
298.0
306.0
292.0
279.0
262.0
288.0
279.0
271.0
296.0
320.0
252.0
274.0
245.0
336.0
254.0
251.0
289.0
267.0
274.0
252.0
237.0
337.0
271.0
288.0
253.0
295.0
296.0
258.0
268.0
248.0
327.0
278.0
283.0
251.0
262.0
379.0
260.0
257.0
342.0
282.0
257.0
312.0
440.0
319.0
230.0
336.0
227.0
290.0
208.0
292.0
289.0
346.0
262.0
271.0
266.0
267.0
322.0
300.0
252.0
267.0
284.0
290.0
278.0
307.0
294.0
303.0
259.0
320.0
253.0
243.0
262.0
262.0
296.0
241.0
320.0
262.0
264.0
270.0
249.0
265.0
239.0
246.0
331.0
254.0
258.0
242.0
251.0
285.0
299.0
311.0
302.0
295.0
257.0
351.0
286.0
299.0
323.0
282.0
286.0
297.0
285.0
294.0
247.0
257.0
291.0
274.0
314.0
276.0
258.0
265.0
264.0
350.0
241.0
341.0
303.0
269.0
309.0
247.0
263.0
281.0
258.0
312.0
338.0
246.0
275.0
269.0
289.0
321.0
262.0
265.0
330.0
309.0
266.0
330.0
279.0
296.0
235.0
248.0
310.0
274.0
275.0
249.0
259.0
259.0
256.0
286.0
282.0
295.0
250.0
257.0
291.0
