609.0
815.0
900.0
728.0
850.0
745.0
702.0
840.0
762.0
789.0
827.0
844.0
823.0
716.0
803.0
911.0
915.0
904.0
828.0
847.0
766.0
758.0
882.0
828.0
837.0
820.0
767.0
813.0
797.0
816.0
851.0
865.0
849.0
724.0
758.0
812.0
846.0
761.0
725.0
710.0
756.0
779.0
766.0
761.0
735.0
786.0
742.0
785.0
829.0
791.0
748.0
874.0
779.0
926.0
776.0
831.0
763.0
821.0
824.0
872.0
890.0
893.0
768.0
767.0
683.0
854.0
1033.0
844.0
1001.0
816.0
815.0
1001.0
780.0
698.0
764.0
914.0
863.0
877.0
774.0
868.0
777.0
927.0
687.0
825.0
819.0
801.0
991.0
797.0
859.0
792.0
925.0
749.0
731.0
869.0
1024.0
771.0
711.0
831.0
885.0
755.0
883.0
759.0
759.0
805.0
831.0
821.0
805.0
805.0
839.0
806.0
748.0
782.0
730.0
808.0
839.0
791.0
813.0
791.0
1000.0
791.0
784.0
747.0
745.0
835.0
807.0
880.0
702.0
951.0
701.0
801.0
834.0
847.0
712.0
753.0
708.0
761.0
781.0
712.0
711.0
745.0
829.0
749.0
732.0
759.0
747.0
770.0
874.0
754.0
891.0
801.0
832.0
786.0
901.0
801.0
674.0
801.0
803.0
797.0
741.0
822.0
773.0
806.0
814.0
965.0
761.0
767.0
875.0
891.0
833.0
852.0
853.0
851.0
842.0
825.0
741.0
822.0
788.0
842.0
928.0
715.0
736.0
800.0
892.0
809.0
752.0
766.0
947.0
786.0
694.0
793.0
805.0
840.0
907.0
674.0
793.0
845.0
870.0
776.0
762.0
712.0
