246.0
281.0
229.0
244.0
265.0
273.0
275.0
308.0
264.0
266.0
266.0
263.0
308.0
235.0
310.0
309.0
224.0
251.0
252.0
229.0
311.0
283.0
244.0
255.0
233.0
222.0
228.0
279.0
307.0
263.0
232.0
278.0
258.0
243.0
279.0
221.0
275.0
241.0
287.0
272.0
292.0
258.0
256.0
312.0
257.0
291.0
250.0
288.0
239.0
263.0
297.0
283.0
242.0
252.0
237.0
234.0
279.0
225.0
258.0
286.0
245.0
260.0
271.0
267.0
253.0
219.0
233.0
283.0
259.0
265.0
251.0
264.0
357.0
285.0
232.0
229.0
257.0
270.0
265.0
260.0
264.0
295.0
318.0
270.0
289.0
269.0
292.0
262.0
314.0
287.0
306.0
262.0
287.0
262.0
232.0
253.0
259.0
290.0
228.0
252.0
353.0
294.0
267.0
246.0
255.0
209.0
232.0
282.0
232.0
277.0
249.0
289.0
278.0
267.0
251.0
267.0
227.0
261.0
249.0
297.0
284.0
332.0
315.0
249.0
297.0
281.0
327.0
299.0
291.0
281.0
232.0
374.0
261.0
327.0
236.0
256.0
284.0
250.0
277.0
264.0
251.0
271.0
246.0
267.0
240.0
263.0
233.0
307.0
274.0
287.0
225.0
285.0
244.0
238.0
307.0
253.0
274.0
277.0
268.0
265.0
241.0
248.0
256.0
299.0
273.0
243.0
243.0
229.0
287.0
268.0
341.0
246.0
261.0
251.0
235.0
232.0
304.0
232.0
335.0
240.0
257.0
261.0
236.0
283.0
277.0
267.0
347.0
257.0
275.0
295.0
311.0
249.0
275.0
295.0
358.0
333.0
265.0
286.0
327.0
238.0
