301.0
274.0
253.0
253.0
276.0
254.0
273.0
260.0
250.0
264.0
341.0
275.0
211.0
252.0
297.0
303.0
304.0
226.0
269.0
236.0
225.0
316.0
281.0
240.0
209.0
273.0
258.0
263.0
275.0
264.0
228.0
232.0
259.0
297.0
249.0
276.0
261.0
298.0
247.0
263.0
306.0
265.0
255.0
244.0
275.0
238.0
285.0
329.0
282.0
246.0
251.0
226.0
246.0
269.0
225.0
235.0
214.0
314.0
245.0
221.0
216.0
244.0
259.0
287.0
238.0
270.0
293.0
234.0
266.0
264.0
255.0
316.0
265.0
240.0
298.0
261.0
247.0
252.0
306.0
340.0
280.0
247.0
248.0
263.0
253.0
253.0
274.0
255.0
231.0
250.0
266.0
319.0
235.0
291.0
266.0
288.0
316.0
269.0
297.0
293.0
269.0
256.0
242.0
272.0
246.0
240.0
270.0
271.0
232.0
286.0
255.0
241.0
270.0
273.0
278.0
283.0
297.0
296.0
275.0
238.0
226.0
243.0
257.0
281.0
281.0
269.0
301.0
231.0
263.0
298.0
252.0
302.0
258.0
263.0
256.0
230.0
268.0
264.0
234.0
252.0
242.0
336.0
245.0
243.0
264.0
344.0
279.0
250.0
277.0
265.0
228.0
298.0
284.0
280.0
253.0
273.0
264.0
250.0
288.0
248.0
251.0
275.0
233.0
278.0
399.0
294.0
259.0
240.0
263.0
284.0
278.0
250.0
248.0
253.0
282.0
248.0
264.0
275.0
251.0
222.0
255.0
227.0
260.0
253.0
280.0
265.0
261.0
239.0
313.0
240.0
238.0
260.0
241.0
251.0
253.0
242.0
225.0
239.0
246.0
246.0
