246.0
254.0
255.0
248.0
244.0
297.0
277.0
301.0
258.0
299.0
247.0
322.0
288.0
252.0
247.0
230.0
268.0
252.0
227.0
279.0
301.0
255.0
237.0
257.0
290.0
251.0
237.0
261.0
289.0
281.0
218.0
232.0
354.0
291.0
250.0
245.0
266.0
269.0
285.0
258.0
240.0
303.0
281.0
324.0
287.0
257.0
256.0
244.0
226.0
269.0
290.0
318.0
253.0
267.0
272.0
268.0
301.0
303.0
280.0
308.0
255.0
306.0
274.0
271.0
255.0
275.0
251.0
256.0
302.0
279.0
250.0
250.0
269.0
241.0
329.0
296.0
359.0
284.0
283.0
272.0
289.0
287.0
340.0
259.0
280.0
256.0
265.0
258.0
230.0
230.0
292.0
228.0
288.0
255.0
300.0
293.0
295.0
335.0
295.0
241.0
381.0
263.0
280.0
253.0
243.0
255.0
228.0
294.0
233.0
325.0
235.0
278.0
263.0
241.0
230.0
347.0
240.0
244.0
228.0
233.0
261.0
314.0
237.0
258.0
226.0
300.0
260.0
335.0
270.0
286.0
230.0
268.0
236.0
248.0
258.0
224.0
278.0
260.0
276.0
260.0
267.0
287.0
264.0
267.0
240.0
233.0
254.0
241.0
257.0
323.0
340.0
260.0
271.0
229.0
272.0
252.0
289.0
269.0
284.0
267.0
254.0
262.0
278.0
221.0
244.0
222.0
267.0
247.0
294.0
260.0
283.0
302.0
229.0
265.0
287.0
259.0
285.0
266.0
252.0
286.0
244.0
258.0
249.0
320.0
249.0
283.0
238.0
262.0
261.0
279.0
274.0
261.0
247.0
268.0
257.0
250.0
273.0
260.0
274.0
251.0
