268.0
240.0
249.0
278.0
248.0
233.0
210.0
228.0
292.0
227.0
215.0
260.0
276.0
263.0
275.0
270.0
225.0
264.0
225.0
299.0
252.0
275.0
252.0
237.0
259.0
246.0
276.0
238.0
253.0
221.0
228.0
300.0
238.0
243.0
278.0
239.0
260.0
314.0
255.0
228.0
233.0
234.0
324.0
312.0
279.0
257.0
249.0
256.0
253.0
255.0
271.0
255.0
237.0
283.0
274.0
225.0
250.0
269.0
253.0
240.0
232.0
267.0
250.0
249.0
278.0
345.0
244.0
320.0
379.0
236.0
251.0
301.0
270.0
273.0
276.0
258.0
237.0
305.0
276.0
267.0
290.0
273.0
209.0
254.0
279.0
253.0
274.0
267.0
247.0
266.0
248.0
261.0
260.0
253.0
239.0
255.0
239.0
270.0
300.0
240.0
259.0
267.0
247.0
241.0
239.0
269.0
238.0
242.0
248.0
234.0
275.0
249.0
226.0
232.0
230.0
241.0
279.0
292.0
252.0
256.0
279.0
267.0
235.0
275.0
246.0
259.0
269.0
268.0
318.0
258.0
230.0
250.0
269.0
305.0
251.0
251.0
220.0
260.0
257.0
258.0
240.0
213.0
250.0
235.0
249.0
218.0
282.0
255.0
241.0
278.0
237.0
242.0
289.0
254.0
234.0
328.0
224.0
244.0
251.0
277.0
236.0
234.0
223.0
277.0
255.0
231.0
278.0
275.0
344.0
237.0
224.0
267.0
232.0
266.0
308.0
259.0
241.0
257.0
234.0
269.0
257.0
232.0
251.0
251.0
232.0
267.0
284.0
213.0
300.0
219.0
262.0
261.0
281.0
264.0
256.0
232.0
306.0
258.0
258.0
251.0
