248.0
230.0
258.0
290.0
269.0
251.0
262.0
286.0
310.0
293.0
279.0
226.0
218.0
254.0
220.0
258.0
263.0
219.0
284.0
249.0
245.0
236.0
282.0
302.0
252.0
235.0
254.0
285.0
225.0
264.0
260.0
291.0
251.0
249.0
263.0
243.0
260.0
260.0
236.0
265.0
223.0
262.0
245.0
255.0
250.0
306.0
235.0
254.0
282.0
230.0
242.0
267.0
269.0
285.0
253.0
249.0
266.0
273.0
295.0
235.0
219.0
253.0
240.0
272.0
233.0
248.0
242.0
224.0
250.0
248.0
246.0
253.0
252.0
255.0
231.0
221.0
349.0
226.0
288.0
264.0
247.0
266.0
255.0
240.0
231.0
220.0
238.0
228.0
238.0
258.0
245.0
259.0
235.0
286.0
288.0
225.0
267.0
249.0
240.0
249.0
239.0
279.0
239.0
288.0
263.0
283.0
235.0
240.0
257.0
249.0
241.0
271.0
248.0
242.0
251.0
263.0
265.0
261.0
246.0
257.0
236.0
241.0
280.0
224.0
307.0
253.0
264.0
208.0
231.0
259.0
245.0
263.0
281.0
268.0
246.0
287.0
235.0
269.0
265.0
252.0
262.0
248.0
231.0
273.0
290.0
257.0
363.0
265.0
200.0
342.0
245.0
265.0
265.0
296.0
262.0
263.0
293.0
259.0
257.0
239.0
252.0
340.0
263.0
233.0
264.0
235.0
226.0
244.0
234.0
261.0
261.0
240.0
271.0
268.0
260.0
244.0
284.0
214.0
224.0
262.0
229.0
223.0
294.0
253.0
268.0
266.0
251.0
253.0
274.0
286.0
224.0
251.0
221.0
231.0
296.0
270.0
274.0
285.0
314.0
248.0
