271.0
278.0
275.0
243.0
285.0
290.0
236.0
230.0
269.0
249.0
350.0
247.0
258.0
214.0
275.0
269.0
304.0
282.0
241.0
287.0
242.0
250.0
248.0
251.0
287.0
361.0
262.0
242.0
278.0
274.0
270.0
279.0
293.0
310.0
259.0
318.0
251.0
272.0
239.0
260.0
229.0
233.0
207.0
250.0
228.0
271.0
247.0
307.0
270.0
328.0
275.0
235.0
245.0
233.0
236.0
288.0
261.0
249.0
229.0
253.0
274.0
258.0
276.0
267.0
268.0
262.0
286.0
288.0
224.0
262.0
247.0
220.0
307.0
244.0
289.0
224.0
285.0
274.0
299.0
313.0
262.0
275.0
246.0
258.0
260.0
248.0
253.0
249.0
290.0
262.0
251.0
256.0
276.0
256.0
278.0
250.0
209.0
241.0
293.0
273.0
238.0
238.0
271.0
244.0
232.0
242.0
312.0
268.0
226.0
292.0
273.0
260.0
260.0
273.0
275.0
268.0
234.0
280.0
248.0
290.0
263.0
279.0
310.0
235.0
254.0
286.0
269.0
287.0
266.0
272.0
262.0
264.0
248.0
275.0
322.0
265.0
287.0
305.0
250.0
245.0
294.0
264.0
237.0
233.0
278.0
253.0
249.0
268.0
243.0
248.0
274.0
230.0
269.0
276.0
272.0
250.0
251.0
275.0
233.0
297.0
223.0
263.0
229.0
253.0
258.0
252.0
268.0
269.0
250.0
347.0
273.0
248.0
270.0
231.0
223.0
332.0
297.0
251.0
240.0
243.0
226.0
240.0
314.0
280.0
319.0
254.0
290.0
260.0
280.0
320.0
229.0
251.0
262.0
239.0
260.0
261.0
248.0
298.0
320.0
299.0
