165.0
190.0
252.0
201.0
207.0
211.0
154.0
197.0
282.0
219.0
166.0
146.0
211.0
182.0
255.0
170.0
200.0
168.0
157.0
161.0
184.0
141.0
240.0
173.0
236.0
174.0
216.0
209.0
155.0
167.0
156.0
220.0
156.0
180.0
154.0
169.0
211.0
177.0
157.0
184.0
187.0
165.0
166.0
146.0
139.0
191.0
247.0
217.0
151.0
181.0
168.0
153.0
173.0
191.0
166.0
182.0
246.0
168.0
242.0
197.0
182.0
163.0
151.0
145.0
185.0
201.0
187.0
228.0
173.0
200.0
176.0
155.0
224.0
177.0
157.0
185.0
200.0
174.0
153.0
180.0
160.0
162.0
178.0
186.0
199.0
176.0
178.0
160.0
155.0
185.0
165.0
231.0
193.0
199.0
171.0
194.0
160.0
193.0
140.0
173.0
150.0
135.0
173.0
209.0
156.0
149.0
167.0
149.0
160.0
211.0
184.0
170.0
203.0
202.0
191.0
179.0
192.0
173.0
167.0
148.0
182.0
201.0
182.0
161.0
177.0
169.0
186.0
184.0
195.0
187.0
176.0
138.0
156.0
178.0
145.0
165.0
161.0
281.0
161.0
161.0
170.0
161.0
201.0
186.0
226.0
210.0
230.0
178.0
179.0
213.0
170.0
175.0
235.0
159.0
182.0
144.0
184.0
173.0
172.0
164.0
181.0
253.0
148.0
184.0
170.0
167.0
191.0
276.0
154.0
205.0
166.0
171.0
196.0
195.0
135.0
217.0
181.0
173.0
182.0
138.0
157.0
193.0
188.0
159.0
214.0
170.0
167.0
168.0
160.0
154.0
179.0
229.0
227.0
139.0
143.0
172.0
163.0
170.0
208.0
255.0
