282.0
298.0
244.0
262.0
236.0
230.0
253.0
288.0
273.0
245.0
239.0
259.0
265.0
243.0
274.0
258.0
251.0
218.0
336.0
285.0
280.0
246.0
234.0
301.0
254.0
234.0
230.0
252.0
268.0
226.0
226.0
281.0
248.0
261.0
292.0
268.0
332.0
245.0
251.0
245.0
287.0
281.0
283.0
275.0
276.0
282.0
246.0
238.0
260.0
246.0
266.0
270.0
261.0
259.0
257.0
258.0
210.0
300.0
259.0
285.0
264.0
243.0
247.0
240.0
233.0
323.0
246.0
241.0
358.0
278.0
244.0
255.0
277.0
256.0
268.0
254.0
285.0
297.0
216.0
293.0
295.0
256.0
251.0
246.0
246.0
254.0
252.0
241.0
244.0
307.0
308.0
276.0
251.0
244.0
228.0
270.0
293.0
278.0
253.0
220.0
269.0
278.0
283.0
285.0
310.0
282.0
250.0
290.0
242.0
239.0
260.0
265.0
303.0
238.0
264.0
236.0
285.0
253.0
303.0
230.0
274.0
217.0
292.0
252.0
243.0
255.0
250.0
246.0
275.0
295.0
258.0
250.0
250.0
270.0
266.0
247.0
248.0
256.0
250.0
246.0
218.0
259.0
307.0
286.0
270.0
242.0
267.0
230.0
252.0
237.0
229.0
261.0
265.0
260.0
244.0
236.0
232.0
262.0
233.0
231.0
284.0
279.0
236.0
286.0
247.0
237.0
300.0
252.0
243.0
287.0
287.0
243.0
222.0
269.0
257.0
256.0
263.0
230.0
268.0
289.0
236.0
250.0
321.0
259.0
263.0
266.0
276.0
235.0
239.0
261.0
339.0
227.0
255.0
332.0
257.0
266.0
353.0
248.0
262.0
241.0
