262.0
255.0
251.0
252.0
254.0
263.0
268.0
276.0
242.0
310.0
251.0
271.0
276.0
227.0
279.0
285.0
242.0
238.0
258.0
271.0
262.0
234.0
256.0
265.0
280.0
304.0
257.0
223.0
262.0
230.0
306.0
207.0
293.0
258.0
263.0
263.0
266.0
262.0
258.0
224.0
222.0
254.0
221.0
255.0
228.0
268.0
270.0
253.0
299.0
230.0
261.0
253.0
263.0
241.0
249.0
211.0
336.0
232.0
215.0
257.0
277.0
256.0
259.0
237.0
245.0
299.0
233.0
236.0
244.0
263.0
253.0
245.0
276.0
260.0
306.0
274.0
296.0
261.0
241.0
236.0
208.0
231.0
243.0
228.0
257.0
234.0
246.0
244.0
264.0
253.0
291.0
256.0
225.0
219.0
260.0
212.0
266.0
274.0
244.0
224.0
281.0
276.0
252.0
238.0
255.0
230.0
274.0
228.0
244.0
267.0
335.0
248.0
258.0
235.0
256.0
304.0
251.0
261.0
250.0
225.0
297.0
240.0
258.0
255.0
230.0
254.0
244.0
291.0
327.0
254.0
269.0
245.0
293.0
306.0
231.0
250.0
235.0
231.0
235.0
267.0
230.0
335.0
271.0
250.0
259.0
284.0
235.0
259.0
254.0
276.0
242.0
249.0
303.0
295.0
343.0
295.0
284.0
302.0
274.0
267.0
278.0
256.0
242.0
223.0
308.0
281.0
262.0
255.0
271.0
228.0
248.0
254.0
239.0
253.0
239.0
322.0
249.0
281.0
260.0
313.0
271.0
277.0
226.0
283.0
209.0
254.0
256.0
284.0
242.0
251.0
273.0
266.0
279.0
246.0
270.0
276.0
304.0
250.0
258.0
362.0
