257.0
312.0
259.0
293.0
219.0
197.0
282.0
246.0
228.0
252.0
273.0
236.0
259.0
336.0
379.0
274.0
261.0
262.0
259.0
248.0
277.0
239.0
236.0
250.0
303.0
261.0
270.0
294.0
228.0
266.0
251.0
223.0
259.0
304.0
267.0
272.0
264.0
278.0
249.0
233.0
257.0
238.0
327.0
232.0
294.0
224.0
286.0
275.0
275.0
245.0
263.0
232.0
268.0
224.0
235.0
289.0
235.0
293.0
239.0
291.0
243.0
267.0
233.0
308.0
279.0
239.0
259.0
270.0
260.0
314.0
292.0
249.0
262.0
277.0
253.0
238.0
223.0
254.0
304.0
335.0
250.0
215.0
241.0
252.0
230.0
253.0
262.0
285.0
272.0
274.0
269.0
253.0
277.0
257.0
330.0
266.0
277.0
290.0
269.0
236.0
263.0
249.0
273.0
275.0
267.0
264.0
237.0
247.0
285.0
255.0
342.0
234.0
304.0
277.0
247.0
292.0
241.0
275.0
220.0
229.0
267.0
226.0
256.0
241.0
231.0
235.0
278.0
256.0
285.0
307.0
268.0
268.0
357.0
261.0
244.0
284.0
259.0
255.0
270.0
238.0
254.0
302.0
259.0
290.0
296.0
290.0
278.0
243.0
251.0
236.0
335.0
270.0
251.0
267.0
260.0
304.0
287.0
247.0
232.0
289.0
261.0
278.0
232.0
258.0
255.0
277.0
276.0
266.0
246.0
264.0
237.0
265.0
254.0
246.0
219.0
279.0
287.0
243.0
235.0
264.0
290.0
279.0
259.0
257.0
276.0
252.0
255.0
276.0
289.0
272.0
237.0
256.0
276.0
239.0
248.0
266.0
274.0
249.0
260.0
242.0
