273.0
228.0
257.0
237.0
239.0
303.0
260.0
279.0
249.0
258.0
273.0
281.0
269.0
259.0
251.0
241.0
234.0
286.0
258.0
231.0
288.0
290.0
273.0
247.0
314.0
273.0
271.0
328.0
282.0
254.0
221.0
280.0
349.0
308.0
264.0
249.0
309.0
250.0
266.0
263.0
257.0
268.0
245.0
231.0
285.0
255.0
337.0
274.0
250.0
281.0
304.0
286.0
284.0
269.0
286.0
312.0
274.0
250.0
291.0
283.0
272.0
224.0
274.0
220.0
270.0
277.0
255.0
283.0
272.0
270.0
284.0
240.0
242.0
255.0
286.0
253.0
294.0
258.0
257.0
231.0
237.0
311.0
237.0
313.0
276.0
247.0
262.0
280.0
267.0
262.0
257.0
253.0
317.0
233.0
304.0
281.0
240.0
227.0
250.0
268.0
241.0
240.0
297.0
249.0
251.0
255.0
253.0
244.0
266.0
256.0
288.0
245.0
281.0
280.0
257.0
284.0
263.0
239.0
236.0
237.0
283.0
263.0
310.0
230.0
248.0
261.0
253.0
281.0
255.0
256.0
342.0
246.0
248.0
238.0
267.0
263.0
271.0
226.0
266.0
338.0
340.0
293.0
225.0
292.0
299.0
258.0
283.0
236.0
275.0
333.0
268.0
247.0
277.0
306.0
248.0
310.0
300.0
247.0
248.0
303.0
291.0
286.0
221.0
250.0
265.0
283.0
290.0
257.0
245.0
247.0
266.0
277.0
253.0
271.0
279.0
312.0
265.0
237.0
293.0
281.0
241.0
237.0
224.0
224.0
243.0
259.0
269.0
245.0
295.0
273.0
266.0
250.0
273.0
244.0
262.0
303.0
304.0
305.0
268.0
255.0
