288.0
282.0
273.0
239.0
281.0
259.0
231.0
266.0
294.0
230.0
220.0
308.0
293.0
273.0
258.0
268.0
267.0
331.0
261.0
265.0
255.0
246.0
290.0
304.0
283.0
267.0
258.0
262.0
330.0
257.0
338.0
270.0
258.0
265.0
243.0
273.0
256.0
262.0
261.0
264.0
282.0
238.0
252.0
299.0
268.0
271.0
307.0
264.0
273.0
329.0
267.0
234.0
244.0
248.0
264.0
322.0
272.0
287.0
276.0
320.0
287.0
252.0
290.0
312.0
244.0
253.0
242.0
244.0
267.0
253.0
295.0
244.0
336.0
242.0
250.0
223.0
291.0
317.0
328.0
288.0
272.0
241.0
370.0
240.0
316.0
284.0
263.0
326.0
307.0
257.0
246.0
283.0
280.0
271.0
306.0
293.0
287.0
237.0
327.0
255.0
248.0
259.0
274.0
268.0
249.0
329.0
246.0
252.0
246.0
279.0
257.0
283.0
300.0
263.0
258.0
278.0
265.0
245.0
244.0
275.0
256.0
272.0
229.0
317.0
285.0
258.0
267.0
282.0
262.0
276.0
232.0
300.0
269.0
269.0
282.0
280.0
255.0
264.0
322.0
256.0
262.0
261.0
272.0
235.0
268.0
242.0
327.0
292.0
357.0
241.0
256.0
219.0
306.0
299.0
257.0
259.0
322.0
270.0
257.0
258.0
229.0
255.0
261.0
320.0
300.0
259.0
258.0
306.0
245.0
224.0
283.0
278.0
255.0
310.0
285.0
284.0
339.0
264.0
261.0
233.0
283.0
363.0
281.0
257.0
266.0
349.0
274.0
255.0
294.0
283.0
275.0
299.0
276.0
297.0
301.0
273.0
302.0
260.0
270.0
281.0
