285.0
235.0
287.0
310.0
232.0
232.0
288.0
225.0
341.0
335.0
246.0
224.0
276.0
271.0
236.0
259.0
254.0
245.0
230.0
252.0
290.0
242.0
215.0
325.0
246.0
261.0
236.0
254.0
280.0
253.0
237.0
292.0
297.0
253.0
234.0
267.0
246.0
262.0
238.0
259.0
284.0
259.0
282.0
261.0
249.0
269.0
225.0
255.0
271.0
303.0
315.0
338.0
342.0
277.0
249.0
311.0
283.0
252.0
230.0
300.0
237.0
276.0
248.0
258.0
243.0
260.0
260.0
231.0
283.0
261.0
255.0
267.0
237.0
263.0
271.0
281.0
301.0
234.0
247.0
257.0
322.0
284.0
229.0
226.0
254.0
210.0
252.0
285.0
246.0
244.0
296.0
248.0
275.0
237.0
254.0
251.0
247.0
256.0
255.0
264.0
256.0
238.0
248.0
301.0
279.0
284.0
252.0
261.0
281.0
230.0
272.0
237.0
251.0
265.0
349.0
325.0
236.0
249.0
309.0
232.0
245.0
295.0
311.0
299.0
240.0
254.0
258.0
250.0
231.0
247.0
249.0
247.0
275.0
273.0
301.0
290.0
271.0
244.0
258.0
263.0
302.0
267.0
271.0
245.0
243.0
256.0
274.0
256.0
247.0
270.0
230.0
282.0
233.0
238.0
214.0
250.0
261.0
251.0
254.0
268.0
221.0
227.0
247.0
280.0
263.0
223.0
318.0
296.0
278.0
246.0
232.0
220.0
251.0
286.0
294.0
224.0
251.0
296.0
256.0
274.0
209.0
252.0
235.0
237.0
224.0
241.0
241.0
252.0
239.0
266.0
252.0
244.0
224.0
245.0
242.0
252.0
284.0
239.0
224.0
279.0
