246.0
338.0
302.0
230.0
244.0
267.0
309.0
394.0
376.0
407.0
399.0
501.0
563.0
526.0
466.0
448.0
460.0
577.0
723.0
758.0
742.0
812.0
851.0
733.0
745.0
688.0
706.0
666.0
677.0
833.0
725.0
739.0
678.0
790.0
810.0
763.0
780.0
850.0
767.0
759.0
799.0
675.0
899.0
954.0
811.0
758.0
868.0
733.0
737.0
911.0
775.0
732.0
740.0
757.0
737.0
782.0
851.0
793.0
772.0
694.0
682.0
749.0
908.0
802.0
822.0
905.0
897.0
868.0
843.0
896.0
715.0
628.0
709.0
838.0
840.0
823.0
910.0
869.0
823.0
824.0
866.0
871.0
720.0
729.0
877.0
998.0
808.0
807.0
869.0
852.0
833.0
900.0
763.0
712.0
708.0
844.0
736.0
748.0
1099.0
713.0
779.0
825.0
980.0
741.0
784.0
710.0
685.0
740.0
940.0
713.0
839.0
841.0
772.0
758.0
816.0
753.0
716.0
706.0
796.0
704.0
769.0
864.0
784.0
916.0
784.0
881.0
800.0
838.0
787.0
818.0
836.0
742.0
805.0
831.0
908.0
911.0
796.0
802.0
735.0
679.0
838.0
729.0
842.0
768.0
835.0
971.0
759.0
831.0
707.0
947.0
817.0
717.0
705.0
821.0
834.0
854.0
917.0
725.0
722.0
729.0
737.0
866.0
1029.0
785.0
905.0
780.0
812.0
915.0
772.0
870.0
799.0
903.0
737.0
750.0
742.0
951.0
721.0
885.0
914.0
791.0
740.0
751.0
783.0
798.0
820.0
769.0
767.0
895.0
757.0
869.0
783.0
881.0
789.0
807.0
783.0
734.0
741.0
791.0
783.0
856.0
