172.0
169.0
157.0
146.0
163.0
139.0
156.0
175.0
203.0
143.0
166.0
226.0
154.0
159.0
170.0
160.0
168.0
143.0
288.0
150.0
176.0
226.0
172.0
160.0
174.0
173.0
154.0
237.0
161.0
206.0
199.0
195.0
163.0
159.0
145.0
145.0
156.0
163.0
163.0
250.0
155.0
188.0
166.0
185.0
164.0
189.0
232.0
153.0
148.0
151.0
202.0
201.0
215.0
174.0
195.0
154.0
136.0
151.0
182.0
211.0
171.0
148.0
241.0
160.0
151.0
180.0
185.0
157.0
142.0
146.0
158.0
147.0
158.0
154.0
181.0
146.0
170.0
140.0
160.0
141.0
215.0
156.0
151.0
143.0
207.0
186.0
191.0
186.0
170.0
220.0
152.0
164.0
159.0
179.0
152.0
160.0
196.0
176.0
235.0
200.0
180.0
160.0
176.0
190.0
146.0
160.0
144.0
180.0
188.0
185.0
177.0
137.0
175.0
197.0
173.0
162.0
187.0
190.0
171.0
182.0
155.0
198.0
191.0
219.0
136.0
221.0
141.0
162.0
181.0
215.0
182.0
163.0
199.0
187.0
133.0
151.0
129.0
168.0
241.0
165.0
147.0
184.0
195.0
155.0
177.0
199.0
253.0
144.0
151.0
161.0
192.0
151.0
166.0
187.0
169.0
166.0
195.0
171.0
164.0
200.0
204.0
144.0
169.0
177.0
207.0
136.0
230.0
157.0
167.0
149.0
186.0
151.0
175.0
167.0
198.0
174.0
168.0
169.0
190.0
164.0
153.0
203.0
232.0
173.0
191.0
146.0
171.0
188.0
154.0
151.0
179.0
163.0
151.0
149.0
153.0
147.0
136.0
188.0
178.0
230.0
