235.0
227.0
281.0
277.0
265.0
344.0
463.0
604.0
515.0
429.0
541.0
552.0
461.0
481.0
462.0
407.0
381.0
466.0
436.0
341.0
321.0
353.0
411.0
435.0
471.0
494.0
417.0
346.0
340.0
414.0
384.0
365.0
398.0
356.0
322.0
323.0
306.0
240.0
356.0
310.0
256.0
234.0
218.0
216.0
307.0
260.0
284.0
240.0
218.0
171.0
182.0
302.0
305.0
245.0
199.0
260.0
238.0
275.0
300.0
283.0
314.0
237.0
277.0
393.0
334.0
365.0
323.0
279.0
274.0
270.0
248.0
220.0
239.0
235.0
283.0
307.0
242.0
222.0
184.0
200.0
245.0
248.0
222.0
189.0
174.0
214.0
181.0
187.0
235.0
274.0
410.0
353.0
462.0
561.0
509.0
512.0
575.0
563.0
429.0
436.0
402.0
354.0
384.0
318.0
319.0
372.0
377.0
433.0
616.0
538.0
519.0
505.0
468.0
465.0
337.0
310.0
241.0
193.0
163.0
225.0
216.0
238.0
303.0
299.0
259.0
341.0
272.0
188.0
313.0
236.0
215.0
386.0
370.0
379.0
304.0
275.0
288.0
258.0
269.0
289.0
251.0
214.0
260.0
527.0
531.0
452.0
597.0
587.0
522.0
483.0
401.0
406.0
479.0
433.0
478.0
733.0
864.0
786.0
605.0
482.0
408.0
370.0
324.0
306.0
256.0
210.0
278.0
239.0
249.0
218.0
192.0
188.0
299.0
328.0
281.0
210.0
206.0
211.0
306.0
314.0
305.0
378.0
389.0
400.0
341.0
293.0
248.0
190.0
172.0
479.0
461.0
516.0
431.0
380.0
265.0
217.0
182.0
240.0
287.0
329.0
