284.0
262.0
239.0
259.0
286.0
209.0
271.0
331.0
263.0
255.0
264.0
263.0
278.0
257.0
229.0
296.0
308.0
231.0
268.0
269.0
252.0
252.0
237.0
266.0
260.0
280.0
226.0
263.0
317.0
253.0
266.0
294.0
259.0
283.0
272.0
253.0
272.0
247.0
254.0
314.0
312.0
256.0
235.0
278.0
244.0
239.0
283.0
320.0
237.0
267.0
280.0
254.0
237.0
240.0
260.0
332.0
314.0
253.0
246.0
275.0
321.0
285.0
227.0
301.0
232.0
341.0
243.0
327.0
303.0
239.0
279.0
286.0
264.0
274.0
265.0
252.0
286.0
253.0
259.0
301.0
278.0
271.0
280.0
290.0
233.0
279.0
235.0
289.0
252.0
254.0
272.0
253.0
270.0
275.0
306.0
252.0
243.0
296.0
299.0
254.0
332.0
236.0
309.0
282.0
272.0
237.0
287.0
291.0
283.0
276.0
244.0
279.0
262.0
307.0
246.0
354.0
277.0
242.0
278.0
244.0
248.0
257.0
312.0
297.0
268.0
252.0
228.0
275.0
269.0
258.0
280.0
273.0
323.0
282.0
281.0
341.0
301.0
277.0
289.0
238.0
276.0
293.0
247.0
266.0
279.0
255.0
260.0
278.0
334.0
265.0
318.0
266.0
258.0
258.0
266.0
219.0
238.0
231.0
295.0
304.0
277.0
292.0
266.0
266.0
304.0
269.0
330.0
259.0
233.0
276.0
281.0
244.0
290.0
245.0
235.0
354.0
254.0
342.0
260.0
266.0
293.0
294.0
296.0
285.0
282.0
287.0
242.0
236.0
256.0
257.0
286.0
257.0
289.0
268.0
248.0
299.0
241.0
287.0
294.0
226.0
