254.0
270.0
235.0
187.0
207.0
272.0
269.0
208.0
207.0
197.0
286.0
287.0
151.0
215.0
205.0
179.0
169.0
202.0
205.0
191.0
210.0
191.0
186.0
466.0
417.0
371.0
255.0
199.0
177.0
255.0
213.0
174.0
185.0
179.0
164.0
172.0
148.0
177.0
262.0
283.0
225.0
171.0
184.0
166.0
139.0
175.0
222.0
262.0
208.0
215.0
213.0
245.0
187.0
160.0
168.0
208.0
160.0
182.0
222.0
202.0
212.0
171.0
168.0
215.0
268.0
179.0
182.0
194.0
166.0
210.0
186.0
218.0
193.0
152.0
212.0
172.0
183.0
150.0
191.0
173.0
169.0
151.0
241.0
174.0
145.0
170.0
198.0
172.0
195.0
192.0
185.0
217.0
198.0
192.0
182.0
172.0
182.0
207.0
214.0
207.0
363.0
305.0
231.0
178.0
202.0
325.0
267.0
246.0
179.0
173.0
168.0
258.0
164.0
209.0
178.0
183.0
189.0
165.0
206.0
151.0
188.0
155.0
189.0
201.0
223.0
162.0
201.0
230.0
158.0
202.0
175.0
230.0
187.0
185.0
161.0
154.0
252.0
213.0
141.0
171.0
184.0
203.0
154.0
170.0
267.0
218.0
155.0
203.0
276.0
252.0
223.0
219.0
177.0
238.0
232.0
180.0
251.0
262.0
303.0
297.0
235.0
189.0
193.0
247.0
172.0
338.0
249.0
182.0
201.0
180.0
166.0
179.0
185.0
163.0
202.0
188.0
200.0
155.0
170.0
206.0
160.0
163.0
170.0
201.0
182.0
169.0
189.0
213.0
185.0
184.0
149.0
177.0
208.0
157.0
208.0
164.0
233.0
177.0
163.0
178.0
