185.0
152.0
167.0
162.0
171.0
178.0
184.0
183.0
167.0
153.0
153.0
161.0
222.0
151.0
162.0
154.0
188.0
160.0
205.0
173.0
211.0
161.0
140.0
148.0
195.0
239.0
157.0
232.0
162.0
159.0
154.0
159.0
231.0
203.0
144.0
223.0
237.0
146.0
188.0
225.0
205.0
244.0
163.0
154.0
157.0
173.0
200.0
167.0
159.0
195.0
191.0
145.0
159.0
152.0
157.0
161.0
223.0
149.0
158.0
166.0
188.0
208.0
230.0
176.0
175.0
165.0
246.0
197.0
223.0
226.0
158.0
160.0
161.0
185.0
177.0
171.0
217.0
191.0
207.0
225.0
147.0
171.0
174.0
181.0
289.0
176.0
180.0
204.0
160.0
164.0
179.0
160.0
172.0
154.0
191.0
220.0
231.0
227.0
174.0
215.0
188.0
169.0
187.0
203.0
194.0
166.0
126.0
159.0
178.0
196.0
202.0
189.0
165.0
163.0
204.0
187.0
164.0
209.0
177.0
167.0
158.0
207.0
179.0
172.0
170.0
216.0
155.0
192.0
163.0
180.0
157.0
163.0
168.0
190.0
156.0
196.0
163.0
254.0
187.0
162.0
309.0
197.0
225.0
223.0
173.0
176.0
175.0
145.0
240.0
138.0
190.0
159.0
172.0
205.0
173.0
195.0
164.0
141.0
151.0
191.0
161.0
136.0
202.0
195.0
199.0
215.0
186.0
154.0
155.0
165.0
144.0
234.0
164.0
171.0
177.0
191.0
167.0
179.0
148.0
163.0
215.0
194.0
155.0
211.0
201.0
211.0
181.0
135.0
169.0
161.0
141.0
211.0
167.0
150.0
166.0
186.0
188.0
170.0
167.0
150.0
