149.0
148.0
159.0
149.0
149.0
136.0
149.0
140.0
142.0
177.0
139.0
137.0
136.0
140.0
166.0
156.0
148.0
142.0
175.0
141.0
132.0
144.0
132.0
133.0
179.0
156.0
127.0
164.0
131.0
152.0
149.0
129.0
156.0
137.0
138.0
159.0
157.0
156.0
138.0
152.0
165.0
142.0
133.0
141.0
150.0
129.0
166.0
133.0
141.0
149.0
151.0
162.0
132.0
143.0
141.0
146.0
143.0
234.0
148.0
119.0
164.0
148.0
136.0
154.0
171.0
148.0
149.0
140.0
128.0
140.0
145.0
164.0
124.0
131.0
130.0
162.0
160.0
148.0
125.0
152.0
153.0
160.0
175.0
150.0
135.0
147.0
143.0
162.0
176.0
173.0
134.0
145.0
147.0
148.0
146.0
150.0
147.0
166.0
140.0
138.0
165.0
115.0
163.0
157.0
121.0
131.0
147.0
136.0
123.0
166.0
140.0
164.0
140.0
148.0
153.0
131.0
132.0
127.0
156.0
144.0
221.0
152.0
166.0
146.0
147.0
146.0
167.0
154.0
126.0
144.0
146.0
161.0
145.0
131.0
172.0
168.0
142.0
149.0
153.0
137.0
146.0
155.0
138.0
132.0
166.0
142.0
153.0
146.0
138.0
146.0
160.0
142.0
142.0
160.0
140.0
141.0
147.0
138.0
152.0
150.0
149.0
146.0
174.0
145.0
154.0
163.0
163.0
149.0
158.0
132.0
173.0
133.0
133.0
150.0
140.0
130.0
135.0
129.0
155.0
137.0
145.0
143.0
142.0
147.0
137.0
145.0
149.0
141.0
156.0
140.0
151.0
129.0
142.0
220.0
151.0
151.0
153.0
153.0
145.0
158.0
