173.0
151.0
172.0
137.0
161.0
203.0
147.0
186.0
131.0
177.0
149.0
172.0
142.0
181.0
155.0
131.0
157.0
165.0
281.0
153.0
138.0
144.0
142.0
156.0
146.0
155.0
141.0
168.0
138.0
163.0
155.0
144.0
176.0
166.0
156.0
153.0
243.0
128.0
142.0
181.0
149.0
148.0
185.0
159.0
220.0
159.0
162.0
148.0
167.0
143.0
199.0
219.0
147.0
153.0
193.0
186.0
185.0
195.0
150.0
149.0
146.0
131.0
167.0
148.0
140.0
152.0
148.0
155.0
156.0
161.0
144.0
182.0
145.0
178.0
132.0
149.0
179.0
154.0
157.0
157.0
140.0
168.0
142.0
150.0
141.0
148.0
149.0
212.0
137.0
140.0
134.0
156.0
134.0
161.0
131.0
242.0
157.0
173.0
161.0
136.0
163.0
127.0
145.0
148.0
156.0
179.0
134.0
152.0
142.0
148.0
146.0
173.0
162.0
135.0
169.0
176.0
153.0
139.0
212.0
214.0
238.0
165.0
157.0
152.0
165.0
140.0
131.0
159.0
165.0
170.0
145.0
136.0
157.0
160.0
139.0
171.0
203.0
170.0
165.0
206.0
170.0
166.0
129.0
156.0
166.0
148.0
138.0
140.0
157.0
159.0
158.0
148.0
142.0
163.0
153.0
153.0
123.0
175.0
158.0
151.0
144.0
137.0
144.0
160.0
147.0
158.0
158.0
138.0
140.0
157.0
152.0
141.0
147.0
143.0
139.0
151.0
160.0
150.0
195.0
148.0
172.0
150.0
159.0
138.0
169.0
202.0
197.0
150.0
213.0
155.0
174.0
125.0
149.0
164.0
130.0
163.0
156.0
151.0
147.0
154.0
