145.0
187.0
149.0
155.0
168.0
156.0
191.0
168.0
149.0
156.0
135.0
162.0
174.0
162.0
154.0
168.0
149.0
167.0
192.0
149.0
133.0
183.0
158.0
159.0
188.0
183.0
154.0
127.0
168.0
134.0
198.0
153.0
144.0
155.0
235.0
153.0
164.0
129.0
160.0
173.0
153.0
191.0
168.0
156.0
156.0
157.0
160.0
157.0
152.0
136.0
173.0
328.0
179.0
153.0
156.0
172.0
149.0
157.0
165.0
156.0
194.0
176.0
152.0
144.0
159.0
163.0
175.0
185.0
160.0
145.0
140.0
136.0
153.0
141.0
158.0
145.0
186.0
198.0
153.0
137.0
140.0
153.0
158.0
164.0
185.0
137.0
159.0
225.0
197.0
238.0
170.0
147.0
160.0
141.0
153.0
145.0
137.0
137.0
146.0
167.0
280.0
137.0
178.0
156.0
201.0
167.0
139.0
168.0
140.0
154.0
141.0
154.0
155.0
148.0
157.0
154.0
186.0
172.0
151.0
200.0
173.0
219.0
185.0
151.0
167.0
155.0
164.0
159.0
160.0
158.0
167.0
216.0
153.0
182.0
167.0
152.0
194.0
167.0
165.0
155.0
169.0
155.0
173.0
155.0
175.0
170.0
157.0
188.0
134.0
167.0
165.0
162.0
159.0
173.0
160.0
184.0
131.0
173.0
172.0
161.0
147.0
163.0
149.0
223.0
157.0
241.0
169.0
247.0
157.0
173.0
169.0
150.0
145.0
169.0
185.0
154.0
183.0
185.0
150.0
214.0
148.0
156.0
131.0
168.0
187.0
153.0
138.0
150.0
179.0
146.0
159.0
211.0
160.0
147.0
178.0
164.0
145.0
131.0
138.0
153.0
