153.0
143.0
168.0
128.0
154.0
129.0
143.0
151.0
143.0
154.0
176.0
149.0
158.0
148.0
148.0
134.0
163.0
135.0
164.0
160.0
184.0
150.0
173.0
151.0
151.0
146.0
149.0
143.0
183.0
170.0
241.0
165.0
145.0
188.0
133.0
135.0
134.0
128.0
141.0
152.0
137.0
148.0
188.0
144.0
155.0
134.0
156.0
160.0
142.0
135.0
168.0
132.0
155.0
157.0
133.0
158.0
129.0
119.0
141.0
150.0
146.0
204.0
151.0
140.0
115.0
137.0
165.0
157.0
137.0
151.0
185.0
142.0
140.0
151.0
154.0
148.0
134.0
128.0
150.0
140.0
158.0
162.0
148.0
166.0
126.0
144.0
151.0
130.0
145.0
146.0
166.0
155.0
153.0
132.0
144.0
140.0
145.0
163.0
144.0
126.0
135.0
152.0
143.0
150.0
151.0
150.0
149.0
138.0
138.0
145.0
144.0
144.0
148.0
210.0
156.0
144.0
152.0
146.0
146.0
156.0
167.0
174.0
153.0
155.0
134.0
132.0
131.0
149.0
140.0
140.0
145.0
129.0
271.0
149.0
165.0
153.0
128.0
172.0
141.0
152.0
147.0
142.0
137.0
159.0
152.0
141.0
150.0
163.0
161.0
152.0
140.0
149.0
153.0
142.0
127.0
135.0
173.0
134.0
148.0
150.0
164.0
169.0
162.0
133.0
141.0
138.0
147.0
149.0
145.0
156.0
126.0
144.0
120.0
159.0
155.0
163.0
134.0
131.0
156.0
146.0
167.0
162.0
122.0
129.0
150.0
141.0
151.0
155.0
128.0
135.0
139.0
148.0
190.0
142.0
155.0
158.0
121.0
179.0
140.0
156.0
