246.0
240.0
262.0
261.0
270.0
253.0
276.0
246.0
219.0
285.0
286.0
262.0
274.0
336.0
249.0
285.0
284.0
263.0
236.0
259.0
274.0
250.0
281.0
259.0
224.0
263.0
288.0
281.0
249.0
237.0
266.0
246.0
272.0
259.0
243.0
262.0
245.0
249.0
275.0
267.0
258.0
265.0
231.0
247.0
290.0
283.0
261.0
302.0
248.0
274.0
307.0
222.0
265.0
261.0
230.0
265.0
242.0
287.0
247.0
248.0
297.0
276.0
260.0
251.0
251.0
270.0
257.0
251.0
311.0
252.0
269.0
212.0
316.0
249.0
303.0
235.0
272.0
209.0
264.0
291.0
253.0
244.0
269.0
246.0
246.0
256.0
257.0
266.0
251.0
247.0
298.0
223.0
246.0
291.0
278.0
233.0
325.0
294.0
270.0
259.0
239.0
277.0
257.0
269.0
252.0
242.0
246.0
303.0
287.0
244.0
249.0
244.0
243.0
222.0
257.0
226.0
313.0
272.0
254.0
259.0
262.0
298.0
220.0
270.0
259.0
221.0
264.0
272.0
268.0
272.0
270.0
367.0
254.0
288.0
251.0
325.0
257.0
286.0
264.0
324.0
229.0
308.0
258.0
327.0
255.0
242.0
246.0
258.0
268.0
246.0
251.0
264.0
295.0
288.0
268.0
271.0
255.0
269.0
212.0
254.0
274.0
314.0
253.0
224.0
229.0
264.0
258.0
309.0
240.0
232.0
290.0
336.0
224.0
243.0
250.0
248.0
310.0
315.0
297.0
244.0
319.0
270.0
230.0
236.0
300.0
247.0
259.0
246.0
244.0
240.0
244.0
256.0
256.0
328.0
283.0
293.0
227.0
318.0
239.0
245.0
