151.0
164.0
171.0
156.0
150.0
127.0
144.0
144.0
296.0
164.0
155.0
133.0
146.0
161.0
161.0
159.0
206.0
152.0
168.0
152.0
152.0
241.0
176.0
198.0
145.0
195.0
229.0
150.0
178.0
148.0
187.0
135.0
148.0
252.0
157.0
168.0
169.0
176.0
147.0
129.0
165.0
143.0
176.0
198.0
141.0
153.0
189.0
165.0
184.0
176.0
195.0
166.0
141.0
155.0
159.0
156.0
149.0
160.0
156.0
148.0
172.0
200.0
138.0
158.0
181.0
147.0
149.0
144.0
159.0
161.0
211.0
161.0
149.0
150.0
175.0
200.0
146.0
144.0
156.0
151.0
205.0
380.0
183.0
185.0
191.0
145.0
146.0
143.0
168.0
179.0
182.0
157.0
188.0
187.0
151.0
171.0
167.0
163.0
163.0
164.0
129.0
161.0
145.0
158.0
164.0
137.0
188.0
149.0
145.0
149.0
137.0
166.0
160.0
176.0
157.0
166.0
168.0
151.0
167.0
155.0
158.0
168.0
146.0
150.0
151.0
200.0
172.0
205.0
171.0
159.0
163.0
157.0
157.0
167.0
160.0
159.0
160.0
154.0
166.0
153.0
150.0
150.0
163.0
142.0
194.0
204.0
175.0
162.0
128.0
167.0
139.0
170.0
233.0
138.0
212.0
216.0
153.0
185.0
196.0
148.0
145.0
146.0
188.0
167.0
157.0
139.0
155.0
168.0
162.0
148.0
186.0
162.0
155.0
155.0
146.0
154.0
174.0
251.0
160.0
134.0
185.0
147.0
162.0
160.0
163.0
136.0
147.0
167.0
150.0
144.0
138.0
168.0
148.0
182.0
218.0
217.0
151.0
145.0
197.0
149.0
