268.0
246.0
231.0
266.0
252.0
259.0
245.0
251.0
252.0
257.0
275.0
257.0
253.0
254.0
335.0
293.0
246.0
273.0
229.0
251.0
247.0
273.0
263.0
264.0
226.0
285.0
262.0
291.0
238.0
250.0
286.0
226.0
282.0
258.0
259.0
271.0
251.0
275.0
237.0
254.0
267.0
256.0
225.0
288.0
263.0
288.0
265.0
262.0
223.0
227.0
259.0
268.0
256.0
250.0
341.0
286.0
238.0
227.0
233.0
270.0
236.0
272.0
278.0
242.0
240.0
209.0
237.0
275.0
267.0
339.0
247.0
247.0
253.0
247.0
254.0
264.0
266.0
224.0
261.0
240.0
278.0
236.0
259.0
288.0
237.0
238.0
281.0
256.0
230.0
248.0
235.0
230.0
223.0
250.0
252.0
264.0
252.0
277.0
255.0
236.0
290.0
257.0
235.0
265.0
303.0
315.0
254.0
317.0
291.0
240.0
250.0
247.0
259.0
245.0
236.0
284.0
247.0
243.0
250.0
253.0
325.0
231.0
259.0
254.0
274.0
253.0
221.0
240.0
244.0
281.0
267.0
238.0
226.0
285.0
217.0
244.0
258.0
227.0
244.0
219.0
271.0
245.0
261.0
271.0
205.0
237.0
287.0
268.0
245.0
243.0
314.0
353.0
266.0
268.0
249.0
278.0
273.0
220.0
255.0
231.0
306.0
249.0
309.0
221.0
268.0
305.0
260.0
280.0
244.0
291.0
277.0
270.0
261.0
228.0
281.0
277.0
254.0
260.0
253.0
320.0
247.0
277.0
290.0
229.0
262.0
245.0
258.0
238.0
278.0
273.0
272.0
290.0
267.0
280.0
316.0
233.0
289.0
234.0
239.0
266.0
