229.0
229.0
288.0
287.0
240.0
251.0
255.0
264.0
231.0
288.0
262.0
227.0
264.0
253.0
244.0
262.0
220.0
251.0
262.0
248.0
281.0
238.0
302.0
259.0
256.0
265.0
266.0
277.0
231.0
320.0
258.0
262.0
300.0
246.0
252.0
302.0
263.0
296.0
271.0
257.0
253.0
228.0
261.0
263.0
239.0
257.0
230.0
256.0
254.0
236.0
230.0
232.0
269.0
267.0
246.0
263.0
238.0
236.0
256.0
338.0
258.0
220.0
275.0
260.0
242.0
325.0
314.0
265.0
255.0
282.0
241.0
300.0
248.0
287.0
255.0
271.0
262.0
266.0
227.0
267.0
247.0
304.0
282.0
230.0
303.0
238.0
261.0
260.0
287.0
261.0
272.0
214.0
237.0
284.0
244.0
315.0
255.0
242.0
244.0
277.0
268.0
240.0
257.0
276.0
244.0
239.0
277.0
224.0
246.0
227.0
235.0
359.0
247.0
294.0
256.0
252.0
252.0
242.0
239.0
275.0
261.0
248.0
224.0
263.0
266.0
263.0
245.0
252.0
271.0
291.0
233.0
238.0
248.0
245.0
248.0
257.0
294.0
229.0
268.0
260.0
232.0
221.0
266.0
309.0
231.0
261.0
275.0
252.0
256.0
253.0
266.0
232.0
271.0
261.0
289.0
244.0
221.0
302.0
245.0
275.0
260.0
226.0
254.0
239.0
255.0
243.0
293.0
227.0
232.0
283.0
269.0
247.0
264.0
260.0
243.0
245.0
280.0
228.0
221.0
263.0
273.0
230.0
271.0
262.0
263.0
233.0
246.0
221.0
249.0
241.0
272.0
233.0
266.0
298.0
272.0
246.0
271.0
260.0
318.0
294.0
