240.0
277.0
293.0
254.0
214.0
267.0
241.0
252.0
253.0
231.0
273.0
237.0
260.0
271.0
316.0
281.0
245.0
270.0
254.0
225.0
246.0
295.0
244.0
282.0
278.0
272.0
294.0
308.0
265.0
226.0
284.0
242.0
277.0
255.0
267.0
272.0
264.0
263.0
236.0
233.0
236.0
228.0
249.0
263.0
275.0
265.0
256.0
266.0
274.0
271.0
266.0
226.0
249.0
296.0
238.0
284.0
257.0
277.0
224.0
259.0
269.0
243.0
304.0
323.0
270.0
282.0
242.0
235.0
281.0
256.0
246.0
255.0
252.0
260.0
257.0
313.0
226.0
238.0
268.0
255.0
257.0
239.0
312.0
249.0
278.0
240.0
272.0
254.0
252.0
240.0
239.0
266.0
247.0
255.0
355.0
254.0
233.0
274.0
282.0
285.0
258.0
289.0
259.0
263.0
246.0
262.0
259.0
244.0
321.0
247.0
257.0
247.0
245.0
278.0
254.0
231.0
296.0
263.0
255.0
255.0
247.0
243.0
239.0
267.0
200.0
277.0
244.0
249.0
233.0
232.0
259.0
282.0
252.0
264.0
230.0
226.0
269.0
224.0
283.0
273.0
275.0
245.0
284.0
244.0
280.0
228.0
253.0
253.0
240.0
250.0
252.0
239.0
266.0
285.0
288.0
239.0
241.0
329.0
277.0
271.0
255.0
246.0
235.0
242.0
281.0
268.0
221.0
252.0
268.0
253.0
250.0
276.0
227.0
287.0
266.0
265.0
235.0
268.0
252.0
256.0
268.0
288.0
258.0
293.0
253.0
319.0
240.0
270.0
303.0
258.0
215.0
225.0
276.0
238.0
291.0
286.0
238.0
265.0
268.0
230.0
