152.0
140.0
145.0
169.0
127.0
135.0
145.0
149.0
161.0
159.0
142.0
141.0
137.0
152.0
141.0
148.0
137.0
142.0
143.0
129.0
140.0
144.0
159.0
158.0
133.0
133.0
151.0
162.0
137.0
137.0
151.0
156.0
166.0
144.0
156.0
145.0
138.0
133.0
141.0
137.0
141.0
163.0
141.0
144.0
150.0
127.0
130.0
195.0
145.0
137.0
138.0
132.0
137.0
130.0
158.0
139.0
145.0
147.0
135.0
140.0
141.0
135.0
141.0
136.0
149.0
156.0
136.0
170.0
152.0
133.0
137.0
149.0
133.0
140.0
134.0
134.0
137.0
159.0
129.0
138.0
150.0
121.0
133.0
134.0
145.0
140.0
130.0
158.0
139.0
134.0
131.0
143.0
145.0
149.0
141.0
164.0
147.0
224.0
199.0
152.0
148.0
149.0
139.0
169.0
123.0
149.0
135.0
188.0
140.0
148.0
133.0
135.0
130.0
152.0
128.0
136.0
148.0
152.0
148.0
147.0
158.0
137.0
137.0
127.0
174.0
155.0
153.0
161.0
143.0
144.0
125.0
128.0
150.0
167.0
145.0
148.0
144.0
149.0
140.0
140.0
152.0
125.0
153.0
136.0
130.0
143.0
154.0
143.0
159.0
133.0
135.0
169.0
138.0
147.0
156.0
138.0
133.0
131.0
129.0
136.0
149.0
141.0
135.0
133.0
151.0
145.0
146.0
149.0
133.0
140.0
150.0
164.0
150.0
122.0
139.0
152.0
146.0
161.0
121.0
143.0
165.0
136.0
148.0
166.0
162.0
180.0
175.0
145.0
123.0
148.0
145.0
147.0
153.0
152.0
148.0
141.0
152.0
136.0
136.0
141.0
