259.0
228.0
245.0
290.0
259.0
260.0
236.0
308.0
280.0
309.0
321.0
261.0
280.0
228.0
237.0
253.0
280.0
267.0
321.0
241.0
284.0
246.0
306.0
255.0
263.0
248.0
263.0
323.0
274.0
282.0
252.0
221.0
240.0
251.0
223.0
291.0
263.0
249.0
320.0
279.0
246.0
264.0
242.0
242.0
289.0
276.0
285.0
249.0
281.0
305.0
259.0
288.0
302.0
261.0
287.0
246.0
301.0
270.0
264.0
273.0
271.0
305.0
310.0
291.0
279.0
256.0
314.0
263.0
289.0
320.0
254.0
271.0
245.0
292.0
265.0
235.0
276.0
238.0
257.0
262.0
312.0
269.0
257.0
299.0
305.0
266.0
247.0
257.0
310.0
295.0
250.0
250.0
241.0
273.0
304.0
255.0
242.0
240.0
274.0
339.0
246.0
271.0
249.0
293.0
277.0
267.0
245.0
280.0
297.0
246.0
238.0
263.0
273.0
245.0
234.0
238.0
277.0
247.0
256.0
260.0
298.0
226.0
260.0
245.0
266.0
284.0
230.0
233.0
262.0
318.0
315.0
263.0
337.0
277.0
238.0
271.0
278.0
250.0
244.0
262.0
243.0
250.0
302.0
216.0
257.0
260.0
246.0
240.0
233.0
302.0
277.0
300.0
241.0
266.0
340.0
318.0
310.0
279.0
270.0
277.0
276.0
265.0
298.0
253.0
270.0
281.0
265.0
294.0
278.0
320.0
256.0
243.0
299.0
239.0
268.0
220.0
279.0
258.0
225.0
224.0
273.0
279.0
227.0
259.0
289.0
326.0
287.0
265.0
280.0
285.0
259.0
245.0
256.0
304.0
283.0
275.0
239.0
258.0
303.0
237.0
