158.0
147.0
147.0
141.0
145.0
136.0
173.0
143.0
132.0
163.0
161.0
138.0
150.0
153.0
129.0
148.0
149.0
140.0
150.0
149.0
148.0
150.0
123.0
128.0
157.0
144.0
149.0
153.0
168.0
159.0
160.0
169.0
136.0
147.0
143.0
180.0
157.0
152.0
143.0
127.0
150.0
157.0
187.0
165.0
147.0
140.0
141.0
147.0
137.0
142.0
144.0
169.0
149.0
141.0
145.0
183.0
157.0
123.0
131.0
156.0
129.0
160.0
140.0
140.0
152.0
180.0
166.0
136.0
143.0
163.0
147.0
155.0
166.0
133.0
116.0
154.0
157.0
149.0
140.0
151.0
130.0
252.0
149.0
166.0
150.0
153.0
179.0
146.0
204.0
127.0
143.0
118.0
159.0
173.0
162.0
170.0
161.0
159.0
159.0
142.0
132.0
140.0
162.0
126.0
161.0
189.0
159.0
170.0
132.0
125.0
131.0
154.0
131.0
170.0
139.0
178.0
138.0
206.0
146.0
142.0
132.0
133.0
161.0
168.0
156.0
151.0
154.0
184.0
133.0
141.0
156.0
145.0
143.0
134.0
156.0
152.0
137.0
176.0
141.0
154.0
117.0
141.0
183.0
140.0
186.0
166.0
160.0
150.0
186.0
147.0
166.0
157.0
163.0
141.0
135.0
144.0
167.0
177.0
267.0
136.0
153.0
145.0
152.0
149.0
145.0
157.0
149.0
153.0
137.0
181.0
145.0
155.0
138.0
143.0
141.0
136.0
150.0
133.0
138.0
168.0
135.0
146.0
157.0
137.0
173.0
141.0
175.0
155.0
158.0
182.0
126.0
134.0
180.0
150.0
150.0
137.0
166.0
151.0
147.0
151.0
