162.0
201.0
201.0
158.0
203.0
218.0
215.0
133.0
170.0
204.0
188.0
168.0
212.0
184.0
168.0
195.0
249.0
193.0
185.0
175.0
202.0
177.0
153.0
180.0
172.0
244.0
192.0
178.0
193.0
184.0
185.0
223.0
292.0
233.0
176.0
256.0
207.0
172.0
142.0
183.0
168.0
153.0
165.0
184.0
176.0
146.0
299.0
187.0
173.0
137.0
158.0
145.0
169.0
175.0
252.0
224.0
177.0
175.0
231.0
191.0
213.0
168.0
204.0
171.0
204.0
185.0
165.0
193.0
285.0
242.0
202.0
190.0
203.0
194.0
159.0
167.0
189.0
199.0
251.0
189.0
178.0
163.0
198.0
335.0
212.0
167.0
157.0
151.0
194.0
224.0
197.0
180.0
191.0
167.0
157.0
174.0
203.0
241.0
216.0
178.0
169.0
189.0
233.0
163.0
161.0
166.0
214.0
164.0
211.0
176.0
161.0
139.0
334.0
236.0
141.0
146.0
197.0
249.0
290.0
181.0
200.0
155.0
181.0
244.0
223.0
162.0
168.0
210.0
173.0
180.0
196.0
200.0
178.0
157.0
159.0
176.0
156.0
209.0
218.0
161.0
164.0
179.0
169.0
206.0
191.0
236.0
184.0
254.0
166.0
177.0
166.0
169.0
177.0
180.0
179.0
153.0
184.0
205.0
224.0
258.0
132.0
182.0
162.0
185.0
182.0
190.0
313.0
240.0
228.0
232.0
174.0
179.0
180.0
174.0
187.0
212.0
158.0
223.0
301.0
242.0
227.0
168.0
236.0
175.0
170.0
307.0
263.0
245.0
209.0
176.0
163.0
141.0
199.0
162.0
150.0
154.0
198.0
260.0
164.0
274.0
