144.0
151.0
141.0
176.0
139.0
144.0
157.0
126.0
153.0
138.0
141.0
143.0
144.0
136.0
233.0
144.0
131.0
165.0
138.0
147.0
161.0
151.0
142.0
133.0
143.0
150.0
146.0
141.0
140.0
147.0
158.0
150.0
141.0
138.0
143.0
144.0
130.0
147.0
156.0
171.0
151.0
150.0
166.0
143.0
150.0
130.0
132.0
137.0
149.0
152.0
147.0
159.0
150.0
159.0
145.0
157.0
154.0
143.0
148.0
133.0
174.0
148.0
151.0
184.0
132.0
144.0
155.0
156.0
138.0
155.0
131.0
131.0
135.0
133.0
146.0
156.0
141.0
150.0
156.0
161.0
137.0
169.0
161.0
156.0
151.0
165.0
149.0
132.0
198.0
146.0
146.0
165.0
144.0
142.0
146.0
137.0
139.0
130.0
133.0
121.0
138.0
151.0
144.0
208.0
144.0
157.0
150.0
143.0
143.0
167.0
127.0
149.0
163.0
141.0
152.0
171.0
137.0
168.0
138.0
151.0
137.0
132.0
144.0
137.0
140.0
156.0
147.0
153.0
130.0
145.0
126.0
133.0
138.0
142.0
140.0
156.0
138.0
153.0
140.0
150.0
150.0
164.0
164.0
141.0
146.0
154.0
144.0
162.0
131.0
147.0
131.0
150.0
123.0
161.0
133.0
134.0
147.0
146.0
181.0
129.0
156.0
133.0
135.0
116.0
152.0
132.0
140.0
148.0
139.0
148.0
157.0
138.0
145.0
154.0
134.0
190.0
145.0
244.0
147.0
146.0
152.0
140.0
145.0
145.0
165.0
140.0
134.0
156.0
164.0
160.0
241.0
146.0
223.0
152.0
171.0
126.0
147.0
202.0
132.0
149.0
