207.0
251.0
224.0
201.0
223.0
251.0
204.0
204.0
152.0
192.0
231.0
145.0
161.0
191.0
168.0
172.0
184.0
143.0
151.0
157.0
185.0
172.0
221.0
152.0
233.0
186.0
156.0
217.0
186.0
201.0
218.0
201.0
166.0
160.0
207.0
178.0
189.0
166.0
198.0
179.0
156.0
175.0
191.0
193.0
181.0
172.0
190.0
179.0
227.0
235.0
260.0
197.0
172.0
204.0
176.0
199.0
188.0
190.0
173.0
202.0
189.0
166.0
167.0
206.0
202.0
213.0
166.0
225.0
258.0
247.0
225.0
179.0
245.0
228.0
212.0
198.0
184.0
252.0
233.0
196.0
163.0
183.0
165.0
168.0
149.0
174.0
173.0
214.0
171.0
224.0
180.0
212.0
177.0
161.0
242.0
182.0
178.0
199.0
183.0
177.0
207.0
198.0
245.0
250.0
201.0
214.0
216.0
378.0
288.0
173.0
179.0
211.0
200.0
196.0
173.0
214.0
172.0
178.0
172.0
241.0
225.0
163.0
178.0
160.0
204.0
164.0
209.0
190.0
217.0
229.0
195.0
254.0
228.0
161.0
155.0
186.0
240.0
175.0
186.0
195.0
281.0
218.0
276.0
225.0
191.0
230.0
185.0
159.0
157.0
299.0
261.0
215.0
183.0
229.0
153.0
186.0
210.0
215.0
281.0
227.0
212.0
205.0
205.0
255.0
192.0
198.0
200.0
171.0
211.0
221.0
190.0
155.0
156.0
165.0
168.0
227.0
170.0
154.0
181.0
190.0
291.0
187.0
179.0
175.0
159.0
229.0
202.0
228.0
168.0
156.0
202.0
195.0
252.0
224.0
268.0
194.0
152.0
162.0
188.0
176.0
