263.0
277.0
262.0
237.0
280.0
237.0
255.0
258.0
253.0
292.0
235.0
280.0
280.0
258.0
291.0
276.0
271.0
253.0
256.0
239.0
263.0
298.0
240.0
257.0
302.0
241.0
227.0
252.0
273.0
295.0
277.0
281.0
249.0
270.0
290.0
245.0
258.0
288.0
234.0
260.0
251.0
276.0
304.0
218.0
302.0
268.0
270.0
263.0
270.0
254.0
243.0
283.0
269.0
282.0
244.0
233.0
261.0
274.0
251.0
272.0
261.0
252.0
235.0
285.0
259.0
257.0
282.0
244.0
295.0
275.0
290.0
223.0
260.0
266.0
262.0
266.0
258.0
294.0
257.0
295.0
317.0
268.0
280.0
296.0
271.0
248.0
251.0
256.0
251.0
288.0
278.0
249.0
259.0
259.0
244.0
359.0
266.0
261.0
292.0
271.0
252.0
253.0
241.0
259.0
262.0
295.0
261.0
259.0
253.0
236.0
243.0
251.0
318.0
246.0
287.0
329.0
348.0
325.0
271.0
266.0
261.0
242.0
240.0
268.0
307.0
273.0
257.0
221.0
266.0
287.0
226.0
242.0
251.0
370.0
289.0
305.0
228.0
259.0
291.0
258.0
228.0
271.0
264.0
272.0
263.0
280.0
252.0
269.0
210.0
238.0
257.0
305.0
253.0
340.0
330.0
264.0
277.0
275.0
246.0
239.0
251.0
277.0
318.0
312.0
249.0
237.0
263.0
226.0
242.0
271.0
255.0
243.0
287.0
258.0
247.0
282.0
290.0
279.0
309.0
294.0
254.0
284.0
265.0
289.0
258.0
287.0
262.0
324.0
252.0
219.0
281.0
248.0
265.0
305.0
245.0
257.0
266.0
223.0
309.0
241.0
