234.0
247.0
266.0
283.0
262.0
279.0
309.0
246.0
271.0
309.0
312.0
294.0
273.0
255.0
318.0
244.0
282.0
277.0
286.0
340.0
271.0
260.0
258.0
299.0
241.0
252.0
225.0
357.0
251.0
245.0
286.0
276.0
277.0
287.0
253.0
273.0
304.0
249.0
243.0
240.0
350.0
289.0
284.0
269.0
348.0
294.0
267.0
262.0
260.0
276.0
284.0
283.0
271.0
300.0
295.0
339.0
287.0
292.0
277.0
299.0
252.0
248.0
287.0
236.0
285.0
261.0
265.0
221.0
293.0
302.0
309.0
316.0
315.0
269.0
272.0
322.0
323.0
244.0
346.0
247.0
289.0
269.0
255.0
237.0
251.0
296.0
299.0
303.0
259.0
309.0
245.0
274.0
272.0
252.0
280.0
274.0
268.0
271.0
298.0
250.0
265.0
225.0
280.0
230.0
257.0
279.0
241.0
276.0
293.0
259.0
261.0
248.0
348.0
261.0
293.0
250.0
234.0
285.0
251.0
287.0
237.0
235.0
266.0
298.0
263.0
247.0
300.0
300.0
277.0
304.0
242.0
263.0
267.0
239.0
316.0
253.0
278.0
264.0
253.0
258.0
289.0
271.0
235.0
254.0
305.0
260.0
285.0
260.0
297.0
259.0
310.0
248.0
287.0
263.0
283.0
289.0
273.0
302.0
255.0
274.0
288.0
285.0
281.0
286.0
310.0
269.0
241.0
253.0
256.0
227.0
265.0
261.0
286.0
298.0
286.0
243.0
250.0
271.0
245.0
238.0
292.0
263.0
318.0
292.0
321.0
296.0
273.0
266.0
245.0
261.0
267.0
262.0
365.0
292.0
274.0
255.0
303.0
268.0
287.0
401.0
