161.0
159.0
129.0
154.0
157.0
215.0
133.0
207.0
134.0
150.0
153.0
138.0
161.0
157.0
220.0
153.0
154.0
176.0
140.0
147.0
167.0
143.0
187.0
153.0
157.0
151.0
160.0
164.0
179.0
147.0
147.0
155.0
200.0
142.0
143.0
165.0
154.0
159.0
182.0
165.0
146.0
138.0
213.0
155.0
191.0
146.0
170.0
165.0
132.0
157.0
160.0
137.0
170.0
143.0
176.0
144.0
131.0
148.0
186.0
198.0
140.0
165.0
209.0
141.0
163.0
149.0
139.0
148.0
149.0
145.0
142.0
170.0
186.0
149.0
143.0
224.0
222.0
161.0
132.0
138.0
191.0
140.0
153.0
128.0
161.0
190.0
150.0
134.0
143.0
204.0
169.0
146.0
143.0
160.0
148.0
144.0
149.0
153.0
246.0
157.0
162.0
156.0
155.0
166.0
144.0
148.0
158.0
155.0
190.0
143.0
194.0
153.0
170.0
152.0
154.0
208.0
117.0
179.0
160.0
140.0
168.0
160.0
151.0
169.0
164.0
210.0
167.0
142.0
165.0
133.0
141.0
149.0
154.0
162.0
139.0
156.0
151.0
153.0
160.0
161.0
152.0
145.0
140.0
167.0
306.0
162.0
167.0
180.0
154.0
194.0
161.0
151.0
185.0
129.0
129.0
119.0
145.0
156.0
161.0
148.0
171.0
208.0
138.0
183.0
145.0
131.0
160.0
136.0
157.0
148.0
155.0
139.0
145.0
144.0
160.0
168.0
145.0
141.0
144.0
166.0
154.0
172.0
163.0
153.0
145.0
236.0
177.0
160.0
137.0
170.0
133.0
281.0
218.0
195.0
177.0
161.0
159.0
158.0
194.0
158.0
