218.0
172.0
146.0
157.0
169.0
170.0
157.0
193.0
183.0
214.0
269.0
206.0
162.0
140.0
170.0
170.0
149.0
201.0
183.0
178.0
189.0
145.0
167.0
145.0
170.0
159.0
186.0
160.0
177.0
244.0
212.0
146.0
143.0
223.0
165.0
150.0
163.0
174.0
167.0
183.0
198.0
156.0
211.0
176.0
165.0
157.0
173.0
165.0
222.0
182.0
154.0
159.0
198.0
187.0
141.0
146.0
162.0
147.0
163.0
159.0
140.0
154.0
144.0
180.0
171.0
160.0
174.0
244.0
159.0
149.0
144.0
155.0
166.0
208.0
189.0
186.0
156.0
173.0
161.0
162.0
166.0
200.0
197.0
215.0
160.0
156.0
139.0
151.0
163.0
162.0
132.0
148.0
147.0
162.0
160.0
174.0
168.0
212.0
154.0
137.0
151.0
185.0
181.0
201.0
215.0
175.0
148.0
151.0
168.0
146.0
150.0
162.0
174.0
177.0
192.0
171.0
224.0
164.0
182.0
159.0
183.0
181.0
167.0
175.0
191.0
183.0
166.0
211.0
139.0
150.0
181.0
190.0
176.0
193.0
168.0
167.0
165.0
197.0
158.0
202.0
212.0
162.0
145.0
134.0
184.0
219.0
178.0
172.0
164.0
157.0
160.0
205.0
179.0
173.0
146.0
151.0
164.0
160.0
170.0
172.0
157.0
194.0
165.0
185.0
161.0
189.0
178.0
198.0
205.0
148.0
220.0
161.0
158.0
165.0
203.0
181.0
172.0
159.0
186.0
161.0
212.0
169.0
271.0
169.0
167.0
168.0
160.0
189.0
176.0
210.0
162.0
174.0
220.0
185.0
191.0
178.0
158.0
162.0
147.0
245.0
