255.0
258.0
257.0
302.0
306.0
369.0
277.0
277.0
242.0
271.0
256.0
293.0
281.0
256.0
268.0
255.0
263.0
276.0
288.0
288.0
257.0
246.0
266.0
247.0
313.0
264.0
307.0
268.0
362.0
401.0
271.0
261.0
279.0
287.0
254.0
255.0
255.0
256.0
283.0
267.0
263.0
331.0
247.0
244.0
253.0
265.0
291.0
276.0
261.0
263.0
271.0
249.0
263.0
289.0
305.0
246.0
255.0
276.0
239.0
290.0
261.0
269.0
284.0
243.0
252.0
287.0
238.0
276.0
295.0
239.0
295.0
286.0
278.0
278.0
247.0
293.0
415.0
296.0
283.0
305.0
301.0
285.0
303.0
316.0
264.0
327.0
327.0
242.0
284.0
297.0
244.0
272.0
314.0
329.0
268.0
305.0
284.0
317.0
291.0
243.0
253.0
227.0
258.0
258.0
247.0
288.0
283.0
259.0
245.0
253.0
246.0
254.0
256.0
236.0
276.0
273.0
278.0
264.0
297.0
267.0
299.0
250.0
252.0
313.0
261.0
306.0
245.0
247.0
239.0
297.0
276.0
292.0
317.0
282.0
263.0
280.0
248.0
305.0
254.0
297.0
241.0
284.0
325.0
235.0
252.0
298.0
266.0
250.0
272.0
319.0
234.0
295.0
246.0
257.0
243.0
280.0
272.0
235.0
361.0
273.0
282.0
243.0
322.0
255.0
342.0
257.0
268.0
250.0
387.0
269.0
253.0
265.0
294.0
222.0
269.0
244.0
351.0
309.0
303.0
287.0
267.0
263.0
294.0
276.0
300.0
257.0
320.0
368.0
275.0
357.0
274.0
383.0
269.0
290.0
261.0
242.0
273.0
276.0
265.0
257.0
