299.0
277.0
223.0
257.0
268.0
248.0
278.0
252.0
235.0
283.0
285.0
271.0
249.0
304.0
252.0
254.0
283.0
299.0
277.0
314.0
264.0
234.0
284.0
242.0
245.0
250.0
265.0
256.0
251.0
245.0
284.0
268.0
271.0
245.0
300.0
243.0
326.0
274.0
281.0
290.0
298.0
253.0
260.0
241.0
281.0
277.0
271.0
257.0
258.0
213.0
251.0
298.0
254.0
273.0
280.0
294.0
253.0
223.0
289.0
252.0
265.0
247.0
247.0
306.0
242.0
260.0
289.0
252.0
255.0
321.0
231.0
306.0
273.0
320.0
270.0
251.0
229.0
274.0
255.0
264.0
267.0
245.0
266.0
274.0
262.0
303.0
278.0
209.0
264.0
212.0
241.0
271.0
234.0
264.0
260.0
253.0
250.0
273.0
289.0
240.0
250.0
264.0
270.0
251.0
255.0
261.0
268.0
281.0
240.0
271.0
226.0
269.0
322.0
269.0
280.0
243.0
246.0
239.0
259.0
250.0
288.0
241.0
239.0
274.0
240.0
251.0
239.0
307.0
278.0
305.0
267.0
251.0
227.0
253.0
250.0
231.0
285.0
300.0
264.0
276.0
256.0
299.0
267.0
282.0
278.0
247.0
262.0
333.0
250.0
283.0
247.0
270.0
255.0
254.0
248.0
253.0
254.0
260.0
232.0
269.0
245.0
252.0
281.0
222.0
240.0
234.0
222.0
228.0
292.0
253.0
260.0
240.0
263.0
237.0
233.0
250.0
278.0
238.0
253.0
274.0
281.0
240.0
287.0
246.0
300.0
253.0
252.0
244.0
282.0
279.0
244.0
277.0
294.0
277.0
314.0
267.0
248.0
247.0
232.0
243.0
