258.0
238.0
228.0
256.0
332.0
307.0
255.0
258.0
294.0
294.0
246.0
261.0
293.0
297.0
271.0
269.0
344.0
301.0
243.0
245.0
246.0
298.0
282.0
345.0
254.0
266.0
258.0
294.0
277.0
275.0
323.0
288.0
269.0
305.0
273.0
253.0
258.0
294.0
365.0
278.0
335.0
236.0
262.0
257.0
247.0
267.0
320.0
287.0
243.0
269.0
289.0
296.0
284.0
249.0
289.0
264.0
287.0
271.0
265.0
306.0
236.0
281.0
304.0
252.0
258.0
250.0
258.0
284.0
241.0
291.0
245.0
241.0
259.0
252.0
231.0
250.0
235.0
236.0
304.0
334.0
284.0
243.0
284.0
277.0
244.0
264.0
272.0
278.0
290.0
251.0
280.0
281.0
221.0
300.0
302.0
272.0
264.0
281.0
275.0
354.0
268.0
263.0
281.0
252.0
290.0
251.0
253.0
276.0
312.0
236.0
294.0
256.0
276.0
302.0
250.0
272.0
256.0
233.0
263.0
253.0
328.0
255.0
348.0
249.0
252.0
289.0
260.0
238.0
259.0
268.0
249.0
345.0
256.0
259.0
252.0
254.0
287.0
276.0
326.0
252.0
254.0
234.0
278.0
294.0
261.0
284.0
282.0
225.0
244.0
277.0
273.0
254.0
290.0
278.0
318.0
279.0
266.0
315.0
369.0
304.0
288.0
230.0
241.0
253.0
257.0
240.0
259.0
261.0
345.0
264.0
281.0
254.0
343.0
281.0
290.0
267.0
455.0
298.0
251.0
339.0
291.0
247.0
358.0
310.0
260.0
270.0
279.0
268.0
283.0
301.0
295.0
272.0
292.0
265.0
268.0
252.0
294.0
292.0
269.0
395.0
