144.0
138.0
134.0
130.0
172.0
165.0
186.0
163.0
133.0
148.0
152.0
131.0
125.0
144.0
127.0
154.0
142.0
125.0
144.0
169.0
138.0
133.0
213.0
154.0
205.0
161.0
169.0
140.0
151.0
126.0
140.0
142.0
252.0
171.0
168.0
173.0
170.0
166.0
155.0
159.0
141.0
146.0
149.0
143.0
153.0
126.0
150.0
174.0
161.0
170.0
153.0
152.0
155.0
145.0
142.0
131.0
208.0
154.0
157.0
157.0
213.0
130.0
197.0
195.0
138.0
155.0
170.0
149.0
158.0
174.0
150.0
159.0
162.0
158.0
133.0
147.0
138.0
146.0
150.0
153.0
153.0
132.0
139.0
155.0
149.0
157.0
152.0
145.0
157.0
164.0
164.0
157.0
155.0
167.0
168.0
165.0
151.0
153.0
173.0
146.0
147.0
152.0
173.0
158.0
170.0
149.0
140.0
149.0
149.0
142.0
207.0
153.0
183.0
130.0
161.0
185.0
139.0
152.0
157.0
162.0
140.0
172.0
148.0
218.0
228.0
157.0
149.0
130.0
130.0
145.0
139.0
158.0
151.0
169.0
157.0
146.0
161.0
151.0
156.0
148.0
143.0
147.0
129.0
174.0
139.0
144.0
142.0
145.0
165.0
184.0
147.0
133.0
134.0
158.0
148.0
173.0
137.0
136.0
147.0
149.0
159.0
151.0
143.0
175.0
153.0
152.0
158.0
154.0
185.0
140.0
126.0
151.0
153.0
137.0
140.0
153.0
151.0
131.0
153.0
202.0
132.0
167.0
162.0
143.0
166.0
173.0
164.0
133.0
156.0
137.0
171.0
149.0
142.0
156.0
161.0
148.0
144.0
155.0
154.0
153.0
