373.0
418.0
347.0
365.0
320.0
356.0
346.0
319.0
224.0
219.0
171.0
214.0
212.0
265.0
249.0
237.0
217.0
208.0
199.0
158.0
189.0
258.0
219.0
236.0
234.0
206.0
194.0
153.0
239.0
228.0
216.0
178.0
209.0
227.0
189.0
205.0
272.0
262.0
295.0
296.0
324.0
346.0
259.0
285.0
316.0
377.0
318.0
301.0
254.0
287.0
447.0
402.0
348.0
323.0
230.0
343.0
341.0
377.0
425.0
333.0
517.0
514.0
585.0
615.0
514.0
500.0
356.0
374.0
362.0
306.0
357.0
372.0
326.0
405.0
439.0
367.0
401.0
317.0
299.0
290.0
249.0
216.0
223.0
238.0
338.0
484.0
499.0
457.0
446.0
567.0
443.0
481.0
444.0
443.0
488.0
543.0
528.0
522.0
469.0
418.0
407.0
494.0
439.0
520.0
476.0
524.0
538.0
541.0
529.0
636.0
601.0
611.0
506.0
472.0
572.0
761.0
617.0
576.0
787.0
862.0
676.0
659.0
704.0
804.0
768.0
797.0
668.0
730.0
731.0
653.0
842.0
807.0
864.0
874.0
734.0
814.0
834.0
789.0
853.0
914.0
791.0
758.0
769.0
703.0
588.0
617.0
565.0
536.0
502.0
506.0
486.0
540.0
632.0
654.0
681.0
705.0
742.0
747.0
668.0
685.0
647.0
730.0
646.0
640.0
796.0
805.0
857.0
751.0
757.0
704.0
660.0
677.0
587.0
480.0
373.0
323.0
310.0
312.0
302.0
245.0
229.0
183.0
180.0
212.0
153.0
156.0
178.0
170.0
252.0
239.0
212.0
212.0
224.0
187.0
172.0
240.0
241.0
252.0
221.0
257.0
