156.0
145.0
196.0
154.0
181.0
179.0
222.0
187.0
180.0
134.0
244.0
193.0
283.0
195.0
157.0
219.0
172.0
249.0
212.0
157.0
174.0
243.0
206.0
162.0
162.0
178.0
189.0
181.0
167.0
163.0
185.0
221.0
182.0
164.0
162.0
198.0
239.0
173.0
150.0
192.0
177.0
157.0
168.0
178.0
163.0
187.0
166.0
167.0
144.0
193.0
195.0
164.0
185.0
217.0
163.0
133.0
166.0
150.0
183.0
173.0
186.0
161.0
154.0
203.0
151.0
165.0
150.0
139.0
146.0
183.0
180.0
178.0
153.0
234.0
193.0
169.0
321.0
206.0
168.0
179.0
164.0
189.0
178.0
166.0
169.0
190.0
210.0
146.0
151.0
191.0
242.0
178.0
181.0
176.0
169.0
194.0
201.0
141.0
177.0
188.0
147.0
150.0
179.0
160.0
134.0
189.0
166.0
142.0
196.0
182.0
208.0
317.0
198.0
184.0
138.0
182.0
160.0
153.0
209.0
159.0
197.0
170.0
228.0
153.0
157.0
180.0
188.0
167.0
191.0
177.0
175.0
158.0
164.0
185.0
172.0
193.0
201.0
251.0
183.0
158.0
162.0
153.0
234.0
193.0
172.0
201.0
172.0
156.0
161.0
157.0
160.0
183.0
203.0
172.0
164.0
199.0
184.0
184.0
167.0
245.0
152.0
177.0
192.0
183.0
183.0
173.0
240.0
168.0
207.0
179.0
151.0
144.0
213.0
206.0
173.0
218.0
190.0
251.0
159.0
196.0
166.0
174.0
203.0
174.0
226.0
211.0
165.0
179.0
219.0
159.0
144.0
186.0
144.0
248.0
166.0
153.0
133.0
218.0
170.0
213.0
