269.0
251.0
235.0
224.0
249.0
254.0
287.0
275.0
239.0
261.0
237.0
237.0
240.0
295.0
265.0
266.0
234.0
227.0
289.0
274.0
229.0
206.0
215.0
288.0
240.0
259.0
222.0
295.0
254.0
266.0
273.0
248.0
296.0
273.0
226.0
232.0
261.0
297.0
265.0
245.0
210.0
231.0
288.0
277.0
260.0
260.0
239.0
220.0
254.0
281.0
261.0
300.0
254.0
256.0
305.0
250.0
236.0
254.0
230.0
255.0
251.0
284.0
237.0
252.0
303.0
293.0
239.0
220.0
227.0
326.0
235.0
256.0
283.0
254.0
230.0
243.0
290.0
229.0
265.0
225.0
337.0
248.0
262.0
254.0
230.0
295.0
269.0
317.0
254.0
341.0
262.0
302.0
291.0
244.0
225.0
239.0
251.0
276.0
260.0
286.0
230.0
309.0
262.0
236.0
235.0
219.0
282.0
236.0
266.0
245.0
235.0
245.0
267.0
274.0
254.0
264.0
243.0
319.0
254.0
249.0
379.0
281.0
251.0
233.0
277.0
296.0
278.0
269.0
258.0
283.0
243.0
249.0
262.0
278.0
262.0
236.0
272.0
253.0
264.0
276.0
266.0
268.0
267.0
241.0
243.0
208.0
290.0
256.0
282.0
220.0
254.0
275.0
301.0
249.0
219.0
265.0
271.0
296.0
248.0
249.0
261.0
231.0
260.0
268.0
257.0
263.0
249.0
280.0
237.0
247.0
245.0
242.0
264.0
225.0
278.0
252.0
285.0
236.0
260.0
261.0
291.0
263.0
337.0
260.0
239.0
260.0
237.0
230.0
248.0
309.0
264.0
268.0
284.0
290.0
221.0
237.0
246.0
252.0
253.0
265.0
