209.0
268.0
286.0
274.0
285.0
297.0
276.0
210.0
284.0
292.0
230.0
237.0
272.0
271.0
233.0
261.0
342.0
327.0
289.0
224.0
249.0
224.0
248.0
380.0
230.0
272.0
271.0
277.0
282.0
262.0
255.0
280.0
222.0
236.0
252.0
254.0
260.0
263.0
215.0
254.0
307.0
241.0
239.0
265.0
260.0
235.0
246.0
262.0
278.0
230.0
249.0
277.0
257.0
246.0
273.0
227.0
255.0
239.0
249.0
245.0
267.0
229.0
239.0
242.0
253.0
256.0
254.0
235.0
267.0
279.0
256.0
239.0
299.0
272.0
277.0
286.0
280.0
280.0
268.0
299.0
262.0
223.0
243.0
213.0
236.0
238.0
311.0
277.0
276.0
251.0
277.0
268.0
257.0
239.0
265.0
251.0
265.0
291.0
332.0
233.0
271.0
277.0
229.0
239.0
233.0
259.0
228.0
246.0
224.0
250.0
271.0
303.0
233.0
273.0
215.0
255.0
261.0
255.0
299.0
246.0
223.0
221.0
276.0
229.0
243.0
282.0
276.0
260.0
264.0
246.0
263.0
258.0
246.0
248.0
246.0
263.0
260.0
254.0
328.0
265.0
282.0
356.0
222.0
271.0
299.0
279.0
230.0
219.0
302.0
284.0
286.0
256.0
251.0
240.0
237.0
242.0
300.0
213.0
266.0
358.0
230.0
255.0
233.0
250.0
254.0
255.0
268.0
286.0
288.0
236.0
325.0
250.0
279.0
259.0
250.0
245.0
270.0
357.0
277.0
224.0
240.0
266.0
258.0
229.0
249.0
236.0
273.0
248.0
223.0
267.0
207.0
229.0
282.0
256.0
231.0
228.0
225.0
228.0
261.0
290.0
