128.0
144.0
162.0
189.0
158.0
130.0
125.0
128.0
125.0
147.0
150.0
160.0
141.0
152.0
140.0
141.0
136.0
161.0
170.0
169.0
143.0
144.0
161.0
131.0
145.0
154.0
159.0
140.0
142.0
149.0
153.0
139.0
140.0
149.0
145.0
141.0
143.0
149.0
129.0
149.0
145.0
143.0
144.0
162.0
173.0
138.0
158.0
132.0
152.0
144.0
141.0
137.0
152.0
157.0
144.0
134.0
145.0
133.0
137.0
141.0
131.0
142.0
151.0
144.0
144.0
152.0
127.0
130.0
129.0
145.0
149.0
151.0
145.0
137.0
157.0
131.0
136.0
130.0
164.0
132.0
144.0
135.0
166.0
151.0
134.0
136.0
133.0
141.0
136.0
157.0
161.0
150.0
157.0
135.0
146.0
141.0
165.0
173.0
153.0
141.0
138.0
149.0
148.0
141.0
133.0
166.0
137.0
158.0
145.0
129.0
138.0
143.0
137.0
135.0
147.0
140.0
129.0
130.0
141.0
134.0
130.0
152.0
144.0
149.0
147.0
142.0
130.0
154.0
163.0
146.0
152.0
171.0
151.0
149.0
150.0
149.0
159.0
169.0
150.0
142.0
188.0
149.0
134.0
149.0
134.0
152.0
148.0
127.0
155.0
148.0
140.0
151.0
147.0
140.0
158.0
132.0
136.0
129.0
130.0
147.0
126.0
128.0
164.0
173.0
144.0
156.0
145.0
161.0
152.0
143.0
156.0
127.0
150.0
128.0
153.0
154.0
203.0
175.0
141.0
148.0
152.0
166.0
152.0
159.0
145.0
131.0
145.0
153.0
176.0
133.0
135.0
156.0
171.0
169.0
169.0
133.0
137.0
146.0
125.0
137.0
