341.0
297.0
221.0
251.0
255.0
261.0
241.0
357.0
244.0
237.0
336.0
273.0
279.0
270.0
259.0
334.0
247.0
272.0
301.0
376.0
232.0
352.0
256.0
267.0
327.0
377.0
369.0
405.0
241.0
251.0
271.0
380.0
264.0
245.0
247.0
254.0
267.0
267.0
251.0
227.0
249.0
290.0
275.0
265.0
306.0
316.0
277.0
257.0
245.0
266.0
281.0
294.0
281.0
307.0
267.0
294.0
262.0
270.0
280.0
263.0
275.0
271.0
335.0
247.0
367.0
267.0
247.0
279.0
237.0
233.0
251.0
259.0
240.0
300.0
292.0
284.0
230.0
290.0
255.0
245.0
257.0
298.0
298.0
297.0
262.0
326.0
264.0
274.0
265.0
293.0
280.0
262.0
288.0
237.0
258.0
354.0
276.0
232.0
307.0
280.0
307.0
266.0
294.0
262.0
253.0
310.0
255.0
284.0
247.0
296.0
243.0
302.0
281.0
252.0
255.0
226.0
242.0
258.0
262.0
247.0
252.0
319.0
251.0
268.0
273.0
246.0
254.0
303.0
248.0
281.0
290.0
259.0
235.0
272.0
275.0
304.0
268.0
239.0
255.0
261.0
303.0
267.0
270.0
262.0
288.0
257.0
310.0
261.0
253.0
280.0
312.0
252.0
236.0
311.0
276.0
238.0
283.0
268.0
277.0
321.0
240.0
277.0
319.0
286.0
311.0
236.0
251.0
311.0
242.0
268.0
244.0
256.0
268.0
315.0
307.0
269.0
294.0
292.0
262.0
286.0
326.0
308.0
233.0
266.0
273.0
273.0
226.0
260.0
274.0
323.0
244.0
267.0
282.0
294.0
285.0
292.0
279.0
265.0
254.0
283.0
