291.0
288.0
272.0
282.0
266.0
272.0
298.0
262.0
229.0
254.0
254.0
249.0
276.0
341.0
279.0
289.0
270.0
253.0
300.0
276.0
302.0
259.0
280.0
272.0
244.0
270.0
277.0
276.0
280.0
255.0
246.0
266.0
260.0
311.0
277.0
241.0
275.0
282.0
246.0
273.0
280.0
349.0
305.0
288.0
268.0
235.0
264.0
276.0
294.0
291.0
263.0
299.0
259.0
250.0
294.0
277.0
232.0
275.0
279.0
238.0
242.0
349.0
254.0
263.0
281.0
271.0
269.0
345.0
297.0
269.0
235.0
264.0
268.0
273.0
366.0
279.0
273.0
264.0
253.0
275.0
263.0
256.0
266.0
258.0
268.0
302.0
287.0
276.0
253.0
247.0
335.0
287.0
274.0
249.0
279.0
326.0
247.0
258.0
279.0
249.0
307.0
252.0
276.0
268.0
326.0
263.0
258.0
274.0
295.0
278.0
249.0
241.0
286.0
279.0
281.0
276.0
264.0
229.0
321.0
365.0
277.0
263.0
284.0
318.0
408.0
290.0
249.0
283.0
325.0
261.0
369.0
261.0
264.0
302.0
318.0
257.0
295.0
280.0
284.0
261.0
260.0
262.0
268.0
256.0
253.0
271.0
295.0
267.0
224.0
296.0
312.0
364.0
278.0
280.0
302.0
263.0
298.0
299.0
272.0
270.0
291.0
252.0
270.0
263.0
270.0
325.0
295.0
282.0
284.0
282.0
393.0
257.0
287.0
270.0
295.0
287.0
228.0
287.0
369.0
243.0
269.0
282.0
246.0
240.0
327.0
275.0
225.0
286.0
287.0
268.0
333.0
280.0
248.0
277.0
230.0
296.0
286.0
269.0
306.0
267.0
