149.0
169.0
170.0
189.0
144.0
151.0
157.0
158.0
154.0
157.0
158.0
156.0
140.0
169.0
148.0
204.0
145.0
155.0
157.0
164.0
176.0
129.0
157.0
143.0
217.0
155.0
173.0
175.0
195.0
149.0
137.0
136.0
160.0
225.0
179.0
148.0
156.0
176.0
194.0
143.0
164.0
147.0
177.0
196.0
147.0
181.0
163.0
133.0
221.0
173.0
130.0
158.0
230.0
182.0
149.0
168.0
146.0
148.0
148.0
132.0
162.0
159.0
140.0
192.0
130.0
173.0
162.0
166.0
138.0
149.0
150.0
175.0
136.0
151.0
155.0
183.0
168.0
140.0
151.0
181.0
191.0
268.0
158.0
143.0
149.0
167.0
171.0
178.0
131.0
151.0
141.0
160.0
148.0
146.0
152.0
309.0
186.0
137.0
164.0
151.0
152.0
164.0
158.0
165.0
142.0
156.0
161.0
214.0
142.0
182.0
191.0
120.0
135.0
148.0
171.0
154.0
159.0
192.0
153.0
166.0
155.0
174.0
139.0
146.0
164.0
142.0
174.0
154.0
157.0
245.0
197.0
237.0
222.0
176.0
158.0
154.0
198.0
164.0
146.0
148.0
224.0
174.0
148.0
183.0
170.0
177.0
169.0
161.0
322.0
145.0
188.0
174.0
133.0
136.0
165.0
126.0
138.0
240.0
144.0
147.0
191.0
169.0
159.0
151.0
184.0
171.0
216.0
160.0
140.0
178.0
171.0
179.0
171.0
190.0
175.0
174.0
143.0
184.0
182.0
178.0
154.0
144.0
191.0
128.0
162.0
167.0
168.0
150.0
173.0
145.0
163.0
154.0
140.0
169.0
194.0
165.0
138.0
155.0
212.0
239.0
