143.0
149.0
133.0
151.0
135.0
147.0
164.0
209.0
134.0
146.0
129.0
142.0
131.0
147.0
154.0
159.0
155.0
139.0
151.0
148.0
143.0
145.0
146.0
143.0
175.0
156.0
138.0
159.0
133.0
152.0
144.0
138.0
156.0
134.0
157.0
134.0
129.0
174.0
145.0
141.0
152.0
140.0
144.0
133.0
143.0
144.0
134.0
130.0
164.0
150.0
145.0
156.0
127.0
137.0
146.0
131.0
139.0
147.0
135.0
162.0
151.0
135.0
134.0
157.0
150.0
156.0
145.0
137.0
173.0
153.0
140.0
137.0
145.0
140.0
145.0
133.0
150.0
158.0
129.0
172.0
149.0
129.0
151.0
140.0
130.0
142.0
144.0
140.0
131.0
148.0
144.0
190.0
152.0
148.0
121.0
167.0
148.0
148.0
146.0
153.0
162.0
124.0
149.0
140.0
148.0
128.0
136.0
154.0
140.0
138.0
134.0
132.0
122.0
130.0
149.0
130.0
128.0
175.0
154.0
155.0
161.0
125.0
128.0
165.0
145.0
130.0
177.0
141.0
140.0
124.0
146.0
133.0
132.0
158.0
176.0
170.0
151.0
146.0
160.0
133.0
124.0
146.0
120.0
142.0
153.0
166.0
146.0
149.0
144.0
157.0
138.0
145.0
139.0
140.0
163.0
188.0
128.0
168.0
156.0
121.0
149.0
132.0
136.0
167.0
136.0
188.0
129.0
123.0
147.0
164.0
141.0
150.0
147.0
155.0
140.0
136.0
133.0
137.0
152.0
128.0
134.0
137.0
155.0
132.0
143.0
131.0
313.0
136.0
158.0
142.0
166.0
149.0
147.0
123.0
150.0
168.0
154.0
127.0
144.0
161.0
