162.0
149.0
174.0
143.0
223.0
178.0
274.0
177.0
168.0
154.0
307.0
304.0
316.0
262.0
171.0
170.0
189.0
163.0
159.0
199.0
168.0
158.0
166.0
138.0
210.0
185.0
259.0
163.0
158.0
176.0
194.0
189.0
226.0
145.0
184.0
394.0
247.0
221.0
209.0
182.0
182.0
193.0
152.0
151.0
156.0
166.0
193.0
236.0
153.0
145.0
174.0
153.0
236.0
163.0
175.0
199.0
195.0
188.0
185.0
172.0
166.0
149.0
155.0
185.0
162.0
235.0
199.0
163.0
211.0
293.0
238.0
210.0
146.0
200.0
180.0
157.0
174.0
177.0
188.0
153.0
166.0
250.0
239.0
166.0
185.0
196.0
165.0
167.0
198.0
183.0
153.0
186.0
202.0
148.0
154.0
202.0
217.0
134.0
155.0
186.0
170.0
147.0
196.0
178.0
199.0
148.0
231.0
194.0
221.0
154.0
195.0
227.0
157.0
162.0
199.0
146.0
211.0
242.0
176.0
172.0
197.0
216.0
159.0
174.0
213.0
211.0
160.0
223.0
204.0
161.0
179.0
230.0
164.0
171.0
157.0
174.0
179.0
185.0
168.0
171.0
158.0
160.0
180.0
174.0
193.0
203.0
166.0
166.0
189.0
177.0
163.0
176.0
209.0
192.0
177.0
260.0
201.0
155.0
190.0
165.0
172.0
193.0
213.0
226.0
167.0
171.0
158.0
298.0
207.0
215.0
208.0
154.0
148.0
176.0
183.0
157.0
177.0
159.0
172.0
197.0
169.0
168.0
159.0
186.0
270.0
188.0
177.0
151.0
169.0
162.0
166.0
166.0
210.0
210.0
263.0
202.0
182.0
178.0
238.0
191.0
