251.0
130.0
156.0
161.0
176.0
164.0
159.0
166.0
166.0
168.0
153.0
137.0
182.0
135.0
168.0
139.0
160.0
167.0
148.0
156.0
193.0
152.0
158.0
150.0
135.0
143.0
146.0
200.0
150.0
160.0
180.0
154.0
136.0
164.0
151.0
225.0
163.0
140.0
159.0
162.0
162.0
175.0
217.0
154.0
174.0
162.0
180.0
135.0
159.0
136.0
161.0
155.0
192.0
159.0
141.0
149.0
169.0
171.0
143.0
160.0
129.0
187.0
160.0
148.0
167.0
171.0
203.0
129.0
164.0
151.0
236.0
212.0
171.0
157.0
197.0
243.0
130.0
137.0
139.0
339.0
175.0
157.0
148.0
156.0
188.0
155.0
154.0
154.0
128.0
158.0
159.0
138.0
154.0
213.0
165.0
217.0
167.0
149.0
137.0
164.0
142.0
175.0
169.0
199.0
140.0
149.0
157.0
117.0
153.0
152.0
156.0
141.0
159.0
169.0
248.0
150.0
173.0
173.0
170.0
140.0
150.0
152.0
149.0
160.0
153.0
148.0
138.0
144.0
159.0
156.0
167.0
143.0
149.0
157.0
138.0
211.0
135.0
165.0
161.0
192.0
130.0
193.0
163.0
164.0
146.0
169.0
143.0
164.0
149.0
187.0
143.0
143.0
139.0
158.0
134.0
150.0
154.0
193.0
173.0
149.0
148.0
149.0
132.0
187.0
145.0
177.0
243.0
189.0
146.0
144.0
151.0
167.0
144.0
151.0
157.0
169.0
147.0
141.0
144.0
198.0
182.0
174.0
153.0
205.0
140.0
141.0
140.0
161.0
185.0
154.0
177.0
155.0
160.0
169.0
155.0
133.0
163.0
128.0
182.0
161.0
