329.0
275.0
247.0
267.0
295.0
256.0
288.0
256.0
263.0
277.0
279.0
278.0
258.0
291.0
272.0
267.0
266.0
294.0
272.0
243.0
256.0
255.0
243.0
315.0
283.0
323.0
280.0
265.0
306.0
308.0
294.0
317.0
244.0
282.0
275.0
248.0
314.0
260.0
255.0
237.0
293.0
307.0
273.0
322.0
350.0
277.0
246.0
273.0
278.0
306.0
287.0
260.0
273.0
236.0
378.0
320.0
247.0
254.0
267.0
258.0
264.0
247.0
296.0
295.0
314.0
271.0
319.0
298.0
238.0
280.0
295.0
319.0
259.0
402.0
279.0
285.0
315.0
291.0
295.0
232.0
279.0
301.0
318.0
280.0
276.0
292.0
259.0
262.0
264.0
238.0
256.0
306.0
275.0
264.0
273.0
284.0
284.0
383.0
315.0
295.0
241.0
308.0
243.0
241.0
277.0
256.0
276.0
291.0
264.0
275.0
290.0
264.0
275.0
275.0
289.0
276.0
242.0
233.0
302.0
274.0
271.0
265.0
256.0
307.0
232.0
234.0
219.0
313.0
294.0
301.0
277.0
258.0
273.0
287.0
293.0
330.0
295.0
272.0
246.0
304.0
226.0
370.0
267.0
276.0
274.0
283.0
333.0
322.0
240.0
300.0
377.0
310.0
288.0
277.0
256.0
253.0
297.0
286.0
274.0
248.0
359.0
262.0
245.0
323.0
247.0
249.0
279.0
268.0
272.0
261.0
233.0
309.0
240.0
259.0
341.0
249.0
241.0
269.0
268.0
236.0
255.0
268.0
267.0
299.0
288.0
327.0
296.0
277.0
300.0
259.0
246.0
332.0
264.0
249.0
318.0
307.0
295.0
249.0
269.0
278.0
