243.0
261.0
237.0
275.0
233.0
283.0
265.0
250.0
264.0
261.0
238.0
244.0
246.0
277.0
221.0
270.0
233.0
302.0
228.0
235.0
277.0
264.0
210.0
261.0
259.0
259.0
210.0
232.0
275.0
239.0
296.0
249.0
261.0
275.0
251.0
254.0
231.0
244.0
252.0
242.0
259.0
262.0
254.0
251.0
284.0
234.0
260.0
259.0
250.0
257.0
336.0
249.0
225.0
279.0
257.0
344.0
325.0
243.0
272.0
274.0
263.0
279.0
221.0
258.0
256.0
353.0
227.0
235.0
258.0
268.0
254.0
317.0
273.0
247.0
277.0
257.0
298.0
232.0
240.0
245.0
260.0
257.0
268.0
266.0
239.0
236.0
258.0
315.0
249.0
317.0
258.0
229.0
331.0
218.0
229.0
238.0
234.0
254.0
280.0
261.0
241.0
238.0
254.0
282.0
304.0
261.0
279.0
215.0
237.0
285.0
292.0
231.0
271.0
241.0
240.0
247.0
255.0
268.0
257.0
244.0
252.0
258.0
245.0
225.0
270.0
266.0
301.0
292.0
255.0
322.0
248.0
232.0
244.0
236.0
245.0
264.0
274.0
315.0
224.0
307.0
238.0
295.0
221.0
244.0
246.0
261.0
265.0
266.0
243.0
255.0
273.0
273.0
307.0
217.0
274.0
253.0
326.0
230.0
263.0
311.0
249.0
229.0
269.0
301.0
338.0
253.0
282.0
256.0
258.0
216.0
233.0
249.0
271.0
240.0
228.0
232.0
273.0
232.0
257.0
289.0
260.0
234.0
214.0
235.0
256.0
269.0
281.0
238.0
253.0
285.0
239.0
272.0
231.0
243.0
239.0
265.0
255.0
309.0
231.0
266.0
