230.0
280.0
255.0
285.0
292.0
270.0
362.0
270.0
198.0
216.0
284.0
238.0
287.0
277.0
192.0
182.0
192.0
164.0
214.0
167.0
197.0
262.0
199.0
157.0
150.0
160.0
206.0
220.0
192.0
202.0
188.0
183.0
321.0
273.0
200.0
191.0
204.0
219.0
208.0
196.0
222.0
309.0
328.0
331.0
349.0
402.0
360.0
373.0
336.0
306.0
266.0
261.0
300.0
235.0
254.0
252.0
274.0
267.0
245.0
231.0
227.0
170.0
185.0
197.0
307.0
300.0
297.0
338.0
322.0
316.0
283.0
202.0
184.0
231.0
204.0
392.0
346.0
431.0
370.0
339.0
339.0
382.0
320.0
314.0
273.0
298.0
237.0
229.0
242.0
301.0
206.0
204.0
219.0
164.0
210.0
185.0
141.0
193.0
232.0
284.0
224.0
220.0
190.0
227.0
204.0
203.0
233.0
226.0
216.0
241.0
204.0
244.0
228.0
228.0
170.0
221.0
168.0
238.0
188.0
169.0
189.0
216.0
183.0
216.0
247.0
259.0
215.0
218.0
268.0
436.0
482.0
369.0
376.0
350.0
315.0
317.0
254.0
274.0
289.0
330.0
236.0
216.0
260.0
300.0
280.0
235.0
195.0
209.0
238.0
191.0
198.0
196.0
204.0
188.0
237.0
236.0
185.0
224.0
213.0
205.0
224.0
178.0
273.0
227.0
227.0
209.0
208.0
172.0
182.0
403.0
465.0
319.0
323.0
259.0
204.0
362.0
417.0
405.0
363.0
403.0
373.0
450.0
410.0
362.0
318.0
290.0
276.0
221.0
237.0
310.0
244.0
249.0
183.0
198.0
176.0
197.0
226.0
350.0
261.0
212.0
