259.0
237.0
268.0
267.0
260.0
255.0
245.0
255.0
245.0
279.0
247.0
263.0
258.0
224.0
335.0
277.0
230.0
220.0
279.0
226.0
251.0
282.0
241.0
305.0
260.0
227.0
286.0
262.0
253.0
248.0
238.0
239.0
229.0
241.0
255.0
218.0
238.0
269.0
282.0
263.0
238.0
276.0
251.0
285.0
257.0
278.0
276.0
252.0
276.0
196.0
260.0
245.0
230.0
309.0
239.0
243.0
253.0
259.0
277.0
280.0
246.0
284.0
257.0
292.0
252.0
219.0
266.0
287.0
262.0
299.0
252.0
219.0
282.0
228.0
257.0
258.0
268.0
275.0
276.0
270.0
256.0
261.0
319.0
276.0
269.0
289.0
260.0
282.0
263.0
235.0
340.0
256.0
261.0
237.0
263.0
319.0
254.0
270.0
250.0
250.0
253.0
274.0
286.0
228.0
316.0
245.0
292.0
257.0
281.0
277.0
258.0
250.0
294.0
267.0
258.0
260.0
260.0
298.0
231.0
272.0
243.0
301.0
244.0
279.0
314.0
275.0
261.0
254.0
279.0
265.0
229.0
288.0
249.0
255.0
274.0
270.0
295.0
250.0
250.0
210.0
238.0
364.0
224.0
252.0
265.0
277.0
236.0
285.0
277.0
254.0
241.0
249.0
255.0
233.0
278.0
271.0
258.0
283.0
258.0
308.0
276.0
215.0
254.0
234.0
271.0
276.0
278.0
302.0
243.0
269.0
312.0
245.0
228.0
260.0
268.0
275.0
304.0
266.0
277.0
242.0
265.0
269.0
252.0
250.0
269.0
266.0
286.0
280.0
248.0
274.0
253.0
259.0
337.0
269.0
253.0
257.0
260.0
280.0
274.0
255.0
