219.0
157.0
158.0
135.0
157.0
162.0
134.0
166.0
149.0
139.0
160.0
142.0
140.0
164.0
149.0
133.0
151.0
311.0
153.0
268.0
148.0
155.0
131.0
164.0
156.0
150.0
146.0
152.0
143.0
159.0
158.0
161.0
129.0
160.0
125.0
144.0
165.0
149.0
146.0
137.0
150.0
156.0
143.0
162.0
187.0
174.0
153.0
127.0
128.0
158.0
207.0
163.0
134.0
161.0
145.0
143.0
178.0
164.0
143.0
148.0
146.0
138.0
147.0
148.0
143.0
156.0
140.0
156.0
170.0
140.0
136.0
163.0
151.0
160.0
145.0
146.0
146.0
167.0
153.0
146.0
140.0
140.0
140.0
154.0
150.0
169.0
149.0
156.0
196.0
135.0
131.0
148.0
141.0
167.0
193.0
155.0
167.0
145.0
153.0
144.0
166.0
157.0
158.0
141.0
153.0
172.0
192.0
134.0
134.0
125.0
151.0
124.0
142.0
170.0
193.0
131.0
133.0
146.0
167.0
150.0
155.0
123.0
157.0
201.0
154.0
254.0
189.0
161.0
141.0
168.0
143.0
178.0
149.0
127.0
133.0
141.0
162.0
158.0
130.0
146.0
160.0
151.0
144.0
149.0
157.0
161.0
152.0
176.0
176.0
159.0
165.0
157.0
143.0
161.0
148.0
151.0
177.0
140.0
163.0
156.0
136.0
142.0
167.0
211.0
176.0
173.0
153.0
139.0
143.0
144.0
150.0
158.0
150.0
137.0
192.0
169.0
129.0
164.0
142.0
156.0
133.0
152.0
140.0
149.0
148.0
149.0
179.0
135.0
172.0
145.0
151.0
153.0
196.0
166.0
180.0
132.0
146.0
140.0
145.0
135.0
