145.0
144.0
131.0
155.0
157.0
143.0
149.0
152.0
140.0
141.0
144.0
144.0
142.0
173.0
139.0
160.0
153.0
145.0
150.0
145.0
145.0
141.0
168.0
137.0
145.0
145.0
132.0
130.0
129.0
150.0
137.0
137.0
159.0
137.0
151.0
158.0
136.0
133.0
141.0
161.0
161.0
156.0
133.0
141.0
176.0
137.0
145.0
149.0
147.0
171.0
137.0
146.0
144.0
133.0
140.0
157.0
151.0
149.0
142.0
133.0
153.0
202.0
117.0
173.0
131.0
151.0
130.0
150.0
163.0
145.0
136.0
141.0
126.0
154.0
140.0
150.0
129.0
156.0
148.0
140.0
139.0
128.0
148.0
174.0
151.0
161.0
143.0
162.0
142.0
167.0
132.0
130.0
150.0
149.0
152.0
166.0
124.0
159.0
131.0
132.0
155.0
155.0
136.0
168.0
133.0
161.0
137.0
147.0
138.0
148.0
166.0
149.0
152.0
142.0
149.0
145.0
139.0
115.0
139.0
156.0
156.0
133.0
152.0
143.0
169.0
154.0
136.0
165.0
122.0
138.0
166.0
148.0
163.0
148.0
153.0
130.0
135.0
122.0
151.0
145.0
186.0
137.0
158.0
140.0
166.0
149.0
147.0
123.0
149.0
169.0
126.0
131.0
159.0
145.0
151.0
171.0
147.0
154.0
146.0
156.0
137.0
156.0
161.0
149.0
148.0
157.0
144.0
137.0
149.0
165.0
141.0
157.0
156.0
131.0
151.0
146.0
125.0
143.0
134.0
160.0
144.0
139.0
138.0
152.0
150.0
164.0
141.0
171.0
126.0
140.0
153.0
143.0
132.0
148.0
132.0
149.0
162.0
157.0
134.0
146.0
