255.0
226.0
243.0
267.0
243.0
270.0
237.0
266.0
237.0
265.0
257.0
231.0
272.0
295.0
244.0
249.0
271.0
233.0
238.0
276.0
238.0
253.0
268.0
274.0
281.0
349.0
238.0
251.0
261.0
232.0
213.0
266.0
260.0
301.0
273.0
246.0
273.0
257.0
279.0
264.0
298.0
270.0
280.0
234.0
257.0
249.0
254.0
284.0
228.0
245.0
262.0
233.0
289.0
243.0
271.0
270.0
261.0
284.0
266.0
251.0
234.0
235.0
270.0
265.0
339.0
247.0
284.0
255.0
237.0
303.0
242.0
287.0
250.0
260.0
259.0
276.0
321.0
293.0
243.0
244.0
276.0
255.0
235.0
291.0
277.0
240.0
314.0
260.0
255.0
244.0
270.0
357.0
243.0
294.0
275.0
275.0
281.0
228.0
263.0
269.0
237.0
232.0
239.0
321.0
238.0
278.0
263.0
288.0
228.0
249.0
268.0
250.0
297.0
260.0
221.0
264.0
265.0
253.0
255.0
292.0
267.0
267.0
268.0
265.0
278.0
282.0
274.0
285.0
232.0
243.0
261.0
229.0
307.0
243.0
255.0
244.0
328.0
356.0
268.0
238.0
273.0
227.0
313.0
244.0
301.0
279.0
227.0
282.0
289.0
263.0
242.0
259.0
296.0
302.0
293.0
278.0
257.0
336.0
238.0
281.0
267.0
282.0
298.0
277.0
234.0
272.0
300.0
293.0
233.0
286.0
248.0
324.0
237.0
236.0
254.0
268.0
278.0
245.0
246.0
258.0
269.0
250.0
310.0
281.0
260.0
232.0
243.0
237.0
229.0
285.0
252.0
269.0
241.0
278.0
233.0
250.0
255.0
326.0
261.0
257.0
