336.0
303.0
263.0
282.0
276.0
297.0
279.0
248.0
277.0
256.0
299.0
276.0
318.0
275.0
274.0
277.0
297.0
235.0
291.0
265.0
266.0
260.0
256.0
264.0
268.0
341.0
262.0
255.0
274.0
285.0
336.0
349.0
221.0
276.0
258.0
250.0
272.0
301.0
340.0
250.0
301.0
277.0
284.0
299.0
249.0
273.0
243.0
327.0
239.0
290.0
270.0
330.0
260.0
275.0
281.0
293.0
262.0
295.0
286.0
282.0
301.0
235.0
256.0
263.0
338.0
304.0
318.0
233.0
217.0
279.0
254.0
280.0
270.0
282.0
326.0
308.0
304.0
287.0
259.0
283.0
310.0
265.0
266.0
291.0
249.0
296.0
243.0
283.0
322.0
253.0
260.0
290.0
291.0
267.0
280.0
350.0
282.0
266.0
317.0
296.0
272.0
242.0
267.0
247.0
289.0
267.0
280.0
317.0
255.0
255.0
256.0
246.0
274.0
253.0
299.0
273.0
282.0
242.0
262.0
260.0
253.0
302.0
254.0
266.0
258.0
251.0
301.0
281.0
239.0
238.0
273.0
309.0
312.0
231.0
268.0
420.0
291.0
243.0
257.0
259.0
365.0
388.0
253.0
249.0
279.0
264.0
301.0
275.0
270.0
277.0
273.0
292.0
261.0
340.0
274.0
261.0
231.0
247.0
255.0
275.0
286.0
278.0
281.0
227.0
298.0
262.0
231.0
234.0
282.0
254.0
313.0
269.0
281.0
365.0
269.0
269.0
330.0
251.0
256.0
333.0
259.0
237.0
274.0
251.0
280.0
310.0
310.0
279.0
279.0
300.0
268.0
278.0
293.0
244.0
321.0
256.0
250.0
249.0
245.0
253.0
