314.0
268.0
233.0
304.0
232.0
262.0
266.0
271.0
325.0
260.0
250.0
247.0
278.0
312.0
248.0
252.0
239.0
265.0
241.0
262.0
244.0
293.0
325.0
279.0
279.0
315.0
320.0
249.0
251.0
271.0
310.0
275.0
288.0
254.0
241.0
302.0
266.0
256.0
265.0
261.0
312.0
287.0
314.0
304.0
275.0
268.0
280.0
219.0
303.0
326.0
306.0
310.0
249.0
254.0
296.0
245.0
288.0
244.0
278.0
227.0
272.0
237.0
314.0
303.0
259.0
273.0
247.0
334.0
258.0
248.0
245.0
237.0
308.0
217.0
264.0
282.0
265.0
232.0
224.0
236.0
321.0
264.0
257.0
309.0
280.0
349.0
249.0
240.0
312.0
278.0
322.0
281.0
324.0
261.0
349.0
271.0
284.0
272.0
264.0
259.0
305.0
307.0
307.0
288.0
284.0
248.0
275.0
231.0
270.0
247.0
258.0
310.0
277.0
269.0
269.0
308.0
277.0
303.0
253.0
278.0
268.0
307.0
268.0
263.0
303.0
261.0
245.0
267.0
282.0
324.0
254.0
281.0
285.0
284.0
357.0
271.0
309.0
270.0
307.0
296.0
258.0
278.0
322.0
285.0
273.0
314.0
394.0
272.0
245.0
298.0
273.0
243.0
282.0
291.0
315.0
257.0
293.0
254.0
301.0
273.0
291.0
280.0
268.0
257.0
284.0
283.0
316.0
364.0
246.0
280.0
312.0
262.0
261.0
296.0
269.0
248.0
294.0
267.0
328.0
276.0
332.0
265.0
301.0
325.0
327.0
315.0
380.0
259.0
310.0
272.0
301.0
252.0
314.0
284.0
325.0
286.0
331.0
296.0
273.0
265.0
