223.0
230.0
350.0
220.0
248.0
267.0
270.0
247.0
232.0
261.0
225.0
209.0
246.0
269.0
253.0
361.0
262.0
260.0
243.0
269.0
235.0
222.0
268.0
288.0
271.0
252.0
224.0
274.0
243.0
225.0
254.0
234.0
256.0
242.0
266.0
291.0
239.0
224.0
245.0
290.0
220.0
277.0
250.0
252.0
300.0
255.0
282.0
270.0
284.0
231.0
264.0
284.0
256.0
236.0
227.0
243.0
260.0
242.0
226.0
266.0
213.0
218.0
237.0
292.0
236.0
266.0
264.0
269.0
248.0
247.0
259.0
268.0
227.0
270.0
255.0
226.0
299.0
267.0
230.0
243.0
248.0
275.0
265.0
231.0
242.0
220.0
236.0
270.0
283.0
222.0
285.0
230.0
218.0
267.0
275.0
241.0
289.0
379.0
296.0
266.0
286.0
243.0
273.0
258.0
225.0
234.0
281.0
263.0
258.0
248.0
257.0
228.0
247.0
234.0
251.0
244.0
226.0
245.0
252.0
283.0
243.0
251.0
230.0
275.0
247.0
271.0
254.0
244.0
296.0
246.0
283.0
268.0
300.0
254.0
279.0
242.0
279.0
251.0
261.0
255.0
274.0
225.0
274.0
274.0
255.0
265.0
261.0
240.0
217.0
237.0
236.0
262.0
257.0
351.0
276.0
232.0
227.0
290.0
248.0
232.0
296.0
232.0
261.0
277.0
260.0
249.0
221.0
279.0
257.0
234.0
209.0
251.0
260.0
231.0
244.0
244.0
271.0
262.0
270.0
254.0
265.0
259.0
343.0
255.0
269.0
244.0
301.0
296.0
244.0
335.0
222.0
252.0
269.0
265.0
279.0
295.0
260.0
244.0
295.0
309.0
