233.0
228.0
271.0
257.0
287.0
207.0
267.0
263.0
231.0
243.0
255.0
226.0
258.0
322.0
289.0
275.0
213.0
244.0
254.0
254.0
268.0
310.0
263.0
252.0
268.0
238.0
273.0
326.0
287.0
233.0
224.0
256.0
243.0
244.0
332.0
241.0
240.0
240.0
264.0
261.0
251.0
262.0
268.0
275.0
259.0
292.0
258.0
236.0
271.0
252.0
296.0
289.0
253.0
281.0
284.0
311.0
240.0
263.0
264.0
270.0
289.0
260.0
236.0
222.0
240.0
258.0
283.0
275.0
266.0
271.0
275.0
271.0
250.0
234.0
236.0
275.0
246.0
261.0
278.0
271.0
270.0
263.0
297.0
251.0
265.0
235.0
267.0
276.0
249.0
260.0
253.0
260.0
277.0
257.0
249.0
252.0
272.0
275.0
258.0
273.0
266.0
291.0
269.0
240.0
311.0
249.0
263.0
227.0
233.0
255.0
262.0
237.0
246.0
305.0
265.0
285.0
257.0
247.0
298.0
253.0
304.0
318.0
285.0
229.0
252.0
273.0
271.0
279.0
269.0
314.0
289.0
224.0
261.0
346.0
276.0
231.0
259.0
231.0
221.0
299.0
300.0
239.0
287.0
240.0
244.0
272.0
256.0
290.0
232.0
232.0
211.0
259.0
229.0
266.0
275.0
248.0
287.0
235.0
280.0
338.0
238.0
260.0
245.0
300.0
269.0
259.0
267.0
324.0
254.0
238.0
261.0
247.0
219.0
251.0
256.0
241.0
227.0
279.0
265.0
257.0
268.0
259.0
256.0
266.0
304.0
254.0
267.0
222.0
252.0
204.0
246.0
236.0
290.0
280.0
298.0
232.0
273.0
269.0
257.0
259.0
