249.0
291.0
241.0
241.0
239.0
253.0
335.0
254.0
283.0
246.0
268.0
235.0
254.0
289.0
269.0
255.0
275.0
261.0
273.0
266.0
261.0
220.0
240.0
264.0
257.0
227.0
295.0
319.0
225.0
257.0
253.0
241.0
315.0
265.0
270.0
265.0
234.0
255.0
296.0
301.0
241.0
257.0
237.0
266.0
272.0
253.0
284.0
272.0
262.0
254.0
313.0
287.0
333.0
298.0
243.0
285.0
323.0
263.0
296.0
251.0
248.0
255.0
285.0
315.0
273.0
270.0
252.0
274.0
299.0
275.0
253.0
271.0
299.0
309.0
227.0
247.0
305.0
273.0
273.0
278.0
260.0
240.0
261.0
240.0
317.0
246.0
247.0
292.0
258.0
287.0
265.0
284.0
288.0
266.0
324.0
257.0
244.0
261.0
287.0
255.0
276.0
256.0
257.0
261.0
264.0
261.0
251.0
292.0
249.0
273.0
253.0
313.0
229.0
244.0
235.0
256.0
282.0
271.0
291.0
290.0
229.0
269.0
242.0
290.0
245.0
244.0
233.0
275.0
258.0
270.0
261.0
287.0
314.0
258.0
231.0
311.0
296.0
281.0
325.0
241.0
321.0
253.0
257.0
283.0
268.0
256.0
292.0
267.0
302.0
222.0
285.0
286.0
300.0
301.0
297.0
240.0
294.0
261.0
220.0
307.0
245.0
227.0
258.0
284.0
246.0
253.0
280.0
271.0
257.0
244.0
295.0
240.0
258.0
251.0
225.0
307.0
260.0
279.0
264.0
242.0
312.0
254.0
277.0
271.0
263.0
292.0
296.0
308.0
298.0
313.0
281.0
277.0
236.0
262.0
292.0
292.0
226.0
246.0
278.0
242.0
