145.0
163.0
152.0
162.0
144.0
138.0
148.0
145.0
129.0
152.0
144.0
151.0
141.0
129.0
155.0
162.0
200.0
138.0
146.0
145.0
161.0
156.0
134.0
136.0
161.0
145.0
185.0
133.0
150.0
133.0
151.0
158.0
137.0
146.0
130.0
169.0
145.0
143.0
132.0
165.0
272.0
149.0
168.0
141.0
144.0
205.0
130.0
152.0
148.0
154.0
139.0
137.0
150.0
126.0
166.0
153.0
153.0
144.0
154.0
162.0
141.0
165.0
149.0
174.0
130.0
142.0
153.0
152.0
147.0
145.0
143.0
156.0
178.0
146.0
161.0
131.0
119.0
139.0
143.0
149.0
145.0
131.0
154.0
155.0
150.0
172.0
138.0
163.0
145.0
150.0
149.0
163.0
137.0
132.0
158.0
145.0
137.0
153.0
141.0
154.0
121.0
135.0
140.0
170.0
145.0
158.0
144.0
160.0
135.0
158.0
139.0
167.0
145.0
144.0
149.0
140.0
149.0
132.0
146.0
171.0
130.0
130.0
171.0
168.0
137.0
150.0
149.0
132.0
144.0
119.0
149.0
140.0
152.0
152.0
145.0
136.0
161.0
142.0
140.0
149.0
142.0
148.0
178.0
173.0
138.0
140.0
145.0
144.0
163.0
151.0
165.0
161.0
137.0
157.0
149.0
181.0
129.0
125.0
156.0
170.0
144.0
135.0
148.0
141.0
153.0
139.0
163.0
161.0
132.0
139.0
146.0
168.0
142.0
146.0
141.0
198.0
162.0
156.0
166.0
128.0
171.0
140.0
144.0
170.0
142.0
142.0
146.0
168.0
168.0
148.0
126.0
231.0
192.0
154.0
167.0
149.0
144.0
139.0
150.0
144.0
