154.0
140.0
143.0
148.0
148.0
149.0
140.0
142.0
159.0
153.0
141.0
166.0
145.0
141.0
141.0
152.0
124.0
145.0
132.0
144.0
128.0
195.0
140.0
130.0
165.0
146.0
157.0
142.0
147.0
135.0
161.0
130.0
137.0
142.0
163.0
160.0
138.0
145.0
162.0
143.0
154.0
138.0
147.0
145.0
139.0
172.0
150.0
141.0
129.0
130.0
145.0
132.0
186.0
143.0
170.0
146.0
150.0
119.0
166.0
177.0
146.0
153.0
189.0
144.0
133.0
148.0
154.0
147.0
147.0
132.0
130.0
128.0
174.0
155.0
145.0
138.0
151.0
163.0
142.0
143.0
164.0
151.0
179.0
132.0
129.0
144.0
170.0
134.0
124.0
137.0
124.0
148.0
145.0
134.0
147.0
144.0
136.0
138.0
189.0
163.0
156.0
121.0
137.0
181.0
162.0
208.0
147.0
137.0
140.0
142.0
147.0
164.0
139.0
146.0
139.0
126.0
127.0
158.0
137.0
206.0
136.0
158.0
132.0
165.0
144.0
142.0
147.0
208.0
143.0
159.0
152.0
160.0
130.0
144.0
150.0
139.0
167.0
137.0
148.0
157.0
146.0
135.0
150.0
140.0
157.0
132.0
140.0
168.0
138.0
142.0
145.0
133.0
143.0
135.0
156.0
123.0
145.0
155.0
160.0
149.0
142.0
148.0
125.0
137.0
163.0
163.0
132.0
146.0
131.0
163.0
161.0
135.0
155.0
126.0
145.0
153.0
147.0
131.0
144.0
147.0
128.0
150.0
167.0
143.0
146.0
131.0
135.0
148.0
155.0
130.0
163.0
150.0
152.0
153.0
153.0
129.0
186.0
230.0
155.0
163.0
