283.0
233.0
265.0
239.0
244.0
239.0
274.0
232.0
251.0
251.0
247.0
262.0
276.0
221.0
287.0
262.0
246.0
238.0
219.0
255.0
254.0
247.0
267.0
269.0
277.0
266.0
243.0
243.0
256.0
242.0
258.0
262.0
225.0
254.0
261.0
273.0
225.0
271.0
255.0
278.0
263.0
225.0
258.0
334.0
272.0
283.0
282.0
236.0
241.0
300.0
260.0
268.0
231.0
248.0
277.0
225.0
235.0
248.0
282.0
238.0
251.0
226.0
271.0
226.0
220.0
227.0
253.0
253.0
276.0
272.0
255.0
286.0
267.0
246.0
245.0
340.0
228.0
237.0
210.0
269.0
260.0
254.0
245.0
279.0
244.0
252.0
277.0
233.0
266.0
235.0
212.0
338.0
253.0
229.0
273.0
264.0
248.0
230.0
228.0
277.0
268.0
267.0
251.0
289.0
237.0
287.0
318.0
269.0
245.0
276.0
246.0
236.0
341.0
292.0
257.0
221.0
296.0
250.0
258.0
244.0
278.0
285.0
245.0
270.0
276.0
284.0
232.0
241.0
222.0
293.0
251.0
243.0
235.0
265.0
304.0
241.0
254.0
292.0
266.0
220.0
255.0
270.0
281.0
293.0
289.0
266.0
238.0
283.0
230.0
326.0
271.0
262.0
232.0
254.0
259.0
260.0
242.0
318.0
276.0
354.0
249.0
297.0
260.0
259.0
241.0
255.0
257.0
252.0
233.0
261.0
263.0
280.0
259.0
322.0
272.0
250.0
275.0
244.0
273.0
243.0
239.0
262.0
270.0
257.0
269.0
256.0
271.0
251.0
232.0
271.0
245.0
257.0
276.0
223.0
260.0
282.0
235.0
256.0
282.0
256.0
