282.0
233.0
278.0
353.0
274.0
276.0
261.0
248.0
294.0
263.0
264.0
260.0
264.0
274.0
238.0
327.0
285.0
267.0
291.0
362.0
283.0
245.0
246.0
310.0
242.0
257.0
280.0
271.0
258.0
238.0
304.0
254.0
274.0
344.0
240.0
275.0
268.0
242.0
285.0
241.0
220.0
319.0
256.0
297.0
258.0
257.0
263.0
269.0
261.0
241.0
265.0
320.0
271.0
289.0
309.0
252.0
267.0
320.0
250.0
271.0
289.0
262.0
269.0
279.0
244.0
240.0
257.0
258.0
273.0
264.0
268.0
250.0
302.0
263.0
257.0
269.0
304.0
308.0
242.0
242.0
239.0
230.0
327.0
280.0
265.0
259.0
263.0
313.0
250.0
263.0
285.0
255.0
254.0
272.0
297.0
243.0
270.0
241.0
309.0
227.0
234.0
252.0
270.0
302.0
269.0
251.0
266.0
305.0
254.0
278.0
264.0
240.0
263.0
265.0
248.0
298.0
239.0
269.0
274.0
239.0
236.0
249.0
268.0
231.0
268.0
292.0
276.0
257.0
288.0
235.0
236.0
240.0
251.0
253.0
303.0
286.0
278.0
229.0
260.0
310.0
241.0
337.0
265.0
245.0
248.0
231.0
231.0
267.0
278.0
273.0
229.0
248.0
230.0
242.0
245.0
240.0
293.0
252.0
239.0
280.0
239.0
307.0
262.0
242.0
284.0
230.0
287.0
247.0
252.0
254.0
282.0
221.0
257.0
236.0
221.0
347.0
287.0
302.0
292.0
311.0
256.0
252.0
242.0
253.0
270.0
268.0
280.0
289.0
284.0
231.0
240.0
310.0
253.0
258.0
247.0
245.0
270.0
278.0
281.0
302.0
