229.0
266.0
245.0
286.0
279.0
309.0
251.0
224.0
257.0
227.0
226.0
201.0
280.0
239.0
237.0
261.0
225.0
294.0
274.0
274.0
267.0
273.0
230.0
268.0
232.0
246.0
217.0
232.0
260.0
248.0
245.0
268.0
240.0
254.0
235.0
221.0
227.0
260.0
263.0
237.0
264.0
272.0
285.0
285.0
316.0
239.0
287.0
286.0
260.0
324.0
298.0
238.0
230.0
258.0
225.0
252.0
276.0
241.0
218.0
285.0
329.0
281.0
227.0
318.0
213.0
277.0
263.0
257.0
228.0
235.0
218.0
254.0
351.0
259.0
285.0
234.0
258.0
250.0
322.0
284.0
295.0
258.0
282.0
273.0
229.0
264.0
272.0
276.0
259.0
267.0
253.0
240.0
253.0
256.0
264.0
268.0
273.0
250.0
255.0
240.0
277.0
226.0
238.0
277.0
274.0
238.0
227.0
267.0
248.0
321.0
257.0
239.0
257.0
254.0
276.0
264.0
255.0
277.0
214.0
265.0
272.0
271.0
302.0
236.0
244.0
227.0
288.0
273.0
263.0
261.0
245.0
277.0
247.0
271.0
267.0
268.0
298.0
261.0
251.0
322.0
247.0
267.0
238.0
249.0
243.0
243.0
303.0
323.0
249.0
269.0
268.0
300.0
278.0
276.0
259.0
252.0
293.0
242.0
245.0
249.0
272.0
265.0
249.0
314.0
230.0
236.0
260.0
242.0
207.0
240.0
239.0
223.0
214.0
249.0
313.0
253.0
229.0
265.0
295.0
264.0
224.0
278.0
288.0
279.0
253.0
222.0
235.0
256.0
222.0
277.0
285.0
261.0
288.0
235.0
244.0
314.0
245.0
216.0
272.0
262.0
