566.0
562.0
618.0
600.0
679.0
717.0
750.0
716.0
691.0
586.0
623.0
651.0
714.0
745.0
659.0
649.0
700.0
700.0
720.0
673.0
604.0
618.0
648.0
628.0
631.0
601.0
574.0
540.0
543.0
537.0
465.0
472.0
461.0
388.0
336.0
325.0
283.0
270.0
255.0
237.0
226.0
182.0
228.0
220.0
211.0
263.0
266.0
299.0
224.0
225.0
189.0
252.0
268.0
367.0
418.0
312.0
241.0
259.0
294.0
437.0
460.0
465.0
546.0
568.0
451.0
444.0
435.0
407.0
349.0
351.0
318.0
309.0
291.0
260.0
238.0
195.0
171.0
197.0
224.0
199.0
218.0
220.0
344.0
294.0
261.0
258.0
282.0
332.0
276.0
336.0
348.0
414.0
384.0
373.0
298.0
260.0
261.0
364.0
382.0
353.0
450.0
508.0
427.0
405.0
415.0
456.0
392.0
407.0
379.0
410.0
459.0
674.0
561.0
561.0
596.0
440.0
324.0
348.0
377.0
478.0
591.0
818.0
763.0
771.0
765.0
775.0
712.0
776.0
760.0
728.0
735.0
734.0
721.0
703.0
778.0
743.0
652.0
671.0
805.0
680.0
676.0
674.0
739.0
764.0
734.0
776.0
939.0
888.0
864.0
745.0
882.0
808.0
799.0
874.0
1006.0
839.0
820.0
737.0
719.0
697.0
705.0
732.0
809.0
875.0
765.0
743.0
751.0
699.0
843.0
745.0
702.0
726.0
798.0
740.0
862.0
907.0
855.0
729.0
836.0
683.0
946.0
883.0
897.0
717.0
894.0
734.0
803.0
725.0
789.0
793.0
1018.0
751.0
746.0
827.0
783.0
706.0
743.0
759.0
831.0
838.0
