229.0
285.0
236.0
242.0
212.0
254.0
227.0
241.0
224.0
244.0
286.0
236.0
239.0
235.0
249.0
241.0
249.0
306.0
258.0
268.0
252.0
246.0
259.0
339.0
244.0
257.0
234.0
261.0
262.0
258.0
214.0
224.0
252.0
220.0
270.0
315.0
270.0
230.0
237.0
299.0
275.0
227.0
230.0
253.0
270.0
261.0
227.0
243.0
266.0
245.0
221.0
230.0
289.0
334.0
272.0
257.0
245.0
238.0
223.0
232.0
274.0
243.0
254.0
278.0
261.0
297.0
228.0
303.0
270.0
241.0
264.0
269.0
234.0
256.0
252.0
257.0
238.0
249.0
273.0
268.0
293.0
289.0
230.0
227.0
242.0
234.0
277.0
245.0
280.0
294.0
200.0
256.0
245.0
226.0
255.0
249.0
225.0
343.0
263.0
245.0
259.0
282.0
248.0
292.0
255.0
246.0
256.0
295.0
252.0
300.0
231.0
258.0
254.0
245.0
252.0
263.0
326.0
237.0
261.0
284.0
255.0
308.0
324.0
227.0
235.0
235.0
218.0
277.0
249.0
335.0
258.0
230.0
271.0
233.0
244.0
274.0
267.0
243.0
275.0
255.0
231.0
253.0
262.0
279.0
251.0
256.0
290.0
243.0
301.0
268.0
271.0
273.0
250.0
302.0
258.0
291.0
216.0
260.0
268.0
277.0
240.0
272.0
239.0
298.0
320.0
243.0
313.0
270.0
242.0
248.0
269.0
251.0
288.0
255.0
250.0
275.0
331.0
245.0
266.0
268.0
281.0
226.0
246.0
246.0
260.0
245.0
246.0
361.0
250.0
360.0
236.0
293.0
241.0
237.0
244.0
278.0
228.0
249.0
273.0
253.0
