140.0
163.0
154.0
168.0
140.0
132.0
146.0
156.0
163.0
154.0
154.0
127.0
143.0
143.0
149.0
173.0
151.0
155.0
129.0
144.0
146.0
149.0
134.0
160.0
152.0
135.0
139.0
160.0
165.0
169.0
169.0
143.0
133.0
145.0
147.0
161.0
129.0
143.0
149.0
135.0
132.0
155.0
163.0
158.0
143.0
148.0
151.0
148.0
142.0
147.0
144.0
135.0
141.0
145.0
150.0
130.0
145.0
143.0
162.0
157.0
139.0
145.0
160.0
134.0
138.0
156.0
152.0
161.0
141.0
155.0
145.0
157.0
144.0
146.0
154.0
133.0
142.0
128.0
174.0
145.0
140.0
151.0
141.0
143.0
144.0
133.0
155.0
131.0
193.0
163.0
149.0
151.0
145.0
137.0
157.0
132.0
158.0
163.0
136.0
147.0
132.0
145.0
141.0
149.0
154.0
135.0
161.0
129.0
156.0
142.0
137.0
137.0
134.0
142.0
136.0
156.0
162.0
150.0
158.0
146.0
142.0
165.0
174.0
164.0
141.0
133.0
145.0
148.0
140.0
133.0
135.0
149.0
137.0
158.0
129.0
138.0
149.0
133.0
146.0
140.0
130.0
157.0
152.0
140.0
163.0
135.0
153.0
144.0
146.0
142.0
143.0
149.0
130.0
165.0
146.0
148.0
201.0
115.0
144.0
172.0
190.0
140.0
152.0
151.0
147.0
158.0
166.0
139.0
168.0
165.0
148.0
146.0
153.0
190.0
149.0
162.0
133.0
124.0
150.0
129.0
151.0
147.0
147.0
129.0
137.0
148.0
139.0
151.0
139.0
147.0
133.0
131.0
124.0
149.0
126.0
130.0
128.0
165.0
165.0
173.0
