138.0
152.0
152.0
143.0
135.0
169.0
138.0
162.0
156.0
140.0
150.0
206.0
147.0
157.0
162.0
185.0
133.0
151.0
162.0
149.0
149.0
145.0
152.0
184.0
133.0
149.0
148.0
141.0
176.0
146.0
161.0
145.0
186.0
198.0
140.0
133.0
156.0
164.0
154.0
151.0
173.0
192.0
173.0
171.0
158.0
140.0
168.0
159.0
167.0
151.0
162.0
164.0
212.0
255.0
156.0
149.0
151.0
154.0
154.0
142.0
143.0
224.0
152.0
153.0
153.0
158.0
149.0
152.0
153.0
137.0
208.0
151.0
238.0
135.0
138.0
154.0
170.0
173.0
134.0
154.0
137.0
172.0
189.0
168.0
149.0
144.0
134.0
183.0
153.0
138.0
134.0
145.0
177.0
133.0
150.0
162.0
174.0
144.0
166.0
179.0
183.0
145.0
183.0
140.0
162.0
192.0
162.0
262.0
219.0
205.0
144.0
147.0
151.0
162.0
177.0
158.0
181.0
151.0
142.0
191.0
137.0
164.0
189.0
184.0
165.0
169.0
158.0
180.0
196.0
127.0
175.0
152.0
138.0
167.0
158.0
143.0
157.0
160.0
133.0
145.0
175.0
154.0
147.0
146.0
162.0
143.0
157.0
157.0
181.0
141.0
181.0
191.0
139.0
152.0
148.0
168.0
163.0
174.0
171.0
142.0
147.0
160.0
170.0
181.0
169.0
217.0
165.0
165.0
156.0
147.0
157.0
141.0
144.0
161.0
154.0
162.0
172.0
178.0
136.0
179.0
136.0
156.0
167.0
242.0
136.0
164.0
149.0
220.0
168.0
159.0
154.0
139.0
154.0
137.0
206.0
180.0
161.0
226.0
176.0
162.0
