315.0
257.0
271.0
258.0
261.0
334.0
267.0
254.0
255.0
268.0
253.0
309.0
250.0
297.0
260.0
290.0
235.0
278.0
264.0
236.0
231.0
264.0
320.0
247.0
241.0
272.0
300.0
272.0
216.0
256.0
315.0
254.0
296.0
281.0
266.0
266.0
248.0
267.0
259.0
224.0
248.0
254.0
266.0
252.0
259.0
246.0
267.0
272.0
250.0
277.0
279.0
262.0
271.0
270.0
324.0
273.0
282.0
255.0
269.0
320.0
270.0
247.0
260.0
302.0
287.0
278.0
333.0
272.0
260.0
251.0
276.0
219.0
247.0
256.0
297.0
247.0
300.0
252.0
283.0
296.0
281.0
262.0
231.0
242.0
243.0
253.0
241.0
306.0
290.0
280.0
269.0
331.0
267.0
269.0
285.0
251.0
276.0
261.0
313.0
279.0
249.0
283.0
277.0
286.0
274.0
236.0
312.0
231.0
277.0
303.0
274.0
258.0
313.0
290.0
273.0
275.0
290.0
254.0
255.0
301.0
219.0
296.0
249.0
250.0
288.0
257.0
238.0
263.0
319.0
289.0
281.0
306.0
221.0
268.0
232.0
308.0
246.0
272.0
278.0
273.0
291.0
335.0
289.0
262.0
266.0
245.0
233.0
312.0
308.0
224.0
251.0
265.0
277.0
266.0
259.0
232.0
279.0
297.0
316.0
240.0
299.0
342.0
245.0
264.0
263.0
233.0
250.0
303.0
241.0
270.0
290.0
286.0
284.0
248.0
260.0
298.0
244.0
283.0
236.0
294.0
289.0
251.0
271.0
294.0
270.0
237.0
266.0
261.0
331.0
266.0
279.0
266.0
257.0
253.0
272.0
244.0
272.0
272.0
248.0
253.0
