252.0
252.0
229.0
272.0
254.0
276.0
265.0
287.0
260.0
290.0
269.0
259.0
274.0
270.0
224.0
251.0
279.0
297.0
258.0
354.0
229.0
244.0
279.0
248.0
286.0
302.0
290.0
268.0
264.0
262.0
259.0
255.0
274.0
289.0
307.0
299.0
269.0
265.0
312.0
308.0
277.0
281.0
262.0
246.0
216.0
281.0
293.0
232.0
237.0
302.0
284.0
261.0
236.0
254.0
262.0
272.0
270.0
282.0
232.0
264.0
257.0
364.0
310.0
264.0
317.0
268.0
252.0
249.0
269.0
236.0
254.0
253.0
253.0
246.0
257.0
238.0
275.0
288.0
295.0
271.0
254.0
265.0
279.0
261.0
264.0
264.0
228.0
254.0
247.0
290.0
283.0
280.0
268.0
231.0
261.0
253.0
257.0
284.0
284.0
306.0
276.0
267.0
259.0
302.0
239.0
271.0
287.0
270.0
258.0
320.0
263.0
240.0
258.0
276.0
302.0
313.0
229.0
246.0
267.0
238.0
297.0
260.0
271.0
290.0
278.0
339.0
247.0
272.0
273.0
324.0
319.0
249.0
233.0
257.0
230.0
243.0
280.0
250.0
242.0
234.0
278.0
241.0
303.0
284.0
274.0
238.0
255.0
229.0
275.0
248.0
234.0
263.0
304.0
270.0
283.0
266.0
257.0
261.0
263.0
258.0
266.0
254.0
224.0
299.0
230.0
238.0
230.0
274.0
261.0
236.0
268.0
352.0
264.0
268.0
258.0
296.0
305.0
229.0
232.0
292.0
261.0
262.0
222.0
277.0
251.0
255.0
288.0
214.0
291.0
289.0
233.0
251.0
239.0
273.0
233.0
276.0
227.0
238.0
276.0
320.0
