302.0
158.0
144.0
151.0
186.0
149.0
181.0
148.0
151.0
162.0
220.0
211.0
167.0
177.0
140.0
194.0
221.0
204.0
274.0
166.0
177.0
178.0
159.0
178.0
231.0
193.0
244.0
162.0
156.0
307.0
144.0
157.0
173.0
147.0
164.0
196.0
168.0
182.0
135.0
151.0
149.0
181.0
180.0
145.0
175.0
159.0
142.0
151.0
204.0
259.0
178.0
143.0
165.0
167.0
199.0
215.0
182.0
143.0
145.0
199.0
159.0
155.0
154.0
135.0
140.0
146.0
158.0
165.0
140.0
159.0
165.0
157.0
165.0
161.0
172.0
166.0
144.0
173.0
172.0
189.0
159.0
173.0
189.0
208.0
200.0
188.0
163.0
145.0
165.0
154.0
145.0
149.0
153.0
169.0
176.0
181.0
182.0
170.0
170.0
171.0
282.0
157.0
208.0
163.0
190.0
159.0
157.0
156.0
166.0
141.0
179.0
153.0
189.0
157.0
169.0
229.0
135.0
171.0
153.0
173.0
175.0
199.0
182.0
141.0
209.0
205.0
190.0
155.0
201.0
181.0
209.0
157.0
177.0
135.0
163.0
180.0
170.0
207.0
167.0
152.0
209.0
153.0
163.0
272.0
164.0
179.0
166.0
175.0
142.0
201.0
202.0
194.0
177.0
165.0
168.0
150.0
162.0
193.0
163.0
214.0
172.0
218.0
166.0
185.0
166.0
200.0
172.0
178.0
147.0
180.0
179.0
169.0
232.0
160.0
144.0
195.0
164.0
199.0
200.0
173.0
202.0
251.0
140.0
163.0
162.0
157.0
163.0
157.0
153.0
221.0
165.0
184.0
155.0
153.0
191.0
137.0
142.0
140.0
183.0
149.0
