267.0
254.0
275.0
246.0
252.0
292.0
242.0
238.0
264.0
255.0
255.0
245.0
253.0
262.0
237.0
274.0
260.0
282.0
272.0
287.0
277.0
272.0
262.0
259.0
229.0
334.0
250.0
260.0
275.0
322.0
279.0
266.0
228.0
243.0
255.0
258.0
271.0
298.0
251.0
280.0
274.0
251.0
341.0
240.0
219.0
314.0
276.0
243.0
269.0
268.0
249.0
247.0
257.0
228.0
280.0
246.0
286.0
327.0
238.0
263.0
253.0
230.0
249.0
264.0
271.0
243.0
286.0
232.0
251.0
235.0
251.0
292.0
279.0
220.0
253.0
254.0
276.0
227.0
273.0
281.0
315.0
273.0
265.0
252.0
246.0
269.0
241.0
243.0
261.0
235.0
230.0
221.0
328.0
229.0
277.0
247.0
291.0
272.0
268.0
270.0
267.0
269.0
274.0
255.0
255.0
254.0
266.0
244.0
211.0
227.0
228.0
277.0
266.0
299.0
280.0
267.0
274.0
262.0
281.0
270.0
262.0
264.0
261.0
281.0
289.0
284.0
261.0
279.0
263.0
268.0
274.0
264.0
235.0
261.0
261.0
259.0
223.0
275.0
270.0
252.0
343.0
277.0
224.0
230.0
255.0
216.0
247.0
253.0
231.0
278.0
270.0
257.0
269.0
274.0
244.0
255.0
251.0
253.0
245.0
241.0
271.0
230.0
235.0
294.0
293.0
219.0
275.0
278.0
255.0
309.0
268.0
241.0
266.0
242.0
273.0
275.0
231.0
263.0
256.0
263.0
278.0
306.0
220.0
260.0
283.0
258.0
265.0
299.0
263.0
255.0
237.0
254.0
237.0
270.0
252.0
238.0
255.0
241.0
251.0
222.0
