151.0
150.0
275.0
206.0
219.0
166.0
173.0
194.0
163.0
225.0
164.0
169.0
168.0
174.0
173.0
160.0
200.0
222.0
255.0
188.0
212.0
153.0
182.0
183.0
271.0
169.0
175.0
190.0
210.0
161.0
175.0
210.0
265.0
203.0
147.0
159.0
235.0
168.0
158.0
161.0
145.0
188.0
201.0
163.0
197.0
172.0
217.0
175.0
166.0
183.0
186.0
165.0
167.0
180.0
171.0
225.0
270.0
205.0
128.0
173.0
172.0
142.0
162.0
183.0
158.0
168.0
176.0
148.0
183.0
164.0
161.0
154.0
218.0
170.0
176.0
180.0
203.0
191.0
196.0
156.0
164.0
209.0
173.0
164.0
154.0
204.0
166.0
237.0
276.0
172.0
182.0
162.0
201.0
194.0
153.0
224.0
215.0
156.0
190.0
175.0
241.0
184.0
164.0
166.0
169.0
217.0
160.0
184.0
152.0
140.0
157.0
170.0
206.0
158.0
178.0
140.0
210.0
184.0
199.0
177.0
169.0
151.0
352.0
265.0
166.0
210.0
165.0
192.0
188.0
307.0
212.0
161.0
179.0
187.0
150.0
289.0
297.0
170.0
239.0
242.0
197.0
188.0
249.0
166.0
165.0
186.0
204.0
135.0
181.0
250.0
170.0
179.0
191.0
206.0
168.0
208.0
192.0
181.0
150.0
248.0
159.0
190.0
141.0
160.0
253.0
265.0
158.0
158.0
215.0
182.0
172.0
163.0
190.0
194.0
169.0
166.0
234.0
211.0
239.0
272.0
175.0
175.0
193.0
155.0
172.0
170.0
164.0
203.0
183.0
189.0
211.0
163.0
173.0
163.0
196.0
150.0
179.0
225.0
249.0
190.0
