211.0
160.0
215.0
202.0
201.0
200.0
243.0
242.0
186.0
166.0
186.0
228.0
178.0
203.0
193.0
171.0
193.0
158.0
167.0
162.0
211.0
168.0
167.0
154.0
178.0
170.0
162.0
175.0
158.0
416.0
310.0
256.0
197.0
194.0
179.0
175.0
157.0
167.0
177.0
177.0
166.0
206.0
206.0
168.0
158.0
175.0
183.0
175.0
167.0
175.0
200.0
159.0
160.0
163.0
185.0
221.0
172.0
187.0
252.0
243.0
136.0
155.0
150.0
296.0
198.0
171.0
170.0
201.0
190.0
155.0
213.0
210.0
173.0
244.0
245.0
173.0
178.0
164.0
188.0
308.0
230.0
195.0
220.0
178.0
203.0
159.0
161.0
353.0
226.0
250.0
152.0
164.0
208.0
148.0
160.0
213.0
172.0
161.0
147.0
183.0
171.0
173.0
199.0
220.0
223.0
294.0
236.0
174.0
186.0
186.0
157.0
203.0
187.0
220.0
169.0
197.0
210.0
181.0
171.0
156.0
172.0
159.0
155.0
239.0
150.0
197.0
186.0
226.0
210.0
237.0
177.0
185.0
185.0
212.0
158.0
198.0
252.0
161.0
167.0
189.0
178.0
250.0
197.0
159.0
159.0
255.0
219.0
166.0
156.0
202.0
184.0
149.0
162.0
156.0
173.0
178.0
146.0
164.0
181.0
170.0
180.0
178.0
206.0
147.0
271.0
241.0
163.0
150.0
155.0
220.0
185.0
186.0
263.0
218.0
169.0
177.0
209.0
214.0
299.0
286.0
237.0
240.0
202.0
203.0
212.0
168.0
184.0
154.0
274.0
193.0
191.0
211.0
178.0
180.0
175.0
172.0
216.0
230.0
187.0
162.0
