237.0
264.0
266.0
291.0
256.0
229.0
274.0
290.0
228.0
307.0
264.0
263.0
254.0
255.0
274.0
266.0
274.0
328.0
301.0
264.0
263.0
286.0
262.0
246.0
257.0
243.0
272.0
242.0
279.0
234.0
297.0
296.0
251.0
311.0
281.0
227.0
306.0
278.0
261.0
328.0
259.0
239.0
308.0
376.0
264.0
300.0
258.0
258.0
256.0
241.0
295.0
252.0
260.0
294.0
263.0
271.0
269.0
323.0
313.0
257.0
220.0
279.0
289.0
239.0
259.0
273.0
293.0
239.0
239.0
263.0
255.0
269.0
262.0
283.0
270.0
266.0
238.0
284.0
231.0
293.0
247.0
251.0
283.0
319.0
227.0
254.0
254.0
245.0
227.0
231.0
254.0
283.0
263.0
294.0
254.0
247.0
264.0
245.0
333.0
264.0
247.0
243.0
257.0
268.0
257.0
240.0
280.0
234.0
288.0
305.0
228.0
282.0
256.0
287.0
246.0
224.0
258.0
287.0
264.0
251.0
261.0
270.0
288.0
221.0
320.0
302.0
282.0
253.0
266.0
238.0
285.0
278.0
246.0
254.0
269.0
276.0
295.0
245.0
243.0
257.0
217.0
224.0
236.0
286.0
255.0
274.0
273.0
266.0
300.0
272.0
276.0
272.0
274.0
341.0
274.0
261.0
275.0
311.0
284.0
330.0
268.0
335.0
247.0
260.0
300.0
292.0
238.0
225.0
255.0
253.0
252.0
264.0
292.0
256.0
245.0
316.0
268.0
248.0
251.0
271.0
294.0
280.0
250.0
258.0
242.0
286.0
269.0
330.0
263.0
269.0
266.0
280.0
277.0
295.0
260.0
266.0
243.0
341.0
240.0
247.0
