173.0
139.0
155.0
126.0
144.0
142.0
149.0
134.0
153.0
152.0
140.0
135.0
145.0
164.0
144.0
133.0
147.0
143.0
136.0
155.0
162.0
140.0
149.0
139.0
148.0
141.0
135.0
142.0
143.0
147.0
140.0
144.0
160.0
173.0
135.0
140.0
145.0
132.0
137.0
150.0
155.0
141.0
152.0
136.0
133.0
125.0
132.0
140.0
128.0
140.0
144.0
144.0
144.0
132.0
154.0
130.0
163.0
145.0
150.0
151.0
145.0
137.0
131.0
125.0
159.0
136.0
130.0
139.0
142.0
147.0
136.0
161.0
152.0
158.0
142.0
136.0
142.0
142.0
162.0
149.0
149.0
155.0
134.0
145.0
160.0
138.0
174.0
133.0
142.0
146.0
150.0
148.0
141.0
133.0
135.0
137.0
153.0
172.0
143.0
150.0
133.0
145.0
149.0
157.0
134.0
131.0
152.0
143.0
143.0
149.0
141.0
132.0
155.0
148.0
164.0
171.0
165.0
152.0
148.0
149.0
149.0
165.0
148.0
165.0
147.0
135.0
153.0
162.0
161.0
150.0
135.0
137.0
131.0
140.0
152.0
140.0
133.0
130.0
130.0
130.0
165.0
144.0
157.0
144.0
151.0
126.0
143.0
149.0
132.0
146.0
152.0
154.0
175.0
149.0
141.0
149.0
151.0
152.0
125.0
152.0
146.0
132.0
131.0
154.0
144.0
177.0
156.0
151.0
168.0
129.0
132.0
146.0
162.0
125.0
132.0
132.0
147.0
131.0
118.0
148.0
142.0
135.0
151.0
167.0
134.0
148.0
178.0
130.0
141.0
148.0
144.0
144.0
140.0
150.0
116.0
172.0
139.0
188.0
163.0
141.0
