273.0
212.0
233.0
198.0
182.0
198.0
174.0
190.0
168.0
199.0
192.0
207.0
165.0
176.0
193.0
172.0
298.0
322.0
294.0
267.0
304.0
228.0
238.0
216.0
237.0
233.0
193.0
162.0
178.0
223.0
182.0
163.0
207.0
215.0
163.0
183.0
186.0
175.0
150.0
182.0
174.0
182.0
167.0
203.0
221.0
185.0
262.0
214.0
174.0
202.0
219.0
210.0
171.0
220.0
236.0
224.0
208.0
175.0
162.0
200.0
313.0
253.0
235.0
203.0
195.0
210.0
171.0
173.0
154.0
213.0
214.0
180.0
196.0
210.0
181.0
228.0
203.0
222.0
282.0
276.0
276.0
265.0
221.0
202.0
188.0
272.0
229.0
257.0
331.0
266.0
242.0
353.0
253.0
219.0
322.0
317.0
276.0
283.0
316.0
370.0
252.0
345.0
333.0
309.0
332.0
274.0
202.0
167.0
161.0
214.0
194.0
187.0
171.0
167.0
236.0
246.0
218.0
184.0
172.0
218.0
200.0
180.0
196.0
250.0
199.0
209.0
207.0
188.0
207.0
271.0
231.0
279.0
310.0
291.0
325.0
427.0
382.0
329.0
248.0
235.0
187.0
282.0
326.0
328.0
301.0
225.0
222.0
212.0
169.0
195.0
198.0
170.0
184.0
202.0
180.0
302.0
282.0
274.0
175.0
207.0
182.0
223.0
224.0
165.0
185.0
285.0
232.0
188.0
185.0
255.0
195.0
197.0
273.0
276.0
289.0
233.0
181.0
154.0
245.0
237.0
178.0
155.0
154.0
187.0
180.0
206.0
179.0
172.0
194.0
212.0
165.0
184.0
237.0
300.0
286.0
339.0
477.0
430.0
306.0
249.0
