270.0
261.0
247.0
303.0
272.0
291.0
233.0
290.0
243.0
300.0
250.0
277.0
245.0
256.0
238.0
232.0
368.0
265.0
248.0
240.0
237.0
276.0
276.0
236.0
272.0
254.0
260.0
257.0
259.0
234.0
307.0
255.0
229.0
266.0
296.0
227.0
262.0
255.0
238.0
249.0
233.0
325.0
262.0
243.0
280.0
241.0
269.0
301.0
256.0
238.0
254.0
285.0
248.0
253.0
268.0
290.0
261.0
267.0
269.0
277.0
264.0
273.0
274.0
247.0
255.0
265.0
294.0
274.0
257.0
273.0
302.0
258.0
275.0
254.0
267.0
281.0
250.0
290.0
267.0
282.0
235.0
218.0
276.0
306.0
247.0
258.0
263.0
298.0
276.0
274.0
287.0
294.0
276.0
248.0
236.0
254.0
235.0
260.0
280.0
282.0
252.0
237.0
252.0
276.0
266.0
268.0
282.0
236.0
239.0
328.0
250.0
279.0
310.0
276.0
254.0
311.0
268.0
257.0
263.0
277.0
247.0
298.0
235.0
247.0
320.0
283.0
244.0
282.0
298.0
256.0
265.0
236.0
286.0
253.0
224.0
257.0
237.0
252.0
211.0
268.0
267.0
249.0
281.0
347.0
250.0
259.0
319.0
256.0
261.0
249.0
246.0
286.0
295.0
256.0
250.0
247.0
260.0
251.0
263.0
297.0
226.0
329.0
235.0
251.0
253.0
230.0
249.0
277.0
265.0
278.0
233.0
253.0
265.0
252.0
278.0
222.0
308.0
365.0
268.0
260.0
249.0
257.0
273.0
284.0
281.0
227.0
270.0
271.0
323.0
215.0
257.0
282.0
272.0
249.0
262.0
274.0
271.0
243.0
270.0
301.0
