503.0
583.0
532.0
610.0
557.0
743.0
751.0
808.0
727.0
724.0
891.0
757.0
800.0
822.0
741.0
873.0
878.0
746.0
715.0
745.0
776.0
718.0
777.0
740.0
847.0
889.0
815.0
907.0
877.0
810.0
837.0
736.0
788.0
660.0
912.0
826.0
921.0
827.0
873.0
782.0
635.0
794.0
745.0
813.0
757.0
714.0
876.0
827.0
823.0
890.0
839.0
878.0
813.0
886.0
889.0
742.0
794.0
872.0
873.0
861.0
1009.0
912.0
827.0
792.0
834.0
884.0
752.0
798.0
833.0
867.0
785.0
901.0
880.0
794.0
780.0
953.0
973.0
846.0
740.0
787.0
728.0
917.0
813.0
906.0
764.0
740.0
807.0
841.0
814.0
852.0
805.0
720.0
774.0
955.0
811.0
852.0
951.0
874.0
746.0
836.0
732.0
674.0
944.0
818.0
777.0
769.0
700.0
732.0
775.0
802.0
776.0
758.0
850.0
742.0
790.0
864.0
802.0
701.0
822.0
739.0
776.0
876.0
821.0
806.0
753.0
705.0
774.0
797.0
822.0
820.0
884.0
880.0
851.0
951.0
791.0
780.0
1084.0
873.0
649.0
824.0
800.0
765.0
915.0
1023.0
800.0
786.0
731.0
996.0
776.0
738.0
807.0
749.0
768.0
787.0
756.0
845.0
741.0
837.0
869.0
981.0
796.0
690.0
806.0
872.0
729.0
837.0
862.0
739.0
727.0
826.0
773.0
745.0
703.0
1022.0
758.0
771.0
848.0
804.0
955.0
721.0
759.0
938.0
772.0
1022.0
890.0
683.0
783.0
735.0
793.0
845.0
707.0
949.0
820.0
892.0
820.0
774.0
769.0
787.0
795.0
790.0
