147.0
172.0
230.0
188.0
185.0
159.0
207.0
161.0
187.0
141.0
149.0
241.0
202.0
176.0
185.0
181.0
160.0
172.0
152.0
168.0
193.0
227.0
197.0
205.0
154.0
140.0
157.0
147.0
158.0
202.0
170.0
166.0
164.0
175.0
192.0
152.0
185.0
175.0
206.0
197.0
185.0
156.0
177.0
158.0
160.0
154.0
167.0
167.0
171.0
228.0
155.0
164.0
161.0
166.0
263.0
151.0
179.0
152.0
149.0
180.0
170.0
312.0
187.0
223.0
155.0
214.0
295.0
191.0
162.0
150.0
159.0
178.0
159.0
142.0
178.0
162.0
174.0
227.0
237.0
196.0
186.0
162.0
191.0
167.0
175.0
179.0
167.0
186.0
139.0
172.0
211.0
174.0
167.0
215.0
177.0
166.0
175.0
184.0
154.0
162.0
166.0
161.0
160.0
156.0
165.0
207.0
168.0
155.0
175.0
150.0
214.0
163.0
198.0
174.0
171.0
166.0
155.0
159.0
167.0
213.0
187.0
166.0
191.0
200.0
179.0
188.0
165.0
165.0
168.0
163.0
182.0
169.0
188.0
179.0
189.0
209.0
183.0
167.0
161.0
196.0
217.0
169.0
142.0
185.0
251.0
147.0
169.0
164.0
234.0
193.0
149.0
144.0
132.0
193.0
164.0
157.0
148.0
225.0
181.0
162.0
165.0
173.0
183.0
232.0
200.0
273.0
165.0
176.0
154.0
158.0
245.0
203.0
139.0
150.0
197.0
231.0
167.0
193.0
220.0
148.0
171.0
235.0
220.0
202.0
153.0
167.0
189.0
183.0
158.0
162.0
187.0
182.0
278.0
178.0
152.0
220.0
192.0
157.0
155.0
182.0
