160.0
198.0
155.0
162.0
177.0
146.0
134.0
167.0
161.0
192.0
140.0
138.0
181.0
167.0
149.0
152.0
189.0
155.0
141.0
138.0
157.0
157.0
161.0
140.0
147.0
189.0
136.0
127.0
152.0
154.0
154.0
205.0
159.0
166.0
176.0
191.0
154.0
165.0
200.0
175.0
151.0
138.0
160.0
145.0
211.0
163.0
157.0
139.0
137.0
135.0
167.0
204.0
168.0
150.0
167.0
133.0
189.0
159.0
141.0
174.0
157.0
222.0
167.0
159.0
148.0
138.0
161.0
165.0
192.0
154.0
175.0
130.0
145.0
146.0
150.0
168.0
171.0
143.0
156.0
149.0
143.0
188.0
137.0
148.0
192.0
290.0
177.0
144.0
168.0
149.0
130.0
147.0
180.0
167.0
148.0
149.0
177.0
128.0
141.0
139.0
169.0
144.0
147.0
176.0
272.0
181.0
202.0
167.0
153.0
153.0
172.0
147.0
136.0
131.0
142.0
154.0
187.0
173.0
166.0
167.0
129.0
164.0
180.0
157.0
198.0
141.0
263.0
146.0
147.0
165.0
165.0
144.0
153.0
173.0
144.0
174.0
194.0
159.0
162.0
138.0
163.0
151.0
150.0
130.0
135.0
138.0
128.0
156.0
146.0
148.0
162.0
188.0
175.0
143.0
158.0
167.0
148.0
142.0
165.0
241.0
161.0
179.0
144.0
139.0
165.0
208.0
215.0
190.0
209.0
158.0
160.0
130.0
147.0
140.0
149.0
150.0
150.0
155.0
144.0
142.0
152.0
215.0
162.0
177.0
209.0
181.0
161.0
135.0
146.0
165.0
190.0
149.0
153.0
170.0
149.0
134.0
143.0
163.0
170.0
165.0
