160.0
165.0
133.0
195.0
238.0
169.0
144.0
197.0
162.0
161.0
201.0
201.0
160.0
156.0
160.0
161.0
167.0
258.0
261.0
190.0
142.0
173.0
177.0
188.0
208.0
163.0
185.0
182.0
139.0
234.0
144.0
147.0
187.0
156.0
148.0
142.0
208.0
169.0
185.0
172.0
174.0
190.0
181.0
233.0
147.0
151.0
164.0
188.0
178.0
394.0
209.0
152.0
181.0
171.0
222.0
164.0
169.0
202.0
231.0
150.0
198.0
161.0
148.0
185.0
165.0
218.0
154.0
142.0
171.0
131.0
182.0
181.0
175.0
170.0
155.0
151.0
134.0
160.0
181.0
278.0
200.0
163.0
158.0
177.0
159.0
151.0
147.0
161.0
137.0
220.0
164.0
160.0
180.0
201.0
162.0
190.0
191.0
156.0
162.0
178.0
249.0
165.0
181.0
153.0
147.0
232.0
167.0
198.0
166.0
140.0
149.0
167.0
146.0
157.0
189.0
161.0
153.0
171.0
186.0
175.0
288.0
221.0
157.0
156.0
176.0
195.0
167.0
182.0
170.0
184.0
182.0
148.0
167.0
189.0
134.0
190.0
127.0
168.0
231.0
152.0
151.0
171.0
190.0
181.0
179.0
195.0
184.0
157.0
142.0
140.0
144.0
134.0
146.0
178.0
194.0
132.0
207.0
163.0
168.0
178.0
169.0
196.0
216.0
160.0
161.0
175.0
176.0
164.0
269.0
189.0
175.0
145.0
220.0
157.0
178.0
237.0
164.0
161.0
131.0
133.0
156.0
168.0
173.0
191.0
205.0
170.0
188.0
179.0
179.0
166.0
151.0
157.0
160.0
226.0
239.0
194.0
165.0
167.0
177.0
201.0
