270.0
337.0
251.0
274.0
303.0
300.0
264.0
299.0
297.0
266.0
304.0
244.0
253.0
307.0
290.0
289.0
248.0
261.0
296.0
246.0
291.0
250.0
273.0
288.0
271.0
247.0
246.0
289.0
309.0
289.0
258.0
249.0
254.0
303.0
245.0
342.0
284.0
272.0
292.0
276.0
261.0
255.0
252.0
256.0
305.0
281.0
293.0
256.0
234.0
290.0
290.0
277.0
252.0
240.0
288.0
270.0
258.0
275.0
287.0
306.0
305.0
243.0
310.0
272.0
256.0
235.0
273.0
322.0
302.0
268.0
307.0
253.0
317.0
328.0
319.0
326.0
256.0
290.0
272.0
297.0
267.0
263.0
246.0
238.0
304.0
260.0
268.0
231.0
255.0
335.0
225.0
238.0
246.0
249.0
293.0
302.0
309.0
246.0
259.0
324.0
259.0
260.0
249.0
254.0
252.0
284.0
272.0
252.0
257.0
292.0
278.0
254.0
267.0
250.0
288.0
266.0
290.0
254.0
238.0
299.0
255.0
270.0
242.0
279.0
291.0
283.0
258.0
291.0
262.0
256.0
222.0
274.0
325.0
279.0
282.0
282.0
255.0
321.0
300.0
277.0
276.0
243.0
287.0
259.0
321.0
385.0
304.0
256.0
273.0
265.0
284.0
313.0
261.0
296.0
241.0
289.0
262.0
281.0
326.0
273.0
254.0
277.0
296.0
257.0
323.0
240.0
371.0
254.0
314.0
300.0
259.0
251.0
278.0
308.0
228.0
240.0
315.0
224.0
277.0
295.0
322.0
294.0
260.0
289.0
299.0
252.0
404.0
324.0
270.0
252.0
282.0
242.0
299.0
271.0
236.0
253.0
268.0
275.0
281.0
264.0
