255.0
256.0
252.0
257.0
266.0
276.0
273.0
248.0
273.0
247.0
251.0
249.0
261.0
259.0
233.0
264.0
318.0
282.0
265.0
267.0
238.0
249.0
292.0
246.0
307.0
230.0
244.0
252.0
264.0
259.0
255.0
275.0
230.0
306.0
324.0
246.0
280.0
264.0
269.0
274.0
251.0
280.0
320.0
289.0
299.0
240.0
322.0
220.0
256.0
268.0
276.0
296.0
235.0
282.0
321.0
301.0
245.0
261.0
282.0
251.0
273.0
253.0
247.0
217.0
308.0
281.0
259.0
322.0
272.0
289.0
287.0
272.0
294.0
243.0
287.0
253.0
234.0
311.0
255.0
282.0
251.0
296.0
247.0
257.0
278.0
287.0
301.0
284.0
264.0
298.0
228.0
277.0
300.0
253.0
242.0
296.0
246.0
275.0
316.0
252.0
229.0
233.0
283.0
278.0
252.0
232.0
279.0
276.0
242.0
268.0
267.0
238.0
347.0
261.0
312.0
311.0
275.0
320.0
299.0
292.0
280.0
246.0
258.0
314.0
273.0
259.0
266.0
271.0
229.0
300.0
274.0
275.0
249.0
252.0
269.0
262.0
288.0
265.0
261.0
276.0
249.0
303.0
283.0
277.0
269.0
253.0
288.0
286.0
324.0
261.0
251.0
251.0
280.0
251.0
244.0
258.0
260.0
262.0
289.0
252.0
225.0
257.0
242.0
254.0
273.0
262.0
257.0
273.0
249.0
318.0
247.0
309.0
265.0
289.0
303.0
248.0
274.0
268.0
248.0
235.0
295.0
255.0
289.0
316.0
303.0
294.0
261.0
291.0
265.0
291.0
303.0
258.0
242.0
289.0
227.0
290.0
307.0
302.0
273.0
298.0
