277.0
292.0
262.0
229.0
265.0
290.0
326.0
233.0
235.0
273.0
260.0
278.0
252.0
238.0
337.0
254.0
271.0
256.0
259.0
280.0
262.0
265.0
265.0
250.0
252.0
298.0
258.0
247.0
249.0
252.0
331.0
292.0
315.0
231.0
236.0
298.0
281.0
235.0
264.0
241.0
217.0
249.0
262.0
257.0
258.0
249.0
287.0
286.0
266.0
244.0
279.0
283.0
230.0
249.0
273.0
249.0
240.0
316.0
249.0
241.0
251.0
300.0
258.0
275.0
304.0
267.0
263.0
265.0
254.0
255.0
258.0
292.0
278.0
290.0
289.0
272.0
275.0
299.0
280.0
343.0
235.0
266.0
274.0
271.0
231.0
254.0
258.0
284.0
233.0
257.0
272.0
255.0
296.0
245.0
273.0
211.0
295.0
268.0
233.0
275.0
313.0
267.0
251.0
288.0
222.0
252.0
267.0
286.0
236.0
293.0
252.0
280.0
288.0
249.0
303.0
276.0
299.0
249.0
229.0
269.0
239.0
266.0
245.0
280.0
268.0
319.0
266.0
245.0
243.0
239.0
246.0
239.0
261.0
244.0
247.0
275.0
280.0
266.0
209.0
266.0
277.0
282.0
250.0
241.0
280.0
231.0
249.0
279.0
307.0
252.0
275.0
236.0
261.0
250.0
255.0
257.0
322.0
265.0
245.0
262.0
232.0
238.0
336.0
281.0
263.0
271.0
228.0
313.0
271.0
256.0
255.0
277.0
268.0
286.0
302.0
422.0
268.0
254.0
271.0
245.0
223.0
256.0
276.0
263.0
309.0
252.0
275.0
274.0
253.0
286.0
289.0
286.0
259.0
260.0
269.0
262.0
287.0
286.0
248.0
245.0
