257.0
247.0
255.0
242.0
263.0
240.0
294.0
240.0
251.0
247.0
255.0
273.0
264.0
229.0
237.0
257.0
227.0
249.0
252.0
238.0
240.0
309.0
268.0
241.0
280.0
208.0
265.0
237.0
250.0
247.0
365.0
260.0
294.0
238.0
272.0
288.0
233.0
240.0
243.0
230.0
229.0
219.0
293.0
284.0
252.0
271.0
313.0
264.0
282.0
232.0
236.0
232.0
257.0
257.0
262.0
234.0
252.0
263.0
273.0
247.0
308.0
246.0
276.0
266.0
289.0
276.0
242.0
242.0
248.0
259.0
272.0
221.0
300.0
278.0
228.0
280.0
244.0
215.0
272.0
287.0
284.0
257.0
299.0
265.0
238.0
242.0
264.0
285.0
228.0
255.0
256.0
251.0
276.0
226.0
244.0
303.0
314.0
308.0
219.0
238.0
287.0
251.0
254.0
286.0
258.0
255.0
253.0
289.0
254.0
249.0
273.0
258.0
230.0
226.0
259.0
226.0
249.0
343.0
247.0
235.0
226.0
229.0
280.0
318.0
246.0
255.0
283.0
280.0
221.0
241.0
340.0
242.0
241.0
204.0
269.0
333.0
253.0
271.0
251.0
326.0
236.0
278.0
264.0
284.0
267.0
232.0
287.0
239.0
229.0
263.0
236.0
268.0
275.0
247.0
221.0
247.0
230.0
236.0
272.0
247.0
244.0
266.0
345.0
274.0
212.0
243.0
265.0
247.0
320.0
256.0
231.0
250.0
288.0
341.0
313.0
265.0
267.0
210.0
241.0
270.0
227.0
230.0
254.0
211.0
257.0
224.0
244.0
247.0
286.0
218.0
278.0
264.0
235.0
248.0
286.0
276.0
285.0
255.0
315.0
249.0
