192.0
197.0
159.0
250.0
253.0
248.0
164.0
214.0
199.0
211.0
167.0
204.0
148.0
189.0
161.0
163.0
249.0
232.0
202.0
220.0
182.0
168.0
214.0
170.0
164.0
171.0
221.0
166.0
169.0
194.0
217.0
187.0
149.0
159.0
153.0
242.0
153.0
165.0
284.0
289.0
165.0
162.0
180.0
225.0
161.0
148.0
156.0
195.0
192.0
175.0
173.0
162.0
206.0
158.0
163.0
199.0
173.0
143.0
179.0
155.0
132.0
248.0
225.0
297.0
240.0
206.0
189.0
224.0
165.0
187.0
140.0
160.0
147.0
171.0
200.0
168.0
156.0
208.0
166.0
179.0
156.0
170.0
172.0
236.0
182.0
201.0
201.0
171.0
199.0
174.0
172.0
168.0
212.0
234.0
194.0
164.0
157.0
246.0
153.0
217.0
217.0
136.0
183.0
173.0
214.0
173.0
161.0
209.0
158.0
205.0
152.0
162.0
175.0
160.0
179.0
151.0
219.0
149.0
174.0
241.0
220.0
151.0
216.0
192.0
184.0
162.0
308.0
261.0
201.0
373.0
224.0
129.0
146.0
179.0
175.0
180.0
217.0
190.0
173.0
182.0
170.0
151.0
169.0
183.0
153.0
211.0
164.0
160.0
161.0
166.0
159.0
174.0
151.0
218.0
215.0
148.0
147.0
200.0
184.0
201.0
220.0
149.0
211.0
197.0
158.0
257.0
192.0
238.0
217.0
152.0
168.0
188.0
157.0
129.0
222.0
198.0
164.0
154.0
163.0
138.0
199.0
163.0
163.0
160.0
156.0
190.0
169.0
177.0
147.0
178.0
152.0
159.0
154.0
151.0
159.0
180.0
160.0
184.0
196.0
176.0
