140.0
335.0
153.0
140.0
160.0
148.0
168.0
158.0
153.0
149.0
150.0
150.0
171.0
178.0
149.0
157.0
178.0
186.0
150.0
138.0
164.0
175.0
171.0
162.0
195.0
170.0
210.0
170.0
170.0
158.0
173.0
152.0
220.0
137.0
167.0
231.0
161.0
260.0
178.0
158.0
159.0
153.0
218.0
170.0
160.0
156.0
196.0
178.0
128.0
165.0
201.0
172.0
157.0
167.0
221.0
147.0
151.0
167.0
173.0
173.0
143.0
172.0
225.0
162.0
157.0
146.0
158.0
159.0
152.0
195.0
149.0
170.0
166.0
163.0
185.0
143.0
165.0
156.0
147.0
170.0
158.0
139.0
148.0
182.0
161.0
138.0
151.0
161.0
164.0
158.0
136.0
142.0
158.0
164.0
151.0
142.0
154.0
162.0
165.0
173.0
162.0
149.0
190.0
181.0
157.0
192.0
178.0
152.0
157.0
170.0
160.0
182.0
199.0
194.0
157.0
187.0
280.0
148.0
210.0
170.0
190.0
155.0
154.0
165.0
169.0
179.0
157.0
148.0
169.0
163.0
137.0
166.0
164.0
199.0
195.0
191.0
171.0
166.0
171.0
261.0
191.0
167.0
148.0
150.0
164.0
133.0
192.0
207.0
144.0
179.0
166.0
181.0
201.0
159.0
162.0
179.0
176.0
180.0
160.0
199.0
199.0
162.0
155.0
180.0
154.0
149.0
158.0
173.0
182.0
170.0
151.0
156.0
177.0
194.0
145.0
160.0
156.0
168.0
141.0
167.0
221.0
173.0
155.0
182.0
133.0
147.0
138.0
145.0
160.0
169.0
173.0
217.0
188.0
156.0
165.0
150.0
200.0
138.0
198.0
204.0
