166.0
141.0
221.0
159.0
156.0
169.0
149.0
165.0
176.0
162.0
141.0
170.0
164.0
149.0
143.0
165.0
166.0
149.0
209.0
179.0
259.0
150.0
199.0
168.0
181.0
169.0
170.0
160.0
171.0
153.0
143.0
161.0
146.0
170.0
171.0
170.0
163.0
150.0
196.0
156.0
159.0
179.0
160.0
138.0
148.0
152.0
140.0
165.0
199.0
137.0
147.0
145.0
157.0
142.0
156.0
149.0
209.0
149.0
166.0
148.0
210.0
176.0
199.0
156.0
148.0
153.0
162.0
173.0
154.0
140.0
169.0
161.0
156.0
178.0
178.0
185.0
207.0
162.0
149.0
146.0
151.0
232.0
161.0
142.0
157.0
149.0
201.0
164.0
200.0
140.0
164.0
154.0
149.0
171.0
141.0
167.0
142.0
176.0
146.0
175.0
137.0
123.0
171.0
145.0
179.0
155.0
150.0
221.0
131.0
161.0
157.0
157.0
157.0
153.0
161.0
179.0
144.0
148.0
192.0
187.0
273.0
169.0
183.0
153.0
142.0
144.0
152.0
166.0
164.0
150.0
158.0
174.0
155.0
215.0
157.0
162.0
208.0
183.0
189.0
220.0
164.0
141.0
228.0
167.0
178.0
164.0
149.0
162.0
162.0
182.0
162.0
155.0
148.0
158.0
140.0
177.0
163.0
153.0
151.0
169.0
163.0
167.0
149.0
164.0
150.0
161.0
138.0
164.0
177.0
149.0
150.0
159.0
195.0
175.0
163.0
189.0
168.0
145.0
168.0
130.0
175.0
166.0
164.0
157.0
145.0
190.0
177.0
147.0
149.0
149.0
176.0
207.0
160.0
179.0
205.0
297.0
140.0
157.0
134.0
154.0
