219.0
267.0
248.0
236.0
253.0
257.0
226.0
257.0
278.0
249.0
243.0
262.0
257.0
265.0
255.0
287.0
283.0
230.0
267.0
267.0
252.0
242.0
294.0
252.0
234.0
241.0
312.0
230.0
231.0
227.0
287.0
255.0
230.0
227.0
257.0
255.0
283.0
225.0
269.0
246.0
238.0
249.0
249.0
272.0
263.0
241.0
250.0
309.0
255.0
247.0
256.0
306.0
266.0
259.0
266.0
256.0
226.0
264.0
268.0
262.0
229.0
290.0
289.0
227.0
246.0
266.0
207.0
264.0
245.0
261.0
262.0
258.0
272.0
339.0
264.0
261.0
240.0
273.0
269.0
244.0
259.0
232.0
240.0
223.0
219.0
273.0
269.0
269.0
253.0
223.0
222.0
256.0
262.0
228.0
249.0
246.0
237.0
270.0
230.0
224.0
234.0
300.0
267.0
284.0
229.0
226.0
261.0
270.0
297.0
319.0
255.0
232.0
276.0
291.0
266.0
306.0
290.0
232.0
216.0
231.0
258.0
334.0
215.0
260.0
293.0
260.0
272.0
239.0
209.0
271.0
227.0
296.0
210.0
278.0
251.0
374.0
235.0
279.0
243.0
295.0
256.0
259.0
215.0
297.0
233.0
262.0
221.0
287.0
267.0
257.0
242.0
241.0
266.0
269.0
278.0
237.0
268.0
207.0
276.0
256.0
278.0
243.0
225.0
284.0
252.0
245.0
285.0
253.0
252.0
237.0
266.0
258.0
313.0
258.0
273.0
290.0
250.0
265.0
280.0
235.0
275.0
218.0
255.0
259.0
235.0
227.0
281.0
255.0
311.0
253.0
273.0
236.0
234.0
256.0
244.0
289.0
286.0
228.0
249.0
267.0
