187.0
215.0
165.0
242.0
199.0
237.0
199.0
152.0
172.0
169.0
250.0
188.0
175.0
165.0
210.0
175.0
181.0
264.0
198.0
183.0
179.0
181.0
156.0
203.0
174.0
187.0
255.0
156.0
156.0
235.0
162.0
141.0
170.0
212.0
178.0
163.0
170.0
154.0
162.0
178.0
222.0
158.0
174.0
176.0
158.0
157.0
143.0
164.0
157.0
159.0
177.0
150.0
165.0
161.0
173.0
171.0
197.0
198.0
226.0
165.0
213.0
170.0
163.0
146.0
174.0
156.0
159.0
203.0
195.0
254.0
175.0
221.0
190.0
188.0
186.0
174.0
212.0
205.0
165.0
197.0
160.0
234.0
181.0
152.0
151.0
148.0
173.0
160.0
174.0
165.0
159.0
165.0
154.0
251.0
178.0
213.0
166.0
212.0
270.0
169.0
233.0
183.0
230.0
167.0
147.0
175.0
193.0
169.0
188.0
178.0
179.0
160.0
158.0
157.0
176.0
179.0
178.0
212.0
305.0
217.0
164.0
180.0
149.0
183.0
160.0
217.0
214.0
186.0
165.0
203.0
141.0
230.0
147.0
190.0
180.0
173.0
290.0
219.0
162.0
176.0
195.0
157.0
238.0
160.0
146.0
203.0
192.0
177.0
184.0
221.0
174.0
158.0
178.0
161.0
170.0
197.0
204.0
209.0
177.0
168.0
182.0
184.0
137.0
149.0
174.0
151.0
200.0
171.0
197.0
162.0
135.0
184.0
160.0
170.0
240.0
163.0
174.0
180.0
133.0
279.0
178.0
186.0
180.0
186.0
211.0
182.0
190.0
174.0
169.0
176.0
164.0
192.0
186.0
252.0
180.0
212.0
188.0
217.0
151.0
179.0
