266.0
250.0
203.0
178.0
197.0
219.0
231.0
196.0
200.0
194.0
193.0
237.0
357.0
262.0
219.0
161.0
159.0
222.0
196.0
170.0
187.0
170.0
215.0
173.0
259.0
208.0
172.0
221.0
199.0
342.0
252.0
158.0
165.0
172.0
161.0
162.0
183.0
154.0
189.0
166.0
151.0
196.0
184.0
230.0
166.0
368.0
242.0
175.0
157.0
179.0
192.0
160.0
211.0
237.0
214.0
218.0
201.0
190.0
196.0
188.0
192.0
165.0
210.0
174.0
251.0
219.0
197.0
197.0
181.0
222.0
227.0
210.0
168.0
163.0
188.0
182.0
188.0
166.0
210.0
220.0
245.0
167.0
209.0
170.0
174.0
241.0
171.0
232.0
156.0
164.0
210.0
210.0
198.0
187.0
167.0
303.0
250.0
196.0
232.0
143.0
214.0
229.0
176.0
263.0
247.0
172.0
175.0
145.0
203.0
181.0
235.0
259.0
224.0
265.0
220.0
207.0
152.0
146.0
169.0
235.0
183.0
160.0
175.0
294.0
202.0
221.0
170.0
225.0
189.0
270.0
271.0
194.0
149.0
164.0
182.0
208.0
202.0
173.0
165.0
174.0
151.0
172.0
157.0
164.0
190.0
246.0
194.0
242.0
145.0
159.0
262.0
184.0
161.0
179.0
234.0
164.0
159.0
290.0
422.0
324.0
260.0
184.0
166.0
232.0
223.0
192.0
177.0
323.0
253.0
217.0
312.0
402.0
347.0
212.0
174.0
209.0
193.0
152.0
206.0
187.0
183.0
266.0
285.0
202.0
273.0
175.0
255.0
161.0
180.0
168.0
165.0
162.0
182.0
167.0
162.0
191.0
159.0
174.0
183.0
170.0
