267.0
265.0
299.0
261.0
241.0
244.0
242.0
253.0
251.0
282.0
300.0
244.0
255.0
277.0
290.0
219.0
255.0
295.0
287.0
259.0
251.0
263.0
243.0
251.0
271.0
232.0
243.0
242.0
274.0
283.0
229.0
247.0
284.0
276.0
213.0
273.0
246.0
285.0
238.0
274.0
261.0
234.0
251.0
295.0
238.0
237.0
288.0
240.0
229.0
240.0
263.0
286.0
258.0
264.0
235.0
233.0
351.0
245.0
264.0
252.0
251.0
276.0
256.0
285.0
249.0
291.0
303.0
219.0
244.0
263.0
321.0
248.0
246.0
262.0
282.0
265.0
245.0
262.0
275.0
243.0
259.0
279.0
222.0
246.0
280.0
290.0
245.0
276.0
278.0
277.0
253.0
241.0
289.0
254.0
293.0
257.0
273.0
257.0
282.0
220.0
252.0
296.0
256.0
216.0
229.0
270.0
252.0
238.0
288.0
245.0
315.0
277.0
240.0
273.0
277.0
265.0
254.0
226.0
260.0
281.0
231.0
288.0
248.0
223.0
263.0
259.0
279.0
261.0
245.0
226.0
227.0
228.0
232.0
247.0
220.0
255.0
224.0
259.0
261.0
240.0
258.0
258.0
248.0
253.0
269.0
290.0
219.0
277.0
253.0
252.0
340.0
260.0
279.0
242.0
260.0
251.0
289.0
241.0
253.0
289.0
248.0
239.0
318.0
249.0
226.0
264.0
232.0
242.0
284.0
244.0
265.0
289.0
233.0
259.0
311.0
328.0
229.0
232.0
276.0
275.0
272.0
223.0
306.0
239.0
221.0
259.0
267.0
252.0
224.0
226.0
276.0
253.0
261.0
246.0
260.0
295.0
263.0
293.0
260.0
247.0
