393.0
457.0
461.0
603.0
632.0
695.0
835.0
749.0
866.0
786.0
795.0
788.0
849.0
874.0
780.0
891.0
696.0
876.0
809.0
752.0
801.0
769.0
871.0
1001.0
749.0
670.0
830.0
741.0
821.0
783.0
849.0
743.0
661.0
966.0
782.0
876.0
916.0
845.0
869.0
940.0
760.0
820.0
882.0
870.0
728.0
748.0
799.0
838.0
844.0
762.0
800.0
803.0
822.0
818.0
739.0
839.0
942.0
867.0
900.0
849.0
720.0
827.0
963.0
955.0
792.0
826.0
783.0
753.0
769.0
831.0
771.0
819.0
840.0
871.0
722.0
781.0
927.0
812.0
765.0
809.0
806.0
760.0
812.0
867.0
859.0
741.0
709.0
793.0
799.0
748.0
816.0
779.0
813.0
858.0
679.0
929.0
843.0
771.0
784.0
790.0
860.0
962.0
889.0
881.0
870.0
888.0
722.0
699.0
876.0
789.0
806.0
653.0
817.0
951.0
728.0
745.0
733.0
946.0
920.0
826.0
829.0
727.0
732.0
768.0
847.0
803.0
747.0
884.0
726.0
771.0
849.0
764.0
987.0
841.0
852.0
885.0
883.0
827.0
761.0
806.0
758.0
782.0
811.0
867.0
959.0
774.0
798.0
844.0
695.0
955.0
789.0
809.0
770.0
680.0
805.0
911.0
737.0
857.0
855.0
709.0
807.0
779.0
848.0
767.0
969.0
825.0
742.0
869.0
816.0
801.0
912.0
834.0
786.0
944.0
729.0
693.0
1005.0
771.0
757.0
833.0
755.0
769.0
788.0
783.0
772.0
694.0
821.0
925.0
892.0
881.0
751.0
761.0
750.0
743.0
893.0
719.0
796.0
742.0
850.0
785.0
