161.0
153.0
211.0
199.0
186.0
136.0
179.0
162.0
147.0
151.0
162.0
187.0
184.0
181.0
186.0
144.0
154.0
153.0
158.0
172.0
183.0
220.0
228.0
194.0
178.0
144.0
154.0
157.0
173.0
208.0
177.0
143.0
167.0
139.0
206.0
171.0
167.0
161.0
157.0
155.0
193.0
156.0
152.0
155.0
171.0
153.0
200.0
216.0
142.0
147.0
182.0
168.0
153.0
183.0
143.0
163.0
143.0
176.0
180.0
395.0
204.0
162.0
161.0
152.0
143.0
137.0
213.0
197.0
192.0
154.0
156.0
170.0
151.0
179.0
153.0
146.0
176.0
179.0
157.0
138.0
230.0
143.0
168.0
154.0
155.0
218.0
127.0
187.0
189.0
181.0
159.0
153.0
201.0
164.0
143.0
244.0
243.0
196.0
193.0
162.0
153.0
174.0
161.0
150.0
183.0
146.0
191.0
187.0
222.0
200.0
217.0
169.0
198.0
174.0
177.0
172.0
148.0
146.0
148.0
165.0
204.0
154.0
139.0
169.0
213.0
148.0
175.0
160.0
164.0
198.0
150.0
201.0
206.0
149.0
137.0
175.0
156.0
140.0
157.0
157.0
188.0
148.0
166.0
127.0
170.0
181.0
194.0
155.0
142.0
170.0
140.0
160.0
149.0
147.0
146.0
170.0
157.0
194.0
170.0
176.0
183.0
149.0
146.0
174.0
169.0
233.0
139.0
144.0
151.0
147.0
186.0
151.0
154.0
144.0
133.0
145.0
186.0
191.0
144.0
167.0
198.0
154.0
161.0
158.0
150.0
141.0
186.0
163.0
163.0
140.0
172.0
167.0
178.0
166.0
156.0
159.0
237.0
167.0
173.0
220.0
