245.0
278.0
262.0
307.0
286.0
256.0
228.0
243.0
272.0
226.0
235.0
259.0
214.0
284.0
235.0
240.0
263.0
242.0
249.0
279.0
249.0
266.0
300.0
245.0
254.0
240.0
241.0
281.0
249.0
228.0
258.0
243.0
272.0
308.0
245.0
256.0
259.0
311.0
252.0
287.0
246.0
279.0
258.0
230.0
268.0
283.0
279.0
273.0
249.0
288.0
255.0
287.0
279.0
243.0
278.0
303.0
217.0
246.0
269.0
224.0
318.0
354.0
253.0
282.0
207.0
277.0
258.0
303.0
262.0
258.0
250.0
268.0
306.0
284.0
230.0
270.0
223.0
257.0
297.0
272.0
245.0
293.0
262.0
228.0
271.0
273.0
238.0
244.0
308.0
254.0
362.0
221.0
332.0
258.0
250.0
267.0
249.0
228.0
252.0
279.0
260.0
266.0
271.0
248.0
220.0
330.0
235.0
245.0
257.0
271.0
291.0
255.0
261.0
284.0
232.0
256.0
291.0
281.0
310.0
256.0
266.0
297.0
276.0
273.0
256.0
239.0
293.0
250.0
295.0
241.0
352.0
278.0
250.0
270.0
278.0
240.0
241.0
283.0
247.0
275.0
239.0
270.0
295.0
335.0
259.0
251.0
249.0
260.0
260.0
231.0
286.0
243.0
282.0
260.0
240.0
236.0
261.0
311.0
271.0
232.0
226.0
292.0
251.0
228.0
232.0
268.0
243.0
259.0
248.0
293.0
276.0
240.0
241.0
265.0
273.0
252.0
293.0
237.0
257.0
245.0
251.0
253.0
233.0
276.0
238.0
285.0
283.0
256.0
248.0
230.0
252.0
218.0
252.0
239.0
307.0
231.0
222.0
241.0
279.0
255.0
