138.0
146.0
152.0
154.0
170.0
151.0
195.0
175.0
156.0
154.0
176.0
178.0
200.0
186.0
198.0
183.0
148.0
154.0
188.0
148.0
194.0
144.0
168.0
156.0
187.0
147.0
152.0
134.0
166.0
164.0
167.0
185.0
174.0
172.0
143.0
159.0
231.0
145.0
163.0
185.0
162.0
154.0
148.0
167.0
181.0
226.0
184.0
170.0
204.0
174.0
172.0
151.0
150.0
150.0
154.0
155.0
193.0
169.0
226.0
172.0
188.0
155.0
146.0
188.0
160.0
167.0
167.0
155.0
192.0
158.0
164.0
171.0
165.0
161.0
151.0
163.0
260.0
142.0
158.0
167.0
164.0
158.0
152.0
176.0
140.0
182.0
156.0
150.0
165.0
202.0
197.0
307.0
163.0
183.0
151.0
165.0
191.0
156.0
150.0
153.0
156.0
148.0
197.0
171.0
165.0
222.0
221.0
171.0
169.0
235.0
165.0
133.0
212.0
185.0
129.0
167.0
185.0
168.0
154.0
167.0
224.0
183.0
158.0
152.0
180.0
204.0
147.0
172.0
162.0
163.0
153.0
150.0
149.0
184.0
162.0
137.0
201.0
162.0
164.0
193.0
190.0
157.0
143.0
170.0
154.0
178.0
182.0
190.0
235.0
161.0
164.0
179.0
170.0
135.0
173.0
169.0
201.0
161.0
159.0
206.0
172.0
146.0
194.0
190.0
186.0
141.0
225.0
174.0
150.0
165.0
168.0
170.0
138.0
270.0
186.0
161.0
173.0
229.0
175.0
153.0
195.0
161.0
175.0
175.0
214.0
258.0
153.0
149.0
159.0
173.0
237.0
159.0
187.0
150.0
161.0
202.0
158.0
173.0
174.0
141.0
