319.0
242.0
343.0
315.0
252.0
250.0
215.0
208.0
331.0
264.0
225.0
226.0
189.0
167.0
184.0
225.0
300.0
293.0
198.0
210.0
172.0
202.0
172.0
193.0
205.0
185.0
203.0
249.0
190.0
183.0
167.0
164.0
190.0
193.0
190.0
309.0
315.0
338.0
300.0
264.0
202.0
225.0
179.0
215.0
256.0
224.0
207.0
173.0
195.0
232.0
238.0
211.0
186.0
209.0
189.0
226.0
248.0
193.0
197.0
231.0
196.0
196.0
267.0
221.0
213.0
157.0
207.0
153.0
180.0
197.0
215.0
195.0
216.0
154.0
182.0
152.0
228.0
236.0
232.0
170.0
218.0
196.0
238.0
211.0
196.0
206.0
355.0
329.0
330.0
257.0
191.0
167.0
212.0
211.0
299.0
356.0
266.0
186.0
201.0
198.0
292.0
188.0
214.0
199.0
263.0
238.0
198.0
168.0
296.0
285.0
224.0
194.0
148.0
177.0
213.0
166.0
149.0
165.0
237.0
233.0
256.0
194.0
161.0
177.0
166.0
200.0
219.0
204.0
170.0
410.0
338.0
298.0
254.0
246.0
211.0
202.0
197.0
160.0
147.0
173.0
215.0
200.0
247.0
245.0
238.0
211.0
181.0
164.0
253.0
201.0
205.0
149.0
175.0
252.0
247.0
213.0
216.0
194.0
200.0
225.0
173.0
182.0
185.0
155.0
159.0
206.0
177.0
274.0
251.0
227.0
257.0
203.0
230.0
244.0
256.0
303.0
331.0
326.0
321.0
273.0
248.0
275.0
185.0
209.0
187.0
207.0
163.0
253.0
204.0
184.0
209.0
151.0
188.0
202.0
164.0
173.0
156.0
186.0
202.0
171.0
