230.0
220.0
281.0
305.0
263.0
276.0
251.0
227.0
246.0
263.0
256.0
237.0
268.0
252.0
234.0
255.0
334.0
270.0
268.0
257.0
295.0
274.0
279.0
279.0
240.0
211.0
240.0
272.0
267.0
288.0
228.0
282.0
281.0
230.0
244.0
239.0
248.0
239.0
249.0
268.0
254.0
256.0
262.0
275.0
249.0
260.0
271.0
229.0
272.0
249.0
249.0
310.0
274.0
238.0
255.0
296.0
248.0
264.0
223.0
278.0
245.0
245.0
242.0
258.0
268.0
262.0
223.0
231.0
263.0
297.0
287.0
288.0
251.0
245.0
265.0
248.0
269.0
288.0
232.0
235.0
255.0
292.0
320.0
257.0
222.0
315.0
245.0
358.0
243.0
258.0
240.0
278.0
257.0
271.0
249.0
248.0
263.0
287.0
289.0
254.0
278.0
269.0
317.0
254.0
236.0
279.0
259.0
251.0
262.0
315.0
253.0
263.0
288.0
279.0
303.0
304.0
290.0
249.0
239.0
282.0
260.0
244.0
263.0
270.0
275.0
245.0
247.0
243.0
265.0
258.0
271.0
225.0
253.0
299.0
236.0
307.0
265.0
308.0
293.0
295.0
322.0
239.0
282.0
286.0
286.0
243.0
240.0
277.0
296.0
282.0
266.0
241.0
265.0
325.0
272.0
289.0
274.0
264.0
281.0
269.0
247.0
249.0
274.0
283.0
223.0
271.0
292.0
275.0
252.0
291.0
283.0
266.0
297.0
234.0
262.0
238.0
270.0
232.0
276.0
261.0
263.0
231.0
241.0
248.0
279.0
287.0
250.0
225.0
261.0
219.0
233.0
284.0
305.0
276.0
255.0
269.0
267.0
246.0
239.0
289.0
