303.0
246.0
274.0
265.0
316.0
297.0
248.0
267.0
249.0
227.0
220.0
245.0
230.0
359.0
303.0
267.0
281.0
229.0
235.0
250.0
240.0
237.0
242.0
295.0
244.0
245.0
253.0
280.0
246.0
237.0
237.0
233.0
320.0
302.0
255.0
264.0
264.0
244.0
298.0
277.0
238.0
246.0
263.0
284.0
252.0
279.0
346.0
326.0
263.0
280.0
260.0
229.0
238.0
270.0
249.0
305.0
257.0
251.0
292.0
273.0
228.0
253.0
240.0
266.0
266.0
333.0
270.0
245.0
266.0
255.0
227.0
243.0
247.0
273.0
289.0
252.0
256.0
253.0
236.0
275.0
250.0
270.0
271.0
255.0
266.0
218.0
259.0
247.0
237.0
298.0
299.0
270.0
329.0
248.0
280.0
249.0
248.0
249.0
243.0
284.0
232.0
291.0
285.0
254.0
291.0
258.0
250.0
289.0
272.0
229.0
225.0
263.0
281.0
272.0
282.0
253.0
268.0
259.0
285.0
265.0
281.0
246.0
238.0
268.0
291.0
259.0
221.0
289.0
287.0
275.0
252.0
233.0
246.0
234.0
260.0
325.0
234.0
245.0
266.0
244.0
251.0
278.0
253.0
278.0
261.0
278.0
232.0
274.0
256.0
235.0
305.0
252.0
294.0
293.0
237.0
259.0
225.0
271.0
236.0
254.0
267.0
303.0
253.0
289.0
260.0
292.0
296.0
260.0
246.0
269.0
230.0
292.0
249.0
303.0
285.0
243.0
256.0
257.0
236.0
276.0
302.0
247.0
306.0
273.0
254.0
319.0
285.0
289.0
227.0
254.0
273.0
266.0
246.0
263.0
228.0
216.0
277.0
235.0
272.0
293.0
