295.0
286.0
229.0
251.0
262.0
278.0
283.0
290.0
287.0
315.0
242.0
242.0
271.0
260.0
253.0
238.0
270.0
287.0
264.0
256.0
273.0
308.0
261.0
279.0
271.0
248.0
339.0
248.0
276.0
250.0
283.0
247.0
246.0
257.0
271.0
320.0
357.0
264.0
288.0
257.0
250.0
231.0
263.0
264.0
322.0
275.0
243.0
237.0
255.0
274.0
246.0
289.0
284.0
276.0
245.0
236.0
326.0
263.0
286.0
239.0
363.0
242.0
237.0
286.0
271.0
278.0
262.0
250.0
290.0
234.0
255.0
292.0
275.0
234.0
282.0
258.0
273.0
261.0
240.0
277.0
296.0
292.0
237.0
269.0
263.0
248.0
243.0
268.0
229.0
263.0
264.0
257.0
232.0
334.0
251.0
244.0
253.0
239.0
278.0
266.0
240.0
243.0
242.0
280.0
325.0
281.0
274.0
250.0
272.0
267.0
272.0
237.0
250.0
246.0
278.0
277.0
387.0
325.0
222.0
285.0
234.0
258.0
310.0
257.0
257.0
235.0
281.0
235.0
270.0
304.0
258.0
328.0
310.0
270.0
256.0
227.0
257.0
289.0
240.0
279.0
273.0
247.0
231.0
246.0
260.0
265.0
294.0
278.0
227.0
293.0
283.0
262.0
282.0
283.0
288.0
285.0
269.0
279.0
279.0
271.0
272.0
326.0
235.0
248.0
298.0
312.0
251.0
260.0
230.0
299.0
279.0
255.0
271.0
252.0
242.0
211.0
274.0
338.0
283.0
307.0
269.0
270.0
253.0
294.0
300.0
252.0
253.0
274.0
274.0
272.0
238.0
320.0
266.0
281.0
256.0
267.0
321.0
311.0
291.0
307.0
