155.0
197.0
166.0
211.0
163.0
242.0
185.0
145.0
161.0
167.0
283.0
192.0
143.0
151.0
180.0
180.0
232.0
166.0
153.0
188.0
143.0
176.0
154.0
139.0
152.0
170.0
240.0
177.0
198.0
146.0
161.0
183.0
151.0
175.0
159.0
191.0
183.0
235.0
203.0
206.0
202.0
162.0
142.0
187.0
239.0
177.0
171.0
157.0
173.0
163.0
163.0
158.0
153.0
157.0
180.0
204.0
285.0
240.0
161.0
221.0
146.0
176.0
164.0
158.0
167.0
172.0
166.0
173.0
176.0
161.0
236.0
325.0
220.0
181.0
233.0
224.0
166.0
177.0
152.0
229.0
188.0
182.0
170.0
175.0
234.0
175.0
179.0
162.0
177.0
234.0
163.0
241.0
181.0
168.0
162.0
182.0
162.0
205.0
171.0
151.0
172.0
349.0
213.0
178.0
161.0
150.0
207.0
165.0
180.0
176.0
190.0
151.0
186.0
153.0
200.0
198.0
167.0
151.0
191.0
177.0
182.0
161.0
157.0
214.0
174.0
165.0
162.0
208.0
166.0
160.0
166.0
220.0
193.0
180.0
195.0
177.0
167.0
150.0
192.0
223.0
304.0
231.0
228.0
173.0
203.0
260.0
191.0
182.0
176.0
189.0
169.0
189.0
260.0
220.0
148.0
157.0
178.0
143.0
208.0
179.0
213.0
260.0
219.0
170.0
163.0
179.0
168.0
161.0
254.0
261.0
193.0
153.0
191.0
160.0
173.0
181.0
171.0
217.0
232.0
157.0
185.0
153.0
280.0
184.0
141.0
170.0
169.0
156.0
193.0
160.0
169.0
195.0
237.0
299.0
203.0
158.0
209.0
162.0
188.0
171.0
