627.0
750.0
817.0
760.0
855.0
744.0
719.0
854.0
899.0
766.0
837.0
949.0
744.0
687.0
791.0
762.0
775.0
826.0
814.0
923.0
820.0
881.0
858.0
820.0
725.0
773.0
820.0
798.0
891.0
723.0
774.0
901.0
793.0
813.0
815.0
785.0
692.0
830.0
811.0
814.0
818.0
851.0
775.0
658.0
726.0
783.0
736.0
759.0
803.0
842.0
761.0
836.0
819.0
763.0
839.0
805.0
944.0
778.0
819.0
799.0
802.0
802.0
687.0
851.0
845.0
771.0
888.0
1050.0
763.0
896.0
819.0
831.0
781.0
803.0
947.0
756.0
751.0
736.0
735.0
846.0
823.0
788.0
795.0
720.0
747.0
731.0
752.0
947.0
766.0
1003.0
650.0
730.0
699.0
772.0
904.0
796.0
828.0
758.0
904.0
817.0
873.0
787.0
862.0
763.0
752.0
769.0
707.0
717.0
838.0
778.0
849.0
865.0
771.0
866.0
810.0
721.0
878.0
845.0
854.0
730.0
841.0
692.0
870.0
873.0
811.0
696.0
655.0
730.0
757.0
955.0
749.0
731.0
718.0
804.0
757.0
769.0
701.0
796.0
758.0
708.0
820.0
880.0
843.0
797.0
719.0
793.0
769.0
787.0
781.0
817.0
641.0
702.0
818.0
795.0
763.0
772.0
860.0
945.0
695.0
743.0
779.0
738.0
805.0
820.0
775.0
742.0
783.0
662.0
696.0
799.0
751.0
791.0
752.0
829.0
884.0
931.0
732.0
799.0
771.0
856.0
813.0
699.0
787.0
933.0
847.0
764.0
891.0
907.0
796.0
961.0
835.0
910.0
782.0
756.0
804.0
833.0
802.0
901.0
863.0
734.0
