257.0
265.0
248.0
319.0
371.0
277.0
226.0
296.0
275.0
253.0
267.0
273.0
276.0
247.0
268.0
249.0
234.0
234.0
255.0
236.0
277.0
311.0
318.0
257.0
254.0
269.0
267.0
292.0
260.0
241.0
253.0
255.0
297.0
289.0
264.0
316.0
247.0
326.0
306.0
333.0
323.0
260.0
299.0
272.0
241.0
338.0
321.0
282.0
234.0
212.0
328.0
279.0
319.0
246.0
320.0
270.0
313.0
266.0
248.0
221.0
291.0
273.0
294.0
319.0
348.0
285.0
251.0
274.0
274.0
300.0
248.0
289.0
289.0
249.0
269.0
312.0
281.0
280.0
291.0
261.0
329.0
277.0
271.0
241.0
252.0
291.0
260.0
291.0
258.0
280.0
277.0
353.0
253.0
297.0
266.0
258.0
305.0
259.0
312.0
345.0
234.0
288.0
315.0
282.0
261.0
240.0
267.0
291.0
286.0
257.0
269.0
252.0
289.0
254.0
288.0
244.0
273.0
304.0
250.0
361.0
274.0
275.0
250.0
236.0
262.0
290.0
353.0
277.0
234.0
274.0
249.0
270.0
268.0
249.0
267.0
231.0
286.0
307.0
293.0
368.0
331.0
291.0
331.0
388.0
260.0
250.0
253.0
283.0
264.0
262.0
269.0
267.0
265.0
300.0
294.0
325.0
247.0
276.0
317.0
258.0
264.0
273.0
276.0
268.0
218.0
288.0
270.0
300.0
256.0
257.0
315.0
268.0
339.0
274.0
249.0
258.0
261.0
259.0
266.0
249.0
299.0
275.0
250.0
323.0
269.0
300.0
314.0
278.0
235.0
241.0
254.0
278.0
298.0
263.0
254.0
227.0
245.0
235.0
324.0
322.0
