209.0
243.0
241.0
254.0
240.0
232.0
251.0
239.0
254.0
255.0
287.0
233.0
270.0
281.0
291.0
276.0
238.0
255.0
259.0
283.0
255.0
233.0
266.0
247.0
258.0
274.0
317.0
267.0
252.0
239.0
247.0
269.0
248.0
269.0
253.0
245.0
311.0
258.0
251.0
259.0
261.0
270.0
250.0
269.0
277.0
250.0
239.0
314.0
243.0
262.0
279.0
231.0
278.0
243.0
238.0
258.0
304.0
234.0
236.0
221.0
259.0
258.0
314.0
293.0
204.0
241.0
274.0
253.0
255.0
247.0
237.0
264.0
283.0
262.0
259.0
214.0
258.0
227.0
305.0
287.0
238.0
280.0
285.0
243.0
281.0
285.0
272.0
285.0
260.0
332.0
242.0
248.0
253.0
258.0
269.0
247.0
263.0
260.0
289.0
299.0
291.0
330.0
243.0
241.0
273.0
253.0
251.0
288.0
252.0
262.0
233.0
239.0
235.0
265.0
244.0
271.0
232.0
264.0
245.0
241.0
309.0
233.0
293.0
255.0
292.0
271.0
244.0
249.0
261.0
293.0
288.0
239.0
270.0
240.0
255.0
243.0
242.0
208.0
243.0
231.0
302.0
260.0
233.0
234.0
280.0
230.0
287.0
292.0
235.0
261.0
270.0
271.0
220.0
274.0
272.0
245.0
262.0
275.0
309.0
364.0
255.0
245.0
261.0
270.0
276.0
234.0
259.0
259.0
283.0
296.0
218.0
235.0
251.0
333.0
241.0
239.0
270.0
253.0
258.0
262.0
305.0
235.0
257.0
232.0
237.0
287.0
274.0
290.0
296.0
265.0
235.0
288.0
246.0
301.0
225.0
222.0
328.0
243.0
265.0
249.0
