272.0
296.0
313.0
231.0
277.0
256.0
286.0
336.0
246.0
231.0
295.0
229.0
262.0
246.0
262.0
284.0
248.0
253.0
266.0
253.0
233.0
270.0
271.0
269.0
285.0
253.0
239.0
264.0
253.0
245.0
220.0
287.0
270.0
267.0
284.0
251.0
278.0
237.0
270.0
278.0
335.0
241.0
257.0
283.0
298.0
261.0
250.0
238.0
270.0
251.0
279.0
281.0
234.0
252.0
236.0
299.0
227.0
242.0
271.0
237.0
221.0
257.0
275.0
299.0
290.0
248.0
204.0
238.0
240.0
276.0
255.0
266.0
302.0
275.0
264.0
264.0
288.0
235.0
259.0
230.0
239.0
240.0
291.0
245.0
276.0
245.0
276.0
237.0
255.0
283.0
233.0
267.0
275.0
314.0
228.0
262.0
270.0
224.0
264.0
325.0
268.0
251.0
231.0
249.0
231.0
255.0
248.0
311.0
305.0
285.0
278.0
297.0
290.0
270.0
291.0
243.0
287.0
247.0
266.0
280.0
232.0
266.0
255.0
208.0
253.0
233.0
253.0
231.0
262.0
289.0
253.0
241.0
277.0
232.0
252.0
239.0
236.0
274.0
256.0
249.0
260.0
258.0
247.0
253.0
260.0
247.0
267.0
247.0
223.0
251.0
252.0
255.0
275.0
241.0
246.0
284.0
273.0
295.0
287.0
271.0
278.0
220.0
288.0
292.0
248.0
287.0
277.0
239.0
282.0
247.0
239.0
268.0
226.0
235.0
239.0
267.0
252.0
223.0
255.0
232.0
255.0
265.0
231.0
264.0
238.0
254.0
242.0
248.0
239.0
213.0
296.0
254.0
216.0
250.0
283.0
278.0
279.0
272.0
209.0
274.0
