263.0
274.0
336.0
288.0
290.0
245.0
293.0
245.0
258.0
240.0
255.0
290.0
250.0
246.0
267.0
232.0
263.0
249.0
246.0
287.0
261.0
259.0
335.0
259.0
254.0
248.0
240.0
257.0
273.0
235.0
288.0
322.0
253.0
285.0
271.0
310.0
263.0
314.0
307.0
291.0
241.0
282.0
233.0
321.0
255.0
276.0
244.0
261.0
242.0
249.0
268.0
303.0
244.0
258.0
268.0
253.0
262.0
235.0
315.0
319.0
270.0
249.0
301.0
227.0
327.0
288.0
318.0
297.0
326.0
250.0
302.0
357.0
271.0
266.0
272.0
288.0
269.0
304.0
227.0
254.0
256.0
273.0
221.0
246.0
271.0
319.0
246.0
278.0
273.0
283.0
268.0
251.0
285.0
252.0
250.0
276.0
276.0
280.0
334.0
262.0
282.0
237.0
276.0
245.0
335.0
248.0
236.0
233.0
306.0
274.0
238.0
266.0
263.0
344.0
250.0
240.0
257.0
246.0
224.0
248.0
279.0
297.0
264.0
245.0
289.0
225.0
286.0
258.0
254.0
246.0
263.0
288.0
216.0
270.0
302.0
261.0
304.0
305.0
248.0
269.0
247.0
217.0
241.0
258.0
305.0
258.0
270.0
266.0
228.0
243.0
243.0
291.0
296.0
277.0
275.0
303.0
288.0
299.0
282.0
263.0
263.0
250.0
254.0
221.0
279.0
259.0
278.0
272.0
308.0
288.0
249.0
254.0
282.0
263.0
239.0
256.0
282.0
250.0
345.0
279.0
238.0
280.0
249.0
263.0
267.0
260.0
294.0
255.0
245.0
290.0
271.0
298.0
266.0
248.0
261.0
248.0
284.0
252.0
256.0
274.0
