279.0
271.0
257.0
207.0
243.0
255.0
260.0
227.0
333.0
241.0
271.0
257.0
249.0
283.0
294.0
314.0
288.0
272.0
243.0
274.0
227.0
329.0
258.0
242.0
281.0
241.0
273.0
254.0
263.0
272.0
235.0
260.0
240.0
251.0
232.0
264.0
257.0
240.0
258.0
255.0
255.0
244.0
250.0
251.0
248.0
312.0
255.0
299.0
226.0
284.0
251.0
342.0
245.0
270.0
260.0
256.0
248.0
228.0
303.0
272.0
232.0
277.0
267.0
291.0
239.0
279.0
271.0
262.0
257.0
259.0
256.0
325.0
287.0
273.0
318.0
259.0
313.0
252.0
274.0
257.0
236.0
254.0
232.0
310.0
250.0
305.0
245.0
250.0
251.0
260.0
244.0
296.0
253.0
291.0
265.0
275.0
244.0
259.0
236.0
293.0
283.0
258.0
311.0
234.0
246.0
265.0
287.0
252.0
276.0
285.0
248.0
255.0
256.0
257.0
256.0
217.0
231.0
246.0
282.0
228.0
292.0
341.0
275.0
246.0
288.0
307.0
271.0
211.0
240.0
279.0
245.0
308.0
284.0
314.0
263.0
255.0
231.0
261.0
240.0
249.0
258.0
266.0
287.0
279.0
248.0
264.0
302.0
264.0
228.0
250.0
257.0
256.0
286.0
263.0
250.0
214.0
261.0
214.0
252.0
241.0
269.0
243.0
242.0
229.0
287.0
268.0
275.0
338.0
252.0
290.0
253.0
237.0
280.0
252.0
236.0
309.0
253.0
233.0
256.0
231.0
245.0
254.0
292.0
252.0
279.0
252.0
261.0
262.0
239.0
230.0
241.0
218.0
300.0
305.0
324.0
241.0
250.0
249.0
224.0
262.0
