240.0
226.0
240.0
224.0
260.0
286.0
241.0
252.0
265.0
258.0
289.0
244.0
261.0
247.0
263.0
247.0
235.0
263.0
313.0
254.0
260.0
217.0
273.0
233.0
230.0
264.0
254.0
221.0
210.0
296.0
244.0
268.0
237.0
276.0
254.0
248.0
253.0
235.0
268.0
230.0
249.0
269.0
236.0
259.0
256.0
277.0
259.0
260.0
256.0
226.0
233.0
272.0
260.0
314.0
260.0
262.0
270.0
247.0
341.0
247.0
228.0
278.0
255.0
236.0
235.0
221.0
243.0
254.0
252.0
271.0
237.0
238.0
293.0
233.0
232.0
240.0
275.0
258.0
275.0
250.0
270.0
243.0
268.0
227.0
246.0
220.0
285.0
247.0
241.0
269.0
293.0
258.0
243.0
282.0
276.0
232.0
254.0
243.0
310.0
265.0
266.0
240.0
238.0
289.0
244.0
291.0
280.0
333.0
253.0
244.0
273.0
279.0
232.0
298.0
251.0
287.0
321.0
254.0
238.0
256.0
240.0
240.0
226.0
258.0
300.0
236.0
213.0
276.0
277.0
225.0
232.0
338.0
239.0
262.0
236.0
280.0
234.0
258.0
261.0
266.0
235.0
253.0
280.0
254.0
255.0
310.0
297.0
263.0
316.0
283.0
251.0
225.0
254.0
247.0
258.0
290.0
243.0
318.0
237.0
261.0
269.0
219.0
230.0
273.0
271.0
289.0
307.0
288.0
249.0
227.0
296.0
263.0
265.0
259.0
266.0
284.0
273.0
246.0
274.0
249.0
314.0
257.0
218.0
311.0
325.0
277.0
241.0
265.0
261.0
237.0
248.0
279.0
259.0
249.0
244.0
300.0
252.0
263.0
239.0
247.0
