273.0
220.0
263.0
215.0
259.0
338.0
266.0
246.0
270.0
224.0
234.0
299.0
296.0
265.0
264.0
273.0
242.0
256.0
296.0
273.0
261.0
240.0
274.0
245.0
257.0
241.0
261.0
318.0
274.0
244.0
254.0
297.0
267.0
269.0
299.0
240.0
263.0
270.0
239.0
263.0
246.0
258.0
257.0
283.0
295.0
263.0
285.0
261.0
233.0
284.0
303.0
299.0
242.0
263.0
280.0
258.0
242.0
295.0
239.0
279.0
249.0
240.0
272.0
256.0
248.0
263.0
246.0
309.0
284.0
258.0
244.0
287.0
282.0
266.0
312.0
308.0
265.0
215.0
282.0
274.0
242.0
261.0
282.0
220.0
267.0
293.0
265.0
274.0
249.0
250.0
227.0
246.0
295.0
277.0
256.0
288.0
270.0
219.0
279.0
246.0
208.0
278.0
308.0
284.0
284.0
236.0
332.0
284.0
245.0
254.0
234.0
228.0
267.0
248.0
328.0
255.0
265.0
293.0
281.0
278.0
254.0
229.0
275.0
237.0
252.0
273.0
233.0
242.0
285.0
277.0
250.0
273.0
262.0
292.0
268.0
253.0
305.0
264.0
324.0
269.0
273.0
271.0
256.0
231.0
258.0
236.0
261.0
268.0
263.0
262.0
260.0
246.0
287.0
223.0
271.0
293.0
241.0
279.0
240.0
269.0
266.0
253.0
287.0
281.0
253.0
294.0
256.0
231.0
320.0
247.0
282.0
268.0
248.0
256.0
280.0
270.0
242.0
244.0
278.0
238.0
268.0
270.0
260.0
281.0
274.0
245.0
222.0
270.0
282.0
292.0
244.0
277.0
231.0
232.0
271.0
264.0
275.0
253.0
267.0
274.0
