288.0
229.0
210.0
244.0
219.0
259.0
285.0
310.0
263.0
252.0
260.0
383.0
263.0
249.0
241.0
280.0
274.0
270.0
272.0
275.0
269.0
261.0
257.0
236.0
267.0
224.0
237.0
262.0
297.0
284.0
250.0
326.0
328.0
250.0
296.0
259.0
284.0
208.0
271.0
281.0
269.0
249.0
274.0
290.0
275.0
257.0
279.0
230.0
269.0
274.0
244.0
254.0
286.0
277.0
256.0
314.0
267.0
255.0
254.0
261.0
293.0
242.0
245.0
258.0
283.0
273.0
253.0
237.0
227.0
271.0
277.0
220.0
321.0
277.0
241.0
320.0
231.0
224.0
208.0
309.0
225.0
290.0
227.0
280.0
279.0
288.0
240.0
271.0
267.0
238.0
247.0
245.0
252.0
276.0
242.0
279.0
264.0
279.0
256.0
225.0
253.0
280.0
220.0
269.0
283.0
276.0
254.0
290.0
250.0
267.0
217.0
249.0
305.0
274.0
229.0
254.0
286.0
300.0
256.0
282.0
278.0
259.0
253.0
285.0
319.0
221.0
285.0
294.0
272.0
223.0
213.0
298.0
274.0
240.0
240.0
258.0
308.0
291.0
265.0
317.0
299.0
266.0
251.0
297.0
275.0
216.0
266.0
356.0
264.0
230.0
279.0
314.0
306.0
268.0
223.0
248.0
264.0
276.0
250.0
270.0
275.0
240.0
237.0
307.0
258.0
302.0
220.0
276.0
242.0
243.0
238.0
280.0
258.0
320.0
241.0
268.0
246.0
242.0
273.0
246.0
306.0
243.0
307.0
259.0
236.0
242.0
285.0
293.0
264.0
249.0
277.0
256.0
358.0
249.0
241.0
269.0
299.0
242.0
230.0
247.0
