260.0
233.0
170.0
146.0
161.0
276.0
245.0
226.0
184.0
254.0
261.0
175.0
245.0
218.0
199.0
166.0
136.0
191.0
216.0
175.0
179.0
290.0
189.0
186.0
158.0
215.0
193.0
241.0
156.0
160.0
153.0
200.0
171.0
212.0
256.0
255.0
227.0
237.0
239.0
308.0
281.0
260.0
295.0
239.0
231.0
210.0
210.0
273.0
250.0
182.0
229.0
217.0
287.0
278.0
272.0
277.0
308.0
198.0
236.0
236.0
252.0
239.0
188.0
227.0
168.0
135.0
182.0
169.0
225.0
185.0
206.0
189.0
180.0
169.0
162.0
171.0
197.0
176.0
185.0
221.0
213.0
193.0
176.0
230.0
283.0
255.0
223.0
322.0
277.0
240.0
236.0
234.0
205.0
205.0
232.0
189.0
227.0
161.0
202.0
202.0
209.0
285.0
174.0
161.0
229.0
248.0
229.0
210.0
193.0
168.0
201.0
207.0
244.0
274.0
226.0
271.0
184.0
181.0
175.0
228.0
186.0
208.0
224.0
202.0
207.0
212.0
180.0
252.0
219.0
175.0
244.0
227.0
217.0
267.0
240.0
218.0
230.0
217.0
236.0
202.0
288.0
291.0
369.0
272.0
288.0
245.0
258.0
224.0
288.0
201.0
246.0
220.0
183.0
211.0
199.0
164.0
169.0
184.0
155.0
169.0
191.0
188.0
279.0
305.0
165.0
183.0
160.0
259.0
237.0
210.0
234.0
211.0
181.0
274.0
248.0
313.0
229.0
186.0
214.0
263.0
212.0
211.0
262.0
275.0
348.0
294.0
276.0
217.0
152.0
198.0
182.0
178.0
221.0
190.0
214.0
237.0
201.0
221.0
190.0
219.0
