149.0
147.0
163.0
189.0
156.0
153.0
147.0
148.0
133.0
145.0
135.0
151.0
166.0
146.0
180.0
124.0
133.0
153.0
154.0
139.0
127.0
147.0
172.0
183.0
132.0
142.0
256.0
141.0
149.0
161.0
171.0
147.0
138.0
134.0
159.0
140.0
144.0
152.0
174.0
162.0
183.0
152.0
214.0
147.0
154.0
129.0
151.0
154.0
160.0
152.0
166.0
153.0
177.0
169.0
141.0
186.0
153.0
156.0
147.0
159.0
183.0
146.0
134.0
190.0
131.0
137.0
171.0
168.0
218.0
192.0
131.0
153.0
157.0
148.0
157.0
214.0
166.0
132.0
146.0
143.0
156.0
171.0
148.0
142.0
169.0
150.0
181.0
131.0
194.0
166.0
145.0
143.0
160.0
144.0
156.0
132.0
167.0
156.0
142.0
175.0
173.0
144.0
262.0
191.0
156.0
137.0
160.0
157.0
136.0
149.0
145.0
141.0
139.0
156.0
149.0
143.0
153.0
150.0
148.0
158.0
177.0
155.0
268.0
180.0
158.0
132.0
154.0
162.0
157.0
156.0
169.0
170.0
144.0
190.0
134.0
158.0
147.0
164.0
186.0
153.0
167.0
170.0
164.0
152.0
171.0
145.0
167.0
224.0
156.0
150.0
173.0
166.0
141.0
145.0
143.0
142.0
137.0
125.0
146.0
137.0
181.0
166.0
167.0
173.0
142.0
157.0
146.0
148.0
192.0
157.0
161.0
144.0
161.0
141.0
157.0
142.0
156.0
156.0
158.0
145.0
164.0
183.0
161.0
138.0
149.0
143.0
131.0
126.0
163.0
162.0
194.0
152.0
176.0
161.0
155.0
138.0
159.0
151.0
159.0
148.0
