136.0
144.0
150.0
136.0
148.0
143.0
145.0
133.0
140.0
137.0
135.0
163.0
128.0
164.0
307.0
156.0
176.0
154.0
220.0
152.0
137.0
127.0
155.0
145.0
145.0
146.0
154.0
150.0
153.0
146.0
134.0
192.0
146.0
133.0
132.0
142.0
161.0
150.0
150.0
149.0
159.0
151.0
137.0
185.0
138.0
151.0
130.0
128.0
165.0
133.0
156.0
150.0
144.0
154.0
132.0
140.0
169.0
130.0
163.0
161.0
137.0
156.0
152.0
143.0
132.0
135.0
147.0
176.0
140.0
148.0
124.0
153.0
148.0
149.0
183.0
169.0
135.0
139.0
154.0
133.0
170.0
152.0
152.0
131.0
155.0
203.0
155.0
152.0
170.0
141.0
144.0
179.0
145.0
145.0
136.0
216.0
144.0
185.0
144.0
176.0
166.0
196.0
158.0
148.0
164.0
141.0
181.0
147.0
128.0
134.0
152.0
143.0
156.0
140.0
135.0
165.0
134.0
132.0
146.0
205.0
187.0
125.0
140.0
132.0
127.0
140.0
236.0
148.0
141.0
160.0
146.0
155.0
164.0
137.0
146.0
130.0
140.0
134.0
141.0
181.0
157.0
147.0
147.0
157.0
152.0
152.0
149.0
189.0
130.0
142.0
132.0
150.0
159.0
239.0
139.0
145.0
135.0
160.0
126.0
179.0
129.0
126.0
156.0
151.0
141.0
136.0
144.0
148.0
130.0
147.0
137.0
168.0
166.0
134.0
174.0
165.0
133.0
137.0
144.0
143.0
171.0
138.0
152.0
137.0
150.0
138.0
151.0
143.0
166.0
144.0
148.0
152.0
157.0
153.0
141.0
158.0
162.0
162.0
145.0
145.0
