159.0
158.0
149.0
135.0
157.0
134.0
173.0
151.0
172.0
138.0
135.0
149.0
147.0
142.0
147.0
190.0
166.0
169.0
183.0
129.0
137.0
147.0
129.0
169.0
162.0
178.0
154.0
175.0
164.0
137.0
147.0
148.0
152.0
147.0
170.0
154.0
150.0
139.0
131.0
151.0
163.0
146.0
139.0
147.0
134.0
130.0
133.0
156.0
207.0
151.0
152.0
144.0
172.0
149.0
195.0
174.0
138.0
151.0
151.0
149.0
131.0
145.0
131.0
144.0
153.0
173.0
165.0
164.0
136.0
147.0
189.0
165.0
156.0
145.0
139.0
145.0
154.0
161.0
145.0
154.0
155.0
148.0
154.0
162.0
153.0
157.0
140.0
132.0
201.0
163.0
168.0
157.0
156.0
165.0
187.0
177.0
157.0
162.0
151.0
150.0
145.0
140.0
146.0
138.0
146.0
148.0
168.0
144.0
159.0
166.0
177.0
132.0
134.0
144.0
145.0
150.0
133.0
177.0
154.0
125.0
124.0
182.0
155.0
194.0
190.0
159.0
151.0
142.0
154.0
146.0
145.0
165.0
155.0
138.0
158.0
156.0
155.0
173.0
162.0
153.0
155.0
183.0
145.0
146.0
155.0
155.0
166.0
146.0
122.0
167.0
132.0
133.0
150.0
134.0
183.0
149.0
173.0
196.0
143.0
142.0
129.0
140.0
176.0
158.0
147.0
136.0
144.0
180.0
163.0
149.0
138.0
149.0
139.0
141.0
148.0
143.0
149.0
129.0
142.0
145.0
138.0
153.0
138.0
149.0
150.0
157.0
130.0
164.0
153.0
156.0
170.0
138.0
172.0
139.0
145.0
160.0
154.0
148.0
150.0
167.0
