126.0
143.0
149.0
134.0
161.0
135.0
145.0
169.0
143.0
146.0
147.0
142.0
131.0
143.0
147.0
156.0
144.0
139.0
147.0
149.0
135.0
141.0
144.0
140.0
146.0
144.0
161.0
134.0
150.0
137.0
138.0
156.0
134.0
144.0
157.0
127.0
145.0
147.0
137.0
141.0
142.0
129.0
174.0
145.0
151.0
140.0
132.0
145.0
155.0
195.0
151.0
151.0
146.0
157.0
138.0
125.0
159.0
164.0
146.0
131.0
155.0
142.0
136.0
153.0
136.0
134.0
140.0
156.0
136.0
148.0
137.0
147.0
170.0
142.0
153.0
140.0
137.0
142.0
149.0
151.0
133.0
173.0
149.0
145.0
128.0
137.0
149.0
121.0
134.0
147.0
129.0
149.0
153.0
145.0
146.0
142.0
154.0
149.0
117.0
172.0
152.0
118.0
149.0
167.0
139.0
198.0
149.0
135.0
189.0
171.0
149.0
135.0
129.0
141.0
154.0
140.0
147.0
140.0
133.0
128.0
129.0
167.0
156.0
152.0
160.0
124.0
132.0
133.0
145.0
152.0
174.0
144.0
150.0
154.0
125.0
125.0
146.0
132.0
146.0
128.0
131.0
176.0
135.0
136.0
171.0
148.0
147.0
156.0
132.0
146.0
131.0
129.0
132.0
141.0
139.0
151.0
143.0
132.0
137.0
144.0
138.0
164.0
139.0
115.0
171.0
138.0
156.0
121.0
152.0
124.0
166.0
161.0
135.0
182.0
132.0
157.0
122.0
138.0
145.0
154.0
140.0
140.0
148.0
155.0
136.0
147.0
121.0
135.0
128.0
130.0
125.0
132.0
121.0
157.0
133.0
143.0
206.0
146.0
135.0
137.0
