266.0
257.0
278.0
265.0
242.0
342.0
250.0
261.0
314.0
296.0
275.0
253.0
205.0
280.0
343.0
292.0
279.0
256.0
227.0
243.0
250.0
253.0
260.0
313.0
256.0
279.0
273.0
245.0
243.0
261.0
288.0
271.0
250.0
230.0
274.0
356.0
319.0
240.0
241.0
219.0
295.0
231.0
265.0
263.0
314.0
256.0
250.0
263.0
298.0
241.0
314.0
249.0
230.0
255.0
256.0
218.0
284.0
240.0
306.0
251.0
277.0
244.0
279.0
286.0
260.0
273.0
241.0
262.0
284.0
276.0
266.0
281.0
282.0
254.0
277.0
273.0
258.0
316.0
257.0
288.0
347.0
270.0
298.0
270.0
308.0
236.0
242.0
264.0
221.0
282.0
255.0
305.0
228.0
291.0
242.0
257.0
260.0
273.0
272.0
321.0
283.0
280.0
287.0
240.0
297.0
255.0
323.0
321.0
255.0
267.0
233.0
265.0
319.0
249.0
301.0
229.0
283.0
274.0
318.0
254.0
282.0
309.0
256.0
283.0
245.0
260.0
276.0
250.0
235.0
252.0
245.0
244.0
297.0
248.0
298.0
283.0
246.0
265.0
256.0
263.0
271.0
230.0
284.0
317.0
261.0
272.0
256.0
295.0
265.0
219.0
274.0
252.0
230.0
252.0
285.0
256.0
253.0
273.0
323.0
248.0
268.0
252.0
279.0
248.0
307.0
285.0
271.0
268.0
263.0
280.0
254.0
268.0
246.0
228.0
228.0
270.0
272.0
253.0
252.0
289.0
264.0
227.0
278.0
311.0
264.0
274.0
239.0
257.0
229.0
296.0
253.0
278.0
272.0
297.0
265.0
265.0
248.0
250.0
281.0
268.0
