151.0
167.0
182.0
148.0
152.0
157.0
172.0
200.0
188.0
154.0
135.0
144.0
192.0
149.0
155.0
156.0
141.0
163.0
140.0
176.0
138.0
180.0
167.0
162.0
157.0
153.0
177.0
153.0
154.0
181.0
238.0
171.0
168.0
166.0
163.0
136.0
161.0
198.0
147.0
193.0
144.0
180.0
287.0
170.0
163.0
145.0
160.0
154.0
196.0
148.0
184.0
155.0
157.0
157.0
133.0
153.0
155.0
151.0
134.0
143.0
203.0
166.0
163.0
150.0
178.0
198.0
149.0
171.0
160.0
144.0
164.0
151.0
158.0
127.0
165.0
182.0
160.0
139.0
162.0
154.0
174.0
165.0
178.0
160.0
187.0
179.0
155.0
168.0
160.0
191.0
174.0
350.0
146.0
169.0
134.0
162.0
161.0
182.0
152.0
166.0
157.0
143.0
173.0
199.0
243.0
152.0
155.0
126.0
267.0
192.0
177.0
160.0
152.0
157.0
156.0
160.0
134.0
176.0
135.0
159.0
175.0
145.0
154.0
168.0
158.0
156.0
184.0
166.0
160.0
145.0
139.0
157.0
155.0
162.0
144.0
232.0
148.0
199.0
176.0
188.0
145.0
196.0
179.0
156.0
159.0
164.0
177.0
159.0
145.0
162.0
163.0
148.0
166.0
159.0
148.0
204.0
182.0
148.0
190.0
157.0
159.0
314.0
167.0
146.0
160.0
156.0
204.0
145.0
245.0
213.0
148.0
173.0
139.0
168.0
144.0
155.0
158.0
157.0
154.0
135.0
160.0
145.0
147.0
161.0
170.0
164.0
178.0
154.0
238.0
138.0
156.0
168.0
159.0
168.0
166.0
156.0
145.0
170.0
151.0
170.0
