261.0
258.0
244.0
224.0
282.0
260.0
259.0
244.0
284.0
293.0
279.0
323.0
248.0
290.0
233.0
272.0
264.0
245.0
270.0
313.0
244.0
242.0
214.0
230.0
249.0
281.0
294.0
249.0
242.0
268.0
269.0
257.0
318.0
231.0
302.0
300.0
241.0
252.0
273.0
248.0
312.0
285.0
261.0
255.0
326.0
246.0
283.0
270.0
238.0
235.0
311.0
293.0
270.0
286.0
285.0
278.0
311.0
305.0
271.0
235.0
264.0
238.0
274.0
281.0
296.0
255.0
276.0
259.0
291.0
247.0
282.0
323.0
290.0
269.0
265.0
234.0
346.0
231.0
264.0
239.0
243.0
276.0
253.0
334.0
227.0
252.0
247.0
284.0
240.0
303.0
247.0
258.0
243.0
265.0
231.0
239.0
235.0
271.0
273.0
261.0
279.0
241.0
241.0
279.0
266.0
254.0
282.0
243.0
284.0
267.0
283.0
251.0
280.0
309.0
284.0
262.0
308.0
269.0
246.0
266.0
300.0
308.0
290.0
311.0
265.0
300.0
275.0
249.0
297.0
268.0
262.0
243.0
291.0
292.0
280.0
273.0
306.0
283.0
297.0
277.0
276.0
286.0
265.0
308.0
245.0
291.0
334.0
225.0
266.0
257.0
235.0
273.0
243.0
271.0
250.0
262.0
283.0
254.0
306.0
259.0
251.0
287.0
266.0
248.0
270.0
259.0
288.0
308.0
288.0
259.0
266.0
240.0
253.0
261.0
264.0
269.0
254.0
256.0
236.0
282.0
271.0
290.0
285.0
234.0
233.0
309.0
260.0
286.0
262.0
261.0
321.0
275.0
245.0
262.0
267.0
263.0
232.0
292.0
286.0
282.0
