167.0
134.0
153.0
172.0
140.0
148.0
171.0
138.0
149.0
149.0
255.0
224.0
152.0
144.0
216.0
159.0
147.0
149.0
158.0
153.0
150.0
135.0
131.0
161.0
187.0
147.0
150.0
139.0
140.0
163.0
139.0
153.0
173.0
166.0
135.0
179.0
186.0
190.0
157.0
153.0
195.0
163.0
142.0
157.0
128.0
143.0
223.0
175.0
159.0
151.0
158.0
161.0
166.0
140.0
141.0
199.0
134.0
172.0
141.0
128.0
146.0
165.0
154.0
174.0
165.0
141.0
179.0
142.0
175.0
155.0
169.0
142.0
189.0
172.0
163.0
152.0
140.0
161.0
129.0
152.0
140.0
148.0
144.0
172.0
144.0
157.0
148.0
137.0
150.0
160.0
167.0
140.0
147.0
165.0
157.0
134.0
190.0
150.0
145.0
155.0
166.0
175.0
139.0
183.0
134.0
156.0
135.0
153.0
186.0
151.0
138.0
145.0
152.0
156.0
221.0
170.0
209.0
192.0
144.0
182.0
150.0
143.0
161.0
176.0
135.0
156.0
135.0
173.0
155.0
194.0
139.0
182.0
158.0
169.0
183.0
154.0
150.0
164.0
152.0
165.0
169.0
146.0
156.0
144.0
171.0
141.0
176.0
143.0
180.0
159.0
147.0
181.0
164.0
154.0
165.0
129.0
159.0
136.0
186.0
156.0
153.0
151.0
183.0
140.0
142.0
159.0
145.0
154.0
164.0
153.0
179.0
148.0
148.0
166.0
137.0
233.0
216.0
205.0
183.0
155.0
181.0
159.0
152.0
147.0
154.0
154.0
148.0
153.0
166.0
136.0
157.0
160.0
157.0
147.0
142.0
156.0
155.0
161.0
158.0
162.0
