135.0
161.0
178.0
157.0
148.0
136.0
143.0
170.0
206.0
177.0
189.0
137.0
134.0
142.0
165.0
153.0
147.0
161.0
128.0
146.0
139.0
163.0
146.0
143.0
150.0
151.0
151.0
183.0
148.0
156.0
123.0
140.0
147.0
154.0
154.0
145.0
146.0
161.0
146.0
146.0
182.0
145.0
159.0
147.0
155.0
151.0
122.0
157.0
154.0
143.0
144.0
157.0
144.0
172.0
147.0
142.0
164.0
154.0
145.0
159.0
148.0
145.0
198.0
167.0
142.0
140.0
143.0
136.0
155.0
152.0
144.0
153.0
130.0
135.0
140.0
146.0
182.0
170.0
126.0
169.0
150.0
139.0
154.0
154.0
156.0
167.0
146.0
162.0
133.0
139.0
148.0
169.0
162.0
164.0
138.0
165.0
222.0
156.0
194.0
153.0
139.0
147.0
159.0
160.0
146.0
139.0
150.0
151.0
158.0
152.0
151.0
162.0
127.0
180.0
148.0
165.0
155.0
149.0
138.0
140.0
161.0
145.0
147.0
162.0
145.0
154.0
179.0
153.0
140.0
164.0
134.0
158.0
157.0
143.0
142.0
139.0
154.0
190.0
132.0
142.0
136.0
135.0
239.0
166.0
287.0
160.0
154.0
144.0
145.0
154.0
152.0
155.0
139.0
137.0
149.0
182.0
138.0
143.0
147.0
143.0
130.0
166.0
137.0
164.0
134.0
149.0
138.0
131.0
159.0
174.0
259.0
146.0
148.0
165.0
161.0
134.0
172.0
168.0
153.0
150.0
157.0
156.0
156.0
150.0
149.0
135.0
156.0
155.0
141.0
154.0
153.0
141.0
169.0
146.0
146.0
159.0
153.0
143.0
149.0
156.0
