264.0
229.0
234.0
232.0
248.0
222.0
282.0
245.0
270.0
255.0
233.0
254.0
257.0
276.0
296.0
272.0
226.0
235.0
298.0
230.0
293.0
262.0
262.0
277.0
282.0
269.0
268.0
296.0
213.0
230.0
254.0
299.0
241.0
275.0
246.0
250.0
251.0
265.0
258.0
279.0
241.0
299.0
282.0
275.0
252.0
291.0
238.0
248.0
261.0
261.0
223.0
252.0
302.0
255.0
273.0
229.0
265.0
268.0
218.0
261.0
301.0
250.0
280.0
258.0
269.0
236.0
283.0
255.0
280.0
277.0
241.0
282.0
246.0
244.0
278.0
344.0
271.0
220.0
234.0
238.0
235.0
258.0
253.0
246.0
269.0
260.0
282.0
335.0
292.0
272.0
295.0
269.0
282.0
249.0
252.0
251.0
285.0
262.0
278.0
273.0
218.0
305.0
266.0
242.0
334.0
251.0
260.0
261.0
279.0
316.0
228.0
220.0
313.0
234.0
247.0
299.0
257.0
305.0
320.0
222.0
317.0
275.0
266.0
282.0
289.0
279.0
263.0
318.0
282.0
283.0
247.0
283.0
275.0
211.0
264.0
241.0
276.0
245.0
250.0
226.0
304.0
254.0
307.0
262.0
313.0
240.0
273.0
234.0
269.0
283.0
250.0
267.0
220.0
230.0
274.0
272.0
210.0
254.0
303.0
329.0
271.0
232.0
256.0
257.0
245.0
253.0
244.0
325.0
275.0
226.0
239.0
225.0
235.0
253.0
295.0
247.0
264.0
254.0
314.0
253.0
255.0
275.0
259.0
282.0
240.0
218.0
272.0
240.0
249.0
227.0
291.0
223.0
257.0
231.0
273.0
301.0
256.0
280.0
262.0
227.0
