268.0
280.0
243.0
315.0
255.0
285.0
280.0
260.0
328.0
244.0
314.0
251.0
247.0
293.0
273.0
273.0
261.0
294.0
292.0
233.0
244.0
251.0
251.0
265.0
254.0
284.0
250.0
270.0
258.0
235.0
262.0
279.0
257.0
274.0
276.0
302.0
268.0
277.0
248.0
293.0
281.0
231.0
315.0
292.0
294.0
253.0
233.0
274.0
292.0
257.0
236.0
284.0
249.0
262.0
260.0
254.0
268.0
287.0
325.0
260.0
286.0
265.0
244.0
267.0
272.0
269.0
277.0
226.0
303.0
281.0
336.0
244.0
263.0
277.0
287.0
277.0
262.0
245.0
299.0
287.0
255.0
288.0
279.0
279.0
271.0
261.0
317.0
279.0
308.0
251.0
287.0
256.0
258.0
263.0
267.0
260.0
305.0
257.0
277.0
269.0
268.0
301.0
263.0
261.0
271.0
270.0
275.0
239.0
264.0
256.0
376.0
269.0
362.0
228.0
242.0
253.0
257.0
246.0
266.0
260.0
245.0
244.0
335.0
292.0
326.0
240.0
322.0
265.0
288.0
276.0
332.0
292.0
289.0
296.0
260.0
237.0
262.0
250.0
270.0
252.0
243.0
245.0
312.0
238.0
268.0
292.0
293.0
267.0
232.0
241.0
260.0
237.0
263.0
263.0
292.0
319.0
233.0
274.0
276.0
249.0
233.0
248.0
307.0
316.0
228.0
282.0
332.0
295.0
270.0
309.0
327.0
267.0
248.0
241.0
252.0
295.0
264.0
247.0
256.0
267.0
267.0
278.0
260.0
266.0
304.0
256.0
261.0
249.0
272.0
322.0
269.0
315.0
259.0
304.0
270.0
274.0
358.0
272.0
271.0
234.0
