167.0
146.0
145.0
164.0
182.0
159.0
155.0
162.0
253.0
238.0
197.0
200.0
136.0
192.0
154.0
249.0
172.0
202.0
175.0
186.0
168.0
199.0
170.0
217.0
156.0
188.0
345.0
168.0
169.0
143.0
143.0
150.0
207.0
245.0
174.0
185.0
158.0
199.0
146.0
167.0
170.0
173.0
171.0
161.0
402.0
263.0
138.0
173.0
180.0
158.0
176.0
262.0
178.0
152.0
146.0
151.0
164.0
180.0
164.0
131.0
182.0
167.0
179.0
178.0
198.0
144.0
159.0
197.0
158.0
212.0
180.0
224.0
165.0
158.0
172.0
154.0
162.0
172.0
185.0
196.0
166.0
152.0
319.0
196.0
184.0
162.0
254.0
175.0
170.0
150.0
203.0
190.0
199.0
143.0
198.0
196.0
168.0
167.0
177.0
150.0
141.0
154.0
154.0
160.0
175.0
174.0
178.0
159.0
163.0
142.0
223.0
182.0
173.0
217.0
146.0
172.0
173.0
185.0
187.0
196.0
185.0
159.0
165.0
202.0
167.0
163.0
175.0
196.0
185.0
151.0
255.0
219.0
185.0
168.0
168.0
170.0
156.0
166.0
150.0
161.0
203.0
198.0
160.0
167.0
160.0
153.0
227.0
197.0
189.0
223.0
193.0
334.0
172.0
159.0
151.0
235.0
263.0
151.0
190.0
166.0
319.0
299.0
184.0
160.0
182.0
161.0
206.0
267.0
162.0
171.0
160.0
259.0
169.0
170.0
164.0
190.0
161.0
181.0
215.0
170.0
152.0
152.0
158.0
176.0
154.0
243.0
160.0
197.0
156.0
142.0
149.0
171.0
184.0
188.0
197.0
257.0
202.0
158.0
228.0
160.0
