232.0
253.0
273.0
248.0
232.0
268.0
256.0
256.0
235.0
293.0
237.0
297.0
245.0
276.0
232.0
259.0
245.0
257.0
229.0
277.0
254.0
300.0
248.0
282.0
255.0
280.0
236.0
242.0
229.0
252.0
268.0
249.0
278.0
358.0
258.0
273.0
267.0
264.0
269.0
250.0
236.0
263.0
274.0
276.0
271.0
264.0
239.0
264.0
225.0
242.0
281.0
246.0
260.0
287.0
333.0
240.0
278.0
218.0
248.0
241.0
257.0
253.0
275.0
276.0
294.0
229.0
254.0
246.0
237.0
220.0
239.0
282.0
255.0
238.0
241.0
277.0
248.0
252.0
298.0
234.0
333.0
291.0
242.0
278.0
346.0
219.0
291.0
271.0
247.0
291.0
275.0
244.0
203.0
358.0
237.0
239.0
259.0
291.0
257.0
271.0
294.0
263.0
256.0
234.0
295.0
279.0
250.0
207.0
305.0
238.0
285.0
244.0
212.0
283.0
250.0
246.0
248.0
266.0
264.0
291.0
247.0
306.0
262.0
278.0
261.0
229.0
233.0
287.0
241.0
244.0
251.0
234.0
242.0
256.0
270.0
236.0
273.0
241.0
260.0
258.0
204.0
252.0
255.0
220.0
284.0
280.0
257.0
249.0
255.0
296.0
265.0
245.0
235.0
251.0
271.0
250.0
249.0
260.0
268.0
291.0
249.0
226.0
257.0
294.0
274.0
267.0
311.0
230.0
249.0
345.0
241.0
257.0
237.0
255.0
277.0
238.0
247.0
227.0
242.0
268.0
250.0
266.0
244.0
244.0
258.0
225.0
258.0
295.0
288.0
300.0
307.0
252.0
239.0
251.0
230.0
304.0
248.0
257.0
264.0
230.0
