166.0
156.0
134.0
144.0
156.0
193.0
195.0
156.0
155.0
178.0
189.0
143.0
204.0
139.0
156.0
136.0
149.0
190.0
158.0
156.0
135.0
146.0
164.0
168.0
277.0
157.0
175.0
161.0
192.0
176.0
149.0
178.0
156.0
168.0
160.0
154.0
149.0
174.0
211.0
176.0
238.0
139.0
171.0
190.0
169.0
181.0
157.0
178.0
152.0
157.0
152.0
184.0
159.0
161.0
130.0
191.0
163.0
196.0
153.0
138.0
161.0
175.0
168.0
170.0
150.0
159.0
142.0
208.0
145.0
158.0
177.0
148.0
163.0
174.0
157.0
140.0
137.0
177.0
145.0
155.0
157.0
148.0
167.0
146.0
154.0
137.0
155.0
206.0
172.0
174.0
181.0
178.0
156.0
145.0
154.0
159.0
147.0
153.0
151.0
175.0
151.0
144.0
185.0
169.0
267.0
181.0
134.0
262.0
159.0
153.0
159.0
160.0
140.0
162.0
176.0
175.0
161.0
125.0
151.0
144.0
150.0
136.0
180.0
147.0
128.0
128.0
152.0
135.0
126.0
215.0
143.0
150.0
154.0
162.0
161.0
155.0
132.0
128.0
181.0
182.0
140.0
181.0
139.0
191.0
145.0
186.0
154.0
157.0
168.0
140.0
171.0
160.0
146.0
157.0
148.0
144.0
146.0
138.0
248.0
154.0
177.0
173.0
145.0
173.0
186.0
142.0
148.0
179.0
153.0
164.0
154.0
241.0
196.0
140.0
149.0
193.0
165.0
185.0
155.0
140.0
156.0
198.0
140.0
165.0
161.0
161.0
147.0
174.0
126.0
195.0
178.0
167.0
187.0
156.0
126.0
147.0
190.0
157.0
194.0
154.0
