749.0
729.0
894.0
827.0
807.0
720.0
753.0
703.0
886.0
761.0
769.0
775.0
871.0
798.0
740.0
809.0
738.0
808.0
740.0
782.0
882.0
861.0
853.0
740.0
823.0
851.0
809.0
767.0
792.0
827.0
802.0
772.0
748.0
728.0
788.0
820.0
875.0
877.0
807.0
751.0
796.0
774.0
788.0
786.0
755.0
749.0
752.0
674.0
860.0
855.0
841.0
867.0
730.0
790.0
779.0
846.0
783.0
718.0
795.0
841.0
807.0
1196.0
703.0
816.0
894.0
1027.0
743.0
725.0
839.0
888.0
731.0
757.0
664.0
746.0
778.0
764.0
884.0
903.0
810.0
869.0
756.0
705.0
848.0
739.0
731.0
974.0
806.0
685.0
938.0
798.0
802.0
848.0
812.0
708.0
887.0
765.0
847.0
917.0
928.0
878.0
823.0
931.0
897.0
772.0
784.0
732.0
840.0
696.0
790.0
808.0
894.0
824.0
798.0
918.0
778.0
650.0
719.0
824.0
690.0
770.0
816.0
786.0
718.0
744.0
861.0
892.0
811.0
676.0
811.0
872.0
899.0
769.0
777.0
927.0
821.0
707.0
859.0
753.0
897.0
748.0
651.0
694.0
879.0
870.0
711.0
795.0
926.0
786.0
727.0
835.0
798.0
800.0
783.0
790.0
872.0
744.0
733.0
796.0
779.0
822.0
773.0
777.0
817.0
746.0
772.0
682.0
800.0
758.0
734.0
964.0
821.0
780.0
768.0
831.0
829.0
723.0
720.0
777.0
660.0
857.0
995.0
750.0
1011.0
763.0
745.0
746.0
811.0
850.0
879.0
913.0
798.0
772.0
978.0
759.0
770.0
860.0
765.0
814.0
709.0
837.0
