630.0
644.0
800.0
713.0
714.0
705.0
800.0
750.0
778.0
821.0
729.0
799.0
761.0
790.0
723.0
805.0
833.0
800.0
824.0
954.0
772.0
783.0
795.0
770.0
829.0
750.0
655.0
813.0
774.0
781.0
805.0
787.0
837.0
732.0
863.0
839.0
929.0
723.0
835.0
774.0
801.0
795.0
800.0
784.0
773.0
916.0
762.0
700.0
770.0
913.0
800.0
836.0
876.0
765.0
921.0
826.0
835.0
875.0
868.0
841.0
869.0
766.0
772.0
796.0
776.0
742.0
870.0
791.0
950.0
883.0
821.0
817.0
916.0
851.0
746.0
795.0
758.0
703.0
803.0
813.0
905.0
726.0
822.0
781.0
740.0
757.0
880.0
758.0
745.0
859.0
747.0
716.0
850.0
821.0
871.0
660.0
835.0
885.0
776.0
797.0
784.0
799.0
760.0
796.0
749.0
859.0
837.0
800.0
756.0
737.0
720.0
759.0
910.0
656.0
971.0
715.0
828.0
844.0
923.0
761.0
909.0
685.0
705.0
837.0
758.0
648.0
703.0
708.0
641.0
888.0
734.0
808.0
722.0
754.0
821.0
806.0
759.0
850.0
735.0
741.0
781.0
834.0
788.0
854.0
908.0
837.0
820.0
778.0
831.0
748.0
744.0
830.0
742.0
783.0
787.0
824.0
859.0
802.0
758.0
815.0
745.0
720.0
861.0
937.0
715.0
907.0
857.0
847.0
930.0
743.0
809.0
822.0
744.0
821.0
824.0
818.0
774.0
722.0
965.0
757.0
742.0
742.0
785.0
790.0
776.0
782.0
814.0
876.0
774.0
730.0
877.0
743.0
777.0
793.0
718.0
747.0
884.0
835.0
880.0
777.0
