286.0
283.0
245.0
307.0
292.0
254.0
348.0
260.0
274.0
321.0
281.0
255.0
257.0
292.0
257.0
355.0
286.0
239.0
277.0
309.0
254.0
357.0
299.0
265.0
261.0
242.0
291.0
318.0
251.0
271.0
302.0
286.0
306.0
245.0
258.0
265.0
334.0
276.0
290.0
237.0
248.0
249.0
263.0
287.0
281.0
279.0
359.0
289.0
290.0
323.0
279.0
262.0
253.0
310.0
231.0
265.0
345.0
301.0
313.0
268.0
263.0
285.0
302.0
295.0
324.0
261.0
281.0
221.0
265.0
272.0
262.0
254.0
272.0
310.0
244.0
278.0
298.0
249.0
268.0
287.0
288.0
279.0
353.0
232.0
282.0
314.0
314.0
298.0
237.0
258.0
271.0
291.0
241.0
304.0
322.0
289.0
267.0
310.0
253.0
270.0
250.0
275.0
240.0
251.0
254.0
304.0
279.0
255.0
314.0
229.0
293.0
281.0
298.0
276.0
232.0
297.0
254.0
269.0
268.0
277.0
255.0
273.0
281.0
294.0
251.0
317.0
239.0
305.0
275.0
332.0
238.0
258.0
292.0
346.0
282.0
286.0
278.0
333.0
248.0
281.0
238.0
330.0
274.0
270.0
266.0
255.0
275.0
254.0
270.0
253.0
346.0
285.0
298.0
280.0
318.0
241.0
281.0
269.0
256.0
332.0
288.0
285.0
270.0
276.0
299.0
272.0
310.0
282.0
262.0
266.0
241.0
281.0
262.0
269.0
423.0
275.0
272.0
282.0
262.0
264.0
251.0
282.0
290.0
284.0
268.0
308.0
278.0
288.0
267.0
305.0
293.0
293.0
262.0
307.0
315.0
360.0
247.0
265.0
312.0
272.0
