269.0
262.0
241.0
236.0
225.0
264.0
253.0
244.0
247.0
273.0
224.0
276.0
224.0
250.0
216.0
277.0
276.0
208.0
264.0
292.0
291.0
279.0
272.0
237.0
278.0
251.0
254.0
221.0
257.0
306.0
238.0
257.0
243.0
219.0
248.0
304.0
288.0
252.0
265.0
237.0
257.0
228.0
200.0
293.0
291.0
243.0
246.0
268.0
275.0
246.0
293.0
340.0
221.0
242.0
245.0
250.0
237.0
268.0
323.0
298.0
300.0
207.0
268.0
293.0
241.0
261.0
272.0
291.0
341.0
267.0
295.0
277.0
302.0
266.0
233.0
280.0
280.0
270.0
271.0
321.0
291.0
287.0
291.0
255.0
256.0
276.0
248.0
280.0
253.0
259.0
245.0
265.0
250.0
240.0
251.0
272.0
250.0
239.0
260.0
272.0
262.0
277.0
226.0
264.0
268.0
243.0
244.0
228.0
282.0
294.0
261.0
230.0
247.0
231.0
242.0
252.0
278.0
252.0
276.0
244.0
279.0
264.0
278.0
259.0
249.0
235.0
240.0
277.0
274.0
229.0
227.0
290.0
249.0
267.0
253.0
259.0
274.0
246.0
254.0
265.0
281.0
230.0
265.0
275.0
278.0
240.0
239.0
261.0
235.0
280.0
259.0
266.0
222.0
290.0
276.0
237.0
234.0
224.0
277.0
240.0
216.0
220.0
237.0
249.0
297.0
250.0
238.0
255.0
266.0
212.0
252.0
252.0
222.0
238.0
241.0
232.0
246.0
226.0
276.0
251.0
247.0
294.0
244.0
262.0
257.0
282.0
214.0
230.0
222.0
278.0
272.0
242.0
258.0
288.0
236.0
241.0
243.0
244.0
212.0
288.0
