302.0
300.0
276.0
247.0
254.0
251.0
254.0
265.0
263.0
229.0
315.0
236.0
220.0
272.0
242.0
309.0
270.0
266.0
253.0
302.0
241.0
278.0
256.0
263.0
273.0
246.0
264.0
230.0
252.0
261.0
246.0
310.0
201.0
273.0
231.0
223.0
239.0
295.0
239.0
238.0
224.0
276.0
275.0
266.0
265.0
243.0
273.0
259.0
265.0
274.0
224.0
247.0
254.0
261.0
258.0
274.0
269.0
238.0
290.0
253.0
295.0
244.0
256.0
248.0
276.0
255.0
225.0
310.0
259.0
262.0
292.0
223.0
281.0
256.0
259.0
240.0
256.0
236.0
263.0
237.0
236.0
224.0
263.0
227.0
353.0
253.0
272.0
242.0
253.0
260.0
258.0
262.0
314.0
253.0
225.0
294.0
222.0
251.0
257.0
243.0
297.0
238.0
274.0
282.0
312.0
225.0
266.0
239.0
309.0
253.0
249.0
290.0
224.0
227.0
249.0
243.0
285.0
264.0
258.0
252.0
257.0
236.0
244.0
247.0
319.0
243.0
271.0
224.0
325.0
233.0
296.0
252.0
269.0
247.0
266.0
261.0
257.0
269.0
262.0
290.0
241.0
241.0
303.0
271.0
235.0
248.0
326.0
247.0
271.0
258.0
266.0
244.0
296.0
261.0
262.0
238.0
274.0
253.0
274.0
244.0
255.0
237.0
255.0
209.0
254.0
206.0
247.0
236.0
275.0
286.0
293.0
251.0
274.0
353.0
257.0
234.0
278.0
254.0
363.0
294.0
301.0
266.0
235.0
279.0
219.0
306.0
251.0
264.0
363.0
256.0
250.0
248.0
263.0
248.0
279.0
291.0
278.0
236.0
289.0
269.0
