134.0
146.0
129.0
135.0
143.0
154.0
159.0
142.0
149.0
147.0
135.0
149.0
144.0
143.0
136.0
158.0
163.0
144.0
142.0
156.0
126.0
153.0
134.0
128.0
146.0
141.0
140.0
143.0
144.0
151.0
132.0
138.0
149.0
151.0
138.0
132.0
130.0
147.0
139.0
146.0
162.0
152.0
141.0
137.0
133.0
158.0
135.0
149.0
156.0
137.0
142.0
174.0
142.0
151.0
141.0
132.0
156.0
146.0
137.0
149.0
145.0
158.0
141.0
146.0
140.0
155.0
164.0
199.0
194.0
157.0
118.0
139.0
159.0
146.0
141.0
150.0
150.0
148.0
148.0
148.0
139.0
145.0
136.0
149.0
165.0
158.0
153.0
154.0
140.0
167.0
151.0
153.0
188.0
166.0
142.0
146.0
131.0
144.0
160.0
172.0
171.0
129.0
124.0
133.0
125.0
148.0
137.0
148.0
151.0
153.0
150.0
139.0
154.0
144.0
122.0
146.0
186.0
141.0
162.0
151.0
124.0
131.0
147.0
135.0
180.0
157.0
127.0
147.0
137.0
155.0
141.0
141.0
148.0
130.0
135.0
168.0
121.0
138.0
173.0
133.0
143.0
207.0
140.0
131.0
136.0
148.0
133.0
149.0
147.0
123.0
141.0
159.0
143.0
146.0
127.0
151.0
161.0
130.0
151.0
172.0
137.0
122.0
142.0
149.0
150.0
137.0
132.0
152.0
157.0
138.0
133.0
132.0
148.0
161.0
153.0
131.0
150.0
144.0
158.0
133.0
169.0
142.0
144.0
142.0
155.0
159.0
170.0
149.0
176.0
145.0
133.0
173.0
126.0
140.0
138.0
154.0
142.0
151.0
162.0
161.0
