143.0
162.0
165.0
131.0
155.0
128.0
145.0
145.0
126.0
132.0
142.0
140.0
140.0
147.0
164.0
136.0
147.0
161.0
142.0
149.0
154.0
139.0
143.0
141.0
154.0
152.0
148.0
135.0
140.0
143.0
149.0
140.0
144.0
162.0
172.0
140.0
145.0
137.0
152.0
153.0
162.0
144.0
167.0
135.0
126.0
144.0
153.0
142.0
141.0
131.0
145.0
137.0
122.0
144.0
132.0
152.0
133.0
188.0
150.0
140.0
144.0
156.0
136.0
136.0
146.0
131.0
168.0
147.0
154.0
160.0
152.0
157.0
136.0
134.0
142.0
135.0
158.0
162.0
148.0
160.0
155.0
137.0
170.0
141.0
178.0
173.0
153.0
140.0
132.0
143.0
148.0
173.0
135.0
137.0
172.0
138.0
143.0
120.0
133.0
130.0
150.0
140.0
163.0
135.0
131.0
149.0
146.0
146.0
129.0
132.0
164.0
147.0
147.0
164.0
151.0
143.0
211.0
152.0
150.0
150.0
119.0
150.0
139.0
147.0
148.0
165.0
147.0
135.0
144.0
148.0
150.0
140.0
148.0
129.0
137.0
148.0
151.0
147.0
133.0
129.0
148.0
127.0
166.0
165.0
175.0
154.0
154.0
151.0
143.0
162.0
126.0
133.0
145.0
153.0
153.0
146.0
160.0
174.0
140.0
153.0
152.0
124.0
159.0
132.0
143.0
154.0
156.0
177.0
133.0
136.0
157.0
168.0
133.0
137.0
146.0
161.0
155.0
137.0
133.0
129.0
149.0
150.0
144.0
134.0
147.0
150.0
147.0
156.0
153.0
144.0
163.0
139.0
122.0
115.0
139.0
187.0
140.0
157.0
156.0
151.0
