308.0
262.0
249.0
259.0
327.0
276.0
250.0
248.0
214.0
249.0
248.0
271.0
268.0
202.0
336.0
273.0
249.0
226.0
252.0
236.0
307.0
226.0
267.0
264.0
271.0
236.0
246.0
296.0
318.0
271.0
272.0
329.0
254.0
258.0
245.0
290.0
243.0
253.0
245.0
236.0
269.0
270.0
226.0
255.0
258.0
278.0
245.0
282.0
249.0
251.0
289.0
218.0
264.0
289.0
223.0
250.0
290.0
279.0
271.0
299.0
222.0
242.0
211.0
258.0
304.0
305.0
294.0
227.0
251.0
242.0
289.0
278.0
250.0
254.0
312.0
265.0
224.0
268.0
303.0
276.0
227.0
274.0
263.0
244.0
286.0
305.0
265.0
278.0
321.0
279.0
283.0
261.0
229.0
272.0
258.0
239.0
339.0
255.0
291.0
269.0
257.0
252.0
253.0
256.0
233.0
267.0
282.0
261.0
231.0
278.0
255.0
242.0
271.0
249.0
236.0
273.0
269.0
255.0
279.0
239.0
315.0
256.0
240.0
271.0
257.0
256.0
264.0
245.0
217.0
293.0
250.0
292.0
228.0
285.0
253.0
249.0
231.0
243.0
269.0
270.0
256.0
261.0
250.0
323.0
257.0
264.0
241.0
244.0
280.0
284.0
258.0
296.0
272.0
249.0
270.0
245.0
215.0
269.0
248.0
282.0
244.0
253.0
295.0
305.0
230.0
363.0
277.0
311.0
261.0
262.0
323.0
249.0
306.0
245.0
272.0
218.0
244.0
266.0
283.0
280.0
249.0
303.0
337.0
253.0
246.0
240.0
241.0
269.0
263.0
242.0
248.0
287.0
217.0
240.0
245.0
310.0
286.0
266.0
248.0
266.0
