127.0
159.0
174.0
150.0
156.0
158.0
151.0
172.0
150.0
169.0
331.0
148.0
153.0
138.0
156.0
153.0
176.0
138.0
137.0
161.0
152.0
174.0
139.0
137.0
149.0
174.0
153.0
148.0
229.0
173.0
168.0
162.0
171.0
195.0
168.0
182.0
244.0
145.0
138.0
185.0
161.0
184.0
189.0
162.0
161.0
185.0
143.0
143.0
137.0
216.0
172.0
147.0
166.0
186.0
172.0
183.0
170.0
141.0
185.0
149.0
158.0
163.0
156.0
162.0
157.0
163.0
143.0
202.0
169.0
166.0
164.0
143.0
186.0
153.0
147.0
154.0
137.0
176.0
162.0
186.0
144.0
134.0
157.0
164.0
154.0
153.0
152.0
168.0
143.0
168.0
194.0
160.0
151.0
159.0
157.0
151.0
147.0
166.0
187.0
162.0
164.0
156.0
139.0
157.0
138.0
226.0
145.0
158.0
139.0
139.0
156.0
163.0
157.0
147.0
177.0
123.0
137.0
139.0
150.0
154.0
193.0
176.0
159.0
180.0
158.0
190.0
143.0
169.0
130.0
161.0
194.0
164.0
143.0
285.0
159.0
154.0
130.0
173.0
183.0
143.0
182.0
146.0
160.0
171.0
281.0
186.0
195.0
155.0
165.0
132.0
151.0
154.0
138.0
126.0
164.0
161.0
175.0
131.0
145.0
152.0
192.0
146.0
136.0
155.0
205.0
171.0
131.0
224.0
157.0
194.0
207.0
202.0
154.0
185.0
158.0
146.0
166.0
180.0
164.0
177.0
166.0
172.0
140.0
209.0
132.0
193.0
167.0
152.0
155.0
145.0
162.0
141.0
170.0
153.0
150.0
168.0
170.0
161.0
141.0
163.0
