245.0
322.0
350.0
268.0
272.0
230.0
276.0
203.0
216.0
182.0
226.0
202.0
196.0
160.0
170.0
197.0
342.0
393.0
405.0
354.0
403.0
367.0
312.0
324.0
253.0
294.0
243.0
230.0
199.0
226.0
345.0
401.0
427.0
407.0
406.0
369.0
322.0
324.0
369.0
312.0
342.0
364.0
373.0
474.0
580.0
548.0
573.0
603.0
565.0
469.0
479.0
533.0
481.0
406.0
440.0
488.0
413.0
394.0
328.0
298.0
310.0
354.0
339.0
368.0
303.0
383.0
439.0
514.0
449.0
479.0
498.0
516.0
508.0
567.0
523.0
517.0
623.0
669.0
593.0
624.0
547.0
542.0
505.0
490.0
416.0
400.0
367.0
397.0
327.0
297.0
233.0
216.0
329.0
371.0
422.0
413.0
306.0
250.0
279.0
284.0
295.0
334.0
355.0
321.0
439.0
459.0
549.0
655.0
587.0
607.0
770.0
819.0
764.0
874.0
1125.0
841.0
809.0
761.0
876.0
716.0
945.0
1018.0
897.0
818.0
737.0
674.0
839.0
791.0
841.0
809.0
874.0
775.0
879.0
990.0
724.0
808.0
734.0
736.0
697.0
949.0
760.0
753.0
874.0
854.0
674.0
822.0
808.0
749.0
882.0
817.0
732.0
866.0
792.0
735.0
698.0
690.0
805.0
695.0
750.0
717.0
814.0
741.0
734.0
825.0
780.0
908.0
823.0
1006.0
887.0
834.0
786.0
866.0
774.0
810.0
688.0
689.0
846.0
899.0
847.0
761.0
865.0
807.0
920.0
733.0
767.0
754.0
852.0
825.0
884.0
805.0
733.0
768.0
822.0
800.0
875.0
802.0
875.0
838.0
823.0
715.0
