274.0
239.0
258.0
241.0
287.0
281.0
273.0
277.0
253.0
246.0
269.0
289.0
255.0
327.0
260.0
255.0
308.0
279.0
239.0
293.0
291.0
248.0
255.0
307.0
251.0
235.0
273.0
288.0
222.0
289.0
303.0
255.0
279.0
252.0
234.0
279.0
276.0
231.0
267.0
264.0
248.0
265.0
271.0
260.0
295.0
284.0
316.0
289.0
240.0
298.0
273.0
312.0
301.0
273.0
288.0
259.0
296.0
233.0
294.0
215.0
248.0
219.0
289.0
236.0
234.0
292.0
259.0
328.0
240.0
264.0
225.0
250.0
276.0
252.0
262.0
301.0
321.0
254.0
253.0
229.0
273.0
235.0
229.0
269.0
272.0
237.0
296.0
294.0
247.0
295.0
268.0
243.0
236.0
236.0
270.0
258.0
248.0
299.0
232.0
248.0
261.0
207.0
295.0
302.0
294.0
281.0
253.0
314.0
216.0
326.0
242.0
260.0
283.0
256.0
287.0
292.0
266.0
267.0
246.0
216.0
271.0
253.0
229.0
241.0
311.0
306.0
247.0
237.0
282.0
274.0
239.0
257.0
260.0
271.0
217.0
239.0
297.0
291.0
231.0
255.0
280.0
273.0
261.0
281.0
282.0
257.0
294.0
285.0
230.0
263.0
342.0
298.0
224.0
272.0
255.0
284.0
252.0
274.0
214.0
265.0
309.0
227.0
291.0
290.0
246.0
235.0
258.0
288.0
241.0
277.0
237.0
262.0
281.0
231.0
300.0
276.0
238.0
256.0
239.0
250.0
220.0
295.0
274.0
261.0
311.0
342.0
276.0
242.0
277.0
255.0
243.0
230.0
258.0
272.0
230.0
315.0
238.0
230.0
279.0
301.0
