202.0
239.0
251.0
206.0
171.0
159.0
230.0
204.0
179.0
171.0
192.0
182.0
184.0
282.0
329.0
218.0
147.0
168.0
249.0
209.0
181.0
154.0
175.0
163.0
170.0
162.0
168.0
300.0
184.0
172.0
165.0
214.0
197.0
169.0
166.0
272.0
183.0
159.0
159.0
172.0
152.0
173.0
165.0
176.0
207.0
171.0
180.0
216.0
177.0
168.0
203.0
165.0
170.0
170.0
154.0
205.0
198.0
192.0
205.0
234.0
211.0
174.0
199.0
180.0
260.0
192.0
163.0
178.0
226.0
168.0
146.0
181.0
227.0
165.0
168.0
176.0
238.0
200.0
178.0
203.0
236.0
183.0
169.0
211.0
195.0
252.0
176.0
261.0
170.0
161.0
158.0
223.0
174.0
163.0
204.0
160.0
195.0
177.0
216.0
176.0
193.0
156.0
186.0
171.0
202.0
186.0
156.0
200.0
250.0
224.0
175.0
274.0
268.0
237.0
310.0
214.0
164.0
193.0
174.0
165.0
175.0
197.0
170.0
189.0
177.0
205.0
188.0
259.0
177.0
192.0
188.0
157.0
182.0
193.0
170.0
247.0
168.0
143.0
160.0
195.0
249.0
194.0
176.0
226.0
183.0
157.0
283.0
186.0
241.0
180.0
163.0
181.0
171.0
217.0
179.0
213.0
202.0
171.0
134.0
170.0
214.0
294.0
198.0
160.0
147.0
187.0
148.0
171.0
175.0
192.0
200.0
280.0
206.0
186.0
161.0
203.0
195.0
173.0
197.0
202.0
159.0
198.0
209.0
170.0
153.0
203.0
205.0
239.0
178.0
189.0
279.0
223.0
211.0
170.0
226.0
193.0
172.0
155.0
270.0
277.0
