419.0
466.0
414.0
388.0
467.0
407.0
456.0
392.0
421.0
315.0
317.0
308.0
286.0
248.0
184.0
222.0
175.0
226.0
173.0
167.0
170.0
234.0
244.0
255.0
214.0
169.0
154.0
148.0
237.0
211.0
299.0
262.0
339.0
342.0
316.0
312.0
335.0
364.0
397.0
417.0
493.0
634.0
632.0
668.0
743.0
738.0
757.0
742.0
777.0
794.0
758.0
791.0
765.0
820.0
700.0
808.0
644.0
796.0
678.0
824.0
870.0
862.0
763.0
830.0
710.0
814.0
746.0
779.0
740.0
769.0
756.0
720.0
722.0
678.0
738.0
701.0
658.0
592.0
715.0
756.0
653.0
695.0
721.0
714.0
732.0
706.0
732.0
616.0
775.0
819.0
664.0
662.0
653.0
714.0
874.0
1078.0
870.0
1016.0
758.0
699.0
756.0
814.0
728.0
755.0
757.0
769.0
739.0
737.0
665.0
715.0
785.0
688.0
506.0
510.0
617.0
603.0
524.0
571.0
489.0
524.0
679.0
617.0
648.0
665.0
549.0
508.0
513.0
632.0
695.0
674.0
827.0
802.0
773.0
673.0
629.0
607.0
597.0
473.0
356.0
332.0
310.0
315.0
322.0
377.0
420.0
418.0
479.0
431.0
370.0
303.0
351.0
266.0
268.0
283.0
294.0
359.0
343.0
317.0
282.0
255.0
387.0
604.0
670.0
615.0
478.0
372.0
325.0
335.0
329.0
254.0
252.0
269.0
293.0
348.0
356.0
534.0
599.0
464.0
501.0
419.0
308.0
324.0
340.0
252.0
377.0
455.0
477.0
527.0
580.0
617.0
604.0
618.0
673.0
676.0
633.0
632.0
685.0
693.0
735.0
609.0
