151.0
169.0
182.0
187.0
154.0
274.0
176.0
227.0
204.0
181.0
143.0
139.0
246.0
197.0
202.0
156.0
136.0
186.0
179.0
174.0
189.0
179.0
157.0
141.0
344.0
248.0
167.0
158.0
187.0
165.0
215.0
167.0
193.0
206.0
183.0
147.0
193.0
159.0
172.0
279.0
202.0
154.0
170.0
167.0
193.0
175.0
148.0
188.0
260.0
195.0
165.0
200.0
191.0
151.0
156.0
148.0
206.0
193.0
183.0
190.0
168.0
184.0
177.0
159.0
185.0
159.0
162.0
175.0
201.0
158.0
173.0
168.0
162.0
150.0
164.0
148.0
147.0
159.0
189.0
168.0
235.0
289.0
230.0
170.0
180.0
175.0
170.0
181.0
187.0
159.0
208.0
177.0
174.0
211.0
161.0
165.0
183.0
208.0
186.0
151.0
179.0
167.0
177.0
180.0
176.0
203.0
175.0
152.0
179.0
166.0
151.0
174.0
164.0
163.0
175.0
375.0
203.0
175.0
197.0
174.0
177.0
155.0
179.0
171.0
161.0
162.0
205.0
156.0
190.0
149.0
162.0
173.0
157.0
145.0
178.0
175.0
169.0
191.0
237.0
224.0
159.0
184.0
203.0
157.0
161.0
207.0
226.0
176.0
186.0
181.0
178.0
280.0
166.0
173.0
158.0
135.0
199.0
168.0
170.0
212.0
170.0
209.0
142.0
172.0
230.0
168.0
150.0
156.0
157.0
170.0
189.0
164.0
223.0
126.0
157.0
149.0
243.0
200.0
189.0
157.0
151.0
180.0
230.0
196.0
191.0
165.0
153.0
165.0
149.0
188.0
174.0
251.0
173.0
174.0
209.0
182.0
160.0
226.0
137.0
182.0
