173.0
142.0
149.0
160.0
211.0
198.0
154.0
158.0
148.0
151.0
130.0
165.0
149.0
154.0
181.0
133.0
183.0
157.0
140.0
148.0
171.0
187.0
149.0
161.0
146.0
164.0
148.0
126.0
139.0
171.0
144.0
174.0
155.0
146.0
145.0
166.0
145.0
139.0
161.0
145.0
138.0
141.0
149.0
135.0
150.0
136.0
146.0
133.0
148.0
156.0
164.0
139.0
148.0
152.0
145.0
150.0
169.0
166.0
152.0
148.0
133.0
147.0
130.0
203.0
207.0
177.0
145.0
165.0
161.0
212.0
152.0
148.0
145.0
173.0
135.0
181.0
142.0
262.0
147.0
137.0
144.0
167.0
168.0
131.0
162.0
142.0
224.0
152.0
163.0
152.0
176.0
159.0
158.0
155.0
143.0
148.0
154.0
142.0
143.0
148.0
171.0
160.0
130.0
165.0
156.0
151.0
144.0
204.0
161.0
177.0
141.0
137.0
177.0
152.0
172.0
137.0
146.0
156.0
131.0
155.0
171.0
144.0
157.0
153.0
156.0
133.0
137.0
161.0
173.0
136.0
139.0
144.0
153.0
159.0
152.0
152.0
176.0
189.0
128.0
175.0
160.0
165.0
173.0
150.0
175.0
135.0
173.0
157.0
144.0
141.0
143.0
158.0
137.0
166.0
154.0
164.0
151.0
153.0
165.0
153.0
147.0
147.0
154.0
139.0
164.0
178.0
154.0
159.0
191.0
180.0
154.0
134.0
139.0
203.0
167.0
157.0
222.0
154.0
168.0
171.0
167.0
153.0
141.0
135.0
155.0
153.0
160.0
192.0
213.0
154.0
136.0
150.0
146.0
137.0
137.0
176.0
142.0
160.0
169.0
172.0
