259.0
267.0
260.0
247.0
268.0
267.0
308.0
241.0
237.0
350.0
269.0
278.0
265.0
310.0
337.0
257.0
253.0
302.0
294.0
260.0
296.0
245.0
251.0
274.0
268.0
295.0
281.0
307.0
276.0
332.0
297.0
314.0
229.0
314.0
265.0
259.0
260.0
258.0
247.0
252.0
243.0
257.0
289.0
269.0
214.0
264.0
270.0
251.0
269.0
264.0
220.0
277.0
321.0
312.0
286.0
278.0
279.0
312.0
243.0
250.0
304.0
275.0
294.0
233.0
292.0
286.0
277.0
275.0
311.0
291.0
294.0
257.0
264.0
273.0
246.0
280.0
235.0
262.0
361.0
261.0
272.0
244.0
279.0
284.0
256.0
234.0
305.0
286.0
277.0
342.0
229.0
291.0
260.0
352.0
268.0
262.0
273.0
257.0
255.0
236.0
262.0
247.0
293.0
336.0
307.0
293.0
260.0
509.0
260.0
292.0
251.0
311.0
226.0
281.0
262.0
239.0
275.0
242.0
275.0
274.0
254.0
247.0
328.0
244.0
313.0
269.0
237.0
277.0
314.0
331.0
281.0
279.0
279.0
222.0
223.0
255.0
250.0
251.0
234.0
256.0
265.0
345.0
266.0
289.0
249.0
289.0
280.0
255.0
269.0
271.0
266.0
244.0
288.0
259.0
323.0
245.0
277.0
366.0
287.0
304.0
272.0
235.0
305.0
260.0
242.0
321.0
253.0
231.0
257.0
272.0
263.0
261.0
268.0
287.0
246.0
324.0
293.0
298.0
313.0
281.0
289.0
282.0
280.0
271.0
263.0
236.0
242.0
297.0
289.0
237.0
245.0
274.0
262.0
282.0
269.0
261.0
300.0
309.0
254.0
359.0
