244.0
305.0
283.0
240.0
275.0
250.0
211.0
288.0
219.0
239.0
256.0
227.0
249.0
264.0
247.0
235.0
258.0
258.0
225.0
235.0
225.0
290.0
341.0
244.0
338.0
266.0
224.0
259.0
228.0
292.0
269.0
221.0
272.0
314.0
230.0
241.0
232.0
216.0
256.0
261.0
257.0
271.0
196.0
242.0
210.0
215.0
237.0
241.0
246.0
291.0
272.0
275.0
269.0
254.0
280.0
249.0
252.0
266.0
220.0
245.0
289.0
239.0
275.0
268.0
274.0
232.0
242.0
233.0
251.0
247.0
242.0
275.0
249.0
292.0
245.0
287.0
281.0
257.0
261.0
237.0
280.0
232.0
313.0
230.0
267.0
277.0
242.0
255.0
241.0
345.0
263.0
267.0
221.0
218.0
270.0
292.0
251.0
265.0
259.0
269.0
298.0
204.0
276.0
265.0
292.0
236.0
234.0
267.0
255.0
240.0
228.0
247.0
210.0
231.0
302.0
276.0
208.0
334.0
247.0
248.0
258.0
235.0
229.0
242.0
235.0
212.0
273.0
241.0
240.0
290.0
247.0
283.0
277.0
283.0
250.0
302.0
242.0
277.0
301.0
266.0
244.0
249.0
295.0
282.0
257.0
251.0
240.0
271.0
313.0
299.0
281.0
242.0
273.0
266.0
327.0
247.0
283.0
254.0
255.0
239.0
221.0
284.0
220.0
302.0
342.0
250.0
221.0
289.0
264.0
235.0
300.0
363.0
210.0
359.0
246.0
252.0
221.0
235.0
241.0
228.0
301.0
274.0
239.0
313.0
237.0
251.0
275.0
227.0
254.0
246.0
232.0
214.0
246.0
237.0
286.0
280.0
250.0
245.0
251.0
269.0
