264.0
220.0
257.0
261.0
293.0
255.0
272.0
260.0
274.0
291.0
252.0
280.0
225.0
276.0
257.0
267.0
255.0
303.0
260.0
291.0
240.0
287.0
278.0
248.0
279.0
244.0
264.0
216.0
257.0
230.0
223.0
293.0
241.0
246.0
256.0
250.0
280.0
283.0
250.0
262.0
256.0
274.0
242.0
217.0
249.0
236.0
293.0
299.0
282.0
244.0
234.0
241.0
235.0
265.0
220.0
266.0
273.0
236.0
246.0
285.0
274.0
240.0
292.0
248.0
269.0
228.0
287.0
265.0
291.0
210.0
269.0
317.0
290.0
245.0
328.0
239.0
243.0
239.0
248.0
225.0
296.0
260.0
308.0
227.0
252.0
298.0
271.0
252.0
235.0
247.0
267.0
239.0
258.0
254.0
299.0
297.0
220.0
292.0
250.0
267.0
287.0
271.0
248.0
253.0
287.0
228.0
232.0
266.0
243.0
240.0
259.0
269.0
256.0
259.0
270.0
279.0
249.0
239.0
253.0
247.0
296.0
284.0
246.0
241.0
260.0
252.0
337.0
253.0
284.0
255.0
268.0
307.0
282.0
242.0
256.0
238.0
237.0
267.0
298.0
277.0
260.0
314.0
262.0
243.0
236.0
280.0
277.0
237.0
305.0
256.0
237.0
308.0
251.0
316.0
312.0
288.0
289.0
273.0
260.0
294.0
255.0
256.0
295.0
317.0
220.0
243.0
261.0
284.0
324.0
288.0
258.0
254.0
247.0
303.0
256.0
223.0
302.0
244.0
235.0
274.0
308.0
227.0
228.0
241.0
255.0
261.0
238.0
223.0
224.0
245.0
339.0
254.0
256.0
284.0
274.0
274.0
245.0
308.0
272.0
289.0
