341.0
383.0
373.0
370.0
422.0
402.0
413.0
417.0
358.0
461.0
552.0
560.0
527.0
471.0
505.0
605.0
571.0
661.0
672.0
665.0
652.0
593.0
589.0
619.0
638.0
627.0
470.0
522.0
543.0
588.0
657.0
716.0
678.0
647.0
746.0
785.0
813.0
714.0
712.0
729.0
758.0
811.0
786.0
737.0
753.0
762.0
903.0
920.0
752.0
977.0
765.0
759.0
711.0
822.0
715.0
729.0
812.0
747.0
847.0
741.0
777.0
874.0
912.0
744.0
853.0
827.0
872.0
890.0
785.0
818.0
803.0
794.0
800.0
796.0
953.0
923.0
815.0
738.0
748.0
750.0
727.0
801.0
774.0
704.0
881.0
771.0
618.0
776.0
770.0
856.0
744.0
808.0
851.0
887.0
828.0
768.0
955.0
935.0
887.0
806.0
797.0
787.0
819.0
875.0
964.0
828.0
893.0
811.0
678.0
742.0
832.0
845.0
707.0
753.0
812.0
815.0
711.0
873.0
855.0
788.0
888.0
835.0
753.0
774.0
746.0
718.0
762.0
746.0
747.0
749.0
729.0
849.0
744.0
943.0
838.0
742.0
777.0
826.0
795.0
712.0
823.0
803.0
765.0
826.0
920.0
771.0
815.0
719.0
798.0
690.0
797.0
752.0
729.0
793.0
784.0
694.0
727.0
704.0
714.0
735.0
872.0
830.0
804.0
863.0
820.0
711.0
793.0
695.0
745.0
793.0
820.0
706.0
744.0
885.0
804.0
805.0
748.0
767.0
712.0
808.0
842.0
726.0
692.0
738.0
754.0
928.0
867.0
940.0
799.0
764.0
786.0
752.0
899.0
821.0
873.0
895.0
981.0
828.0
761.0
867.0
