265.0
281.0
277.0
271.0
247.0
307.0
232.0
279.0
257.0
290.0
228.0
206.0
214.0
217.0
259.0
285.0
214.0
312.0
258.0
315.0
216.0
275.0
287.0
242.0
233.0
265.0
243.0
264.0
241.0
271.0
237.0
299.0
255.0
249.0
214.0
271.0
246.0
297.0
241.0
264.0
230.0
251.0
212.0
274.0
291.0
221.0
232.0
268.0
266.0
259.0
297.0
230.0
278.0
275.0
251.0
299.0
260.0
270.0
278.0
235.0
316.0
236.0
274.0
265.0
238.0
243.0
241.0
245.0
253.0
230.0
250.0
245.0
275.0
283.0
287.0
233.0
233.0
229.0
258.0
272.0
246.0
255.0
237.0
284.0
285.0
316.0
210.0
301.0
293.0
271.0
273.0
280.0
274.0
257.0
273.0
262.0
299.0
282.0
313.0
243.0
289.0
244.0
298.0
235.0
254.0
331.0
231.0
295.0
289.0
227.0
294.0
260.0
237.0
260.0
241.0
262.0
225.0
244.0
240.0
214.0
242.0
231.0
247.0
224.0
236.0
231.0
242.0
281.0
270.0
267.0
240.0
245.0
229.0
248.0
272.0
250.0
290.0
292.0
255.0
240.0
250.0
264.0
264.0
312.0
288.0
253.0
319.0
252.0
259.0
321.0
295.0
257.0
302.0
242.0
243.0
241.0
275.0
231.0
276.0
270.0
290.0
258.0
294.0
274.0
252.0
249.0
269.0
293.0
274.0
244.0
255.0
212.0
265.0
232.0
268.0
309.0
264.0
212.0
275.0
277.0
244.0
237.0
231.0
252.0
255.0
276.0
328.0
302.0
239.0
291.0
281.0
277.0
267.0
214.0
256.0
281.0
254.0
233.0
283.0
279.0
