156.0
158.0
285.0
147.0
178.0
174.0
193.0
132.0
156.0
151.0
167.0
152.0
151.0
188.0
149.0
192.0
194.0
161.0
172.0
164.0
166.0
206.0
149.0
227.0
171.0
177.0
152.0
164.0
146.0
157.0
197.0
221.0
234.0
151.0
140.0
150.0
198.0
188.0
147.0
151.0
161.0
169.0
170.0
147.0
140.0
181.0
140.0
157.0
148.0
229.0
150.0
156.0
179.0
198.0
187.0
154.0
195.0
160.0
145.0
155.0
176.0
192.0
150.0
165.0
142.0
141.0
157.0
163.0
157.0
169.0
200.0
199.0
163.0
167.0
139.0
154.0
159.0
157.0
186.0
147.0
148.0
163.0
180.0
165.0
155.0
144.0
212.0
172.0
166.0
139.0
177.0
152.0
150.0
169.0
176.0
152.0
166.0
158.0
173.0
175.0
195.0
203.0
137.0
161.0
141.0
175.0
164.0
186.0
171.0
152.0
159.0
156.0
168.0
183.0
185.0
133.0
149.0
170.0
173.0
284.0
166.0
198.0
150.0
138.0
230.0
150.0
129.0
174.0
165.0
160.0
181.0
154.0
219.0
155.0
183.0
162.0
173.0
171.0
249.0
191.0
181.0
137.0
166.0
187.0
175.0
155.0
175.0
166.0
150.0
181.0
213.0
143.0
164.0
184.0
168.0
162.0
148.0
163.0
135.0
181.0
165.0
219.0
169.0
185.0
141.0
152.0
146.0
218.0
149.0
147.0
140.0
157.0
173.0
157.0
156.0
150.0
156.0
157.0
188.0
199.0
155.0
179.0
175.0
149.0
184.0
163.0
160.0
195.0
170.0
154.0
149.0
169.0
167.0
218.0
175.0
156.0
203.0
153.0
166.0
176.0
