280.0
268.0
263.0
318.0
262.0
220.0
184.0
228.0
261.0
237.0
213.0
205.0
267.0
228.0
235.0
217.0
255.0
223.0
258.0
257.0
195.0
208.0
165.0
184.0
185.0
144.0
220.0
191.0
207.0
180.0
191.0
180.0
166.0
143.0
194.0
159.0
198.0
291.0
238.0
204.0
203.0
192.0
200.0
222.0
245.0
286.0
189.0
221.0
162.0
215.0
178.0
168.0
171.0
212.0
217.0
165.0
188.0
186.0
182.0
192.0
181.0
211.0
233.0
161.0
183.0
166.0
198.0
240.0
390.0
276.0
242.0
214.0
186.0
189.0
180.0
167.0
163.0
164.0
205.0
164.0
178.0
157.0
173.0
225.0
178.0
246.0
194.0
243.0
276.0
291.0
297.0
235.0
197.0
169.0
269.0
250.0
179.0
171.0
190.0
237.0
211.0
192.0
159.0
165.0
201.0
215.0
242.0
233.0
240.0
204.0
180.0
168.0
342.0
272.0
239.0
248.0
192.0
227.0
217.0
235.0
252.0
182.0
173.0
188.0
201.0
181.0
187.0
171.0
275.0
291.0
230.0
199.0
198.0
241.0
209.0
174.0
252.0
279.0
277.0
200.0
185.0
226.0
202.0
177.0
223.0
213.0
172.0
159.0
180.0
404.0
349.0
418.0
250.0
258.0
189.0
179.0
171.0
198.0
182.0
178.0
241.0
212.0
252.0
222.0
184.0
184.0
219.0
209.0
171.0
184.0
187.0
184.0
170.0
229.0
177.0
180.0
226.0
213.0
187.0
177.0
179.0
152.0
233.0
155.0
170.0
245.0
288.0
207.0
184.0
229.0
186.0
154.0
165.0
192.0
245.0
260.0
208.0
237.0
195.0
231.0
