219.0
231.0
268.0
246.0
225.0
271.0
237.0
263.0
294.0
247.0
252.0
248.0
225.0
275.0
265.0
207.0
259.0
236.0
244.0
247.0
224.0
222.0
286.0
274.0
265.0
231.0
309.0
286.0
262.0
263.0
233.0
247.0
335.0
265.0
297.0
333.0
289.0
269.0
242.0
255.0
243.0
253.0
270.0
255.0
287.0
227.0
294.0
257.0
233.0
279.0
251.0
257.0
284.0
244.0
269.0
259.0
288.0
224.0
250.0
325.0
233.0
260.0
239.0
255.0
297.0
268.0
257.0
290.0
269.0
228.0
226.0
259.0
257.0
269.0
270.0
304.0
268.0
257.0
226.0
294.0
242.0
243.0
207.0
262.0
248.0
276.0
261.0
244.0
250.0
288.0
244.0
249.0
235.0
236.0
277.0
248.0
352.0
230.0
231.0
227.0
218.0
244.0
253.0
273.0
247.0
379.0
279.0
233.0
240.0
303.0
241.0
256.0
242.0
267.0
234.0
260.0
281.0
308.0
248.0
239.0
240.0
312.0
284.0
228.0
245.0
327.0
268.0
257.0
255.0
280.0
278.0
231.0
248.0
268.0
221.0
240.0
248.0
257.0
254.0
209.0
362.0
230.0
252.0
320.0
237.0
234.0
240.0
246.0
214.0
263.0
243.0
230.0
221.0
280.0
224.0
237.0
278.0
252.0
239.0
270.0
236.0
302.0
281.0
230.0
264.0
273.0
296.0
265.0
285.0
274.0
265.0
224.0
251.0
246.0
263.0
290.0
246.0
238.0
233.0
220.0
256.0
265.0
278.0
259.0
291.0
245.0
280.0
273.0
244.0
268.0
265.0
270.0
237.0
292.0
292.0
273.0
298.0
261.0
254.0
250.0
