133.0
175.0
171.0
182.0
176.0
153.0
140.0
147.0
160.0
161.0
156.0
165.0
160.0
159.0
153.0
149.0
144.0
156.0
136.0
134.0
159.0
179.0
135.0
165.0
145.0
161.0
154.0
208.0
158.0
160.0
146.0
199.0
148.0
192.0
154.0
191.0
151.0
273.0
157.0
156.0
161.0
159.0
145.0
143.0
226.0
177.0
168.0
162.0
134.0
219.0
136.0
195.0
148.0
166.0
151.0
156.0
157.0
137.0
130.0
137.0
130.0
157.0
145.0
170.0
170.0
163.0
162.0
159.0
169.0
149.0
152.0
158.0
136.0
143.0
149.0
169.0
146.0
147.0
168.0
228.0
172.0
205.0
141.0
242.0
181.0
147.0
148.0
151.0
175.0
169.0
135.0
156.0
156.0
180.0
150.0
169.0
228.0
177.0
166.0
166.0
151.0
166.0
158.0
165.0
170.0
145.0
160.0
147.0
160.0
150.0
154.0
147.0
135.0
159.0
159.0
146.0
143.0
132.0
141.0
195.0
178.0
174.0
177.0
165.0
224.0
168.0
149.0
192.0
178.0
179.0
159.0
190.0
157.0
155.0
156.0
162.0
156.0
177.0
150.0
145.0
132.0
155.0
156.0
146.0
180.0
329.0
166.0
222.0
163.0
241.0
151.0
185.0
155.0
195.0
164.0
160.0
177.0
150.0
149.0
145.0
237.0
182.0
176.0
170.0
189.0
166.0
146.0
159.0
204.0
162.0
183.0
138.0
138.0
163.0
210.0
169.0
140.0
168.0
153.0
158.0
145.0
193.0
165.0
166.0
156.0
176.0
146.0
159.0
172.0
170.0
195.0
177.0
201.0
138.0
146.0
169.0
149.0
173.0
146.0
164.0
