128.0
162.0
166.0
153.0
125.0
145.0
145.0
149.0
126.0
133.0
142.0
135.0
140.0
135.0
159.0
169.0
128.0
135.0
161.0
142.0
147.0
155.0
160.0
157.0
144.0
148.0
153.0
139.0
147.0
147.0
135.0
144.0
128.0
145.0
144.0
144.0
172.0
158.0
159.0
134.0
138.0
151.0
152.0
162.0
143.0
137.0
166.0
144.0
157.0
146.0
138.0
133.0
140.0
129.0
141.0
157.0
137.0
124.0
131.0
151.0
154.0
195.0
164.0
140.0
145.0
160.0
126.0
136.0
164.0
135.0
146.0
131.0
138.0
145.0
142.0
148.0
154.0
161.0
161.0
130.0
150.0
158.0
142.0
139.0
141.0
135.0
157.0
135.0
161.0
149.0
159.0
156.0
138.0
191.0
174.0
153.0
133.0
137.0
143.0
146.0
151.0
133.0
140.0
135.0
172.0
134.0
142.0
145.0
171.0
137.0
150.0
121.0
133.0
135.0
141.0
149.0
141.0
164.0
130.0
144.0
150.0
144.0
148.0
132.0
163.0
148.0
164.0
202.0
115.0
143.0
172.0
238.0
149.0
150.0
149.0
166.0
168.0
165.0
146.0
137.0
153.0
142.0
218.0
133.0
151.0
130.0
140.0
150.0
148.0
138.0
148.0
148.0
151.0
138.0
146.0
140.0
133.0
132.0
123.0
128.0
130.0
126.0
128.0
164.0
174.0
145.0
153.0
145.0
160.0
152.0
146.0
140.0
127.0
144.0
133.0
152.0
148.0
133.0
174.0
131.0
144.0
215.0
140.0
153.0
129.0
159.0
132.0
145.0
130.0
143.0
154.0
159.0
197.0
157.0
168.0
152.0
129.0
139.0
162.0
155.0
