234.0
189.0
147.0
156.0
163.0
167.0
163.0
153.0
154.0
156.0
142.0
141.0
191.0
169.0
134.0
192.0
158.0
147.0
272.0
158.0
165.0
250.0
167.0
162.0
162.0
162.0
163.0
156.0
146.0
130.0
149.0
193.0
140.0
160.0
182.0
177.0
158.0
144.0
160.0
151.0
140.0
160.0
157.0
172.0
183.0
171.0
150.0
173.0
158.0
187.0
158.0
162.0
179.0
146.0
143.0
154.0
156.0
181.0
152.0
138.0
156.0
156.0
168.0
179.0
158.0
222.0
159.0
148.0
168.0
140.0
188.0
176.0
172.0
210.0
166.0
154.0
198.0
156.0
148.0
146.0
175.0
233.0
169.0
151.0
166.0
155.0
187.0
157.0
146.0
149.0
139.0
143.0
156.0
143.0
197.0
168.0
171.0
180.0
166.0
156.0
144.0
173.0
165.0
187.0
173.0
170.0
156.0
147.0
167.0
180.0
151.0
190.0
153.0
138.0
136.0
139.0
159.0
196.0
155.0
182.0
143.0
161.0
131.0
175.0
157.0
243.0
229.0
179.0
140.0
160.0
145.0
153.0
157.0
161.0
155.0
170.0
129.0
191.0
160.0
177.0
149.0
208.0
160.0
210.0
190.0
162.0
220.0
167.0
198.0
138.0
188.0
154.0
144.0
227.0
158.0
179.0
168.0
181.0
141.0
138.0
161.0
149.0
153.0
165.0
222.0
170.0
192.0
171.0
163.0
160.0
163.0
156.0
147.0
159.0
146.0
156.0
170.0
139.0
153.0
156.0
146.0
140.0
190.0
149.0
151.0
183.0
142.0
150.0
186.0
154.0
192.0
213.0
142.0
147.0
162.0
176.0
162.0
177.0
202.0
152.0
