264.0
316.0
250.0
312.0
227.0
292.0
300.0
304.0
284.0
234.0
269.0
249.0
250.0
291.0
260.0
267.0
241.0
239.0
257.0
278.0
267.0
262.0
290.0
296.0
268.0
255.0
288.0
262.0
256.0
266.0
242.0
243.0
258.0
281.0
313.0
257.0
245.0
268.0
242.0
239.0
257.0
265.0
303.0
307.0
278.0
304.0
294.0
245.0
276.0
262.0
287.0
245.0
250.0
254.0
246.0
251.0
243.0
314.0
312.0
236.0
321.0
242.0
291.0
271.0
262.0
279.0
286.0
282.0
298.0
285.0
248.0
264.0
265.0
283.0
236.0
340.0
257.0
267.0
277.0
293.0
253.0
304.0
276.0
315.0
270.0
277.0
232.0
249.0
303.0
295.0
301.0
267.0
298.0
237.0
269.0
248.0
255.0
282.0
258.0
240.0
237.0
242.0
231.0
251.0
307.0
250.0
307.0
274.0
278.0
280.0
219.0
353.0
258.0
238.0
313.0
228.0
245.0
231.0
275.0
240.0
235.0
266.0
284.0
274.0
276.0
244.0
253.0
243.0
263.0
268.0
284.0
267.0
261.0
285.0
297.0
283.0
261.0
315.0
265.0
255.0
254.0
275.0
243.0
249.0
265.0
272.0
267.0
221.0
249.0
296.0
277.0
274.0
314.0
270.0
292.0
276.0
268.0
228.0
240.0
276.0
253.0
276.0
267.0
249.0
269.0
254.0
270.0
253.0
237.0
316.0
283.0
216.0
266.0
231.0
311.0
265.0
293.0
262.0
301.0
232.0
263.0
310.0
262.0
256.0
293.0
255.0
246.0
254.0
251.0
275.0
262.0
300.0
270.0
240.0
303.0
248.0
316.0
248.0
331.0
257.0
