243.0
243.0
261.0
280.0
289.0
265.0
248.0
306.0
237.0
244.0
258.0
254.0
268.0
292.0
254.0
276.0
234.0
245.0
285.0
247.0
288.0
246.0
262.0
228.0
285.0
274.0
244.0
243.0
295.0
250.0
249.0
258.0
253.0
221.0
271.0
323.0
242.0
260.0
268.0
254.0
273.0
257.0
234.0
297.0
292.0
279.0
256.0
228.0
254.0
245.0
288.0
237.0
295.0
220.0
315.0
327.0
258.0
263.0
286.0
299.0
275.0
266.0
258.0
241.0
241.0
239.0
246.0
217.0
242.0
250.0
267.0
241.0
246.0
226.0
259.0
253.0
281.0
332.0
234.0
290.0
262.0
273.0
273.0
236.0
254.0
247.0
261.0
257.0
238.0
265.0
254.0
280.0
356.0
261.0
242.0
247.0
261.0
297.0
244.0
268.0
297.0
254.0
251.0
202.0
259.0
233.0
319.0
285.0
233.0
246.0
270.0
234.0
270.0
287.0
265.0
246.0
255.0
322.0
220.0
283.0
259.0
221.0
290.0
245.0
254.0
272.0
262.0
221.0
325.0
294.0
277.0
236.0
300.0
244.0
229.0
253.0
267.0
280.0
311.0
285.0
240.0
228.0
273.0
242.0
275.0
227.0
244.0
265.0
268.0
242.0
270.0
211.0
252.0
305.0
242.0
237.0
260.0
255.0
241.0
254.0
256.0
280.0
277.0
265.0
248.0
317.0
291.0
260.0
239.0
300.0
257.0
223.0
241.0
292.0
292.0
248.0
269.0
276.0
253.0
277.0
276.0
228.0
233.0
266.0
264.0
251.0
258.0
242.0
227.0
243.0
244.0
248.0
283.0
280.0
218.0
260.0
254.0
248.0
279.0
246.0
