245.0
265.0
226.0
223.0
273.0
226.0
242.0
277.0
221.0
289.0
258.0
233.0
251.0
285.0
306.0
295.0
219.0
242.0
260.0
264.0
282.0
250.0
248.0
250.0
247.0
236.0
326.0
292.0
316.0
263.0
257.0
248.0
263.0
239.0
233.0
260.0
263.0
243.0
278.0
268.0
261.0
309.0
271.0
244.0
260.0
227.0
253.0
295.0
280.0
248.0
241.0
303.0
362.0
221.0
278.0
272.0
249.0
257.0
232.0
267.0
226.0
245.0
255.0
311.0
349.0
244.0
236.0
250.0
243.0
270.0
220.0
255.0
259.0
246.0
272.0
264.0
317.0
241.0
262.0
302.0
262.0
246.0
272.0
285.0
276.0
268.0
249.0
234.0
278.0
261.0
259.0
280.0
296.0
239.0
250.0
270.0
234.0
249.0
226.0
264.0
294.0
244.0
274.0
227.0
218.0
226.0
265.0
210.0
287.0
280.0
317.0
221.0
281.0
226.0
271.0
241.0
213.0
224.0
263.0
284.0
258.0
305.0
246.0
270.0
269.0
272.0
249.0
291.0
233.0
255.0
229.0
247.0
264.0
253.0
248.0
202.0
230.0
264.0
264.0
275.0
295.0
279.0
291.0
272.0
308.0
243.0
276.0
227.0
272.0
258.0
343.0
249.0
240.0
261.0
267.0
272.0
267.0
244.0
217.0
276.0
272.0
230.0
256.0
277.0
292.0
220.0
246.0
217.0
257.0
255.0
252.0
287.0
256.0
237.0
258.0
270.0
241.0
248.0
347.0
259.0
217.0
273.0
252.0
207.0
241.0
248.0
270.0
254.0
243.0
259.0
241.0
254.0
239.0
262.0
257.0
267.0
241.0
251.0
237.0
284.0
