152.0
153.0
155.0
154.0
161.0
151.0
178.0
168.0
177.0
150.0
159.0
180.0
177.0
174.0
179.0
216.0
165.0
137.0
129.0
148.0
156.0
168.0
199.0
171.0
231.0
153.0
162.0
135.0
152.0
171.0
196.0
224.0
155.0
159.0
194.0
135.0
295.0
153.0
137.0
164.0
163.0
142.0
231.0
181.0
165.0
166.0
192.0
162.0
163.0
155.0
178.0
156.0
139.0
164.0
194.0
422.0
200.0
163.0
151.0
157.0
170.0
154.0
150.0
168.0
265.0
138.0
179.0
145.0
201.0
142.0
155.0
181.0
155.0
149.0
152.0
165.0
156.0
172.0
141.0
186.0
171.0
148.0
145.0
180.0
147.0
238.0
226.0
193.0
171.0
157.0
145.0
124.0
161.0
138.0
160.0
152.0
167.0
161.0
183.0
237.0
151.0
173.0
210.0
159.0
144.0
179.0
159.0
193.0
153.0
201.0
153.0
161.0
161.0
164.0
148.0
143.0
200.0
153.0
144.0
136.0
194.0
164.0
180.0
157.0
181.0
162.0
152.0
240.0
144.0
155.0
140.0
204.0
174.0
198.0
194.0
171.0
138.0
139.0
181.0
197.0
199.0
192.0
213.0
137.0
154.0
176.0
220.0
139.0
167.0
157.0
154.0
173.0
162.0
150.0
151.0
179.0
179.0
190.0
153.0
133.0
167.0
222.0
223.0
160.0
218.0
153.0
155.0
169.0
172.0
169.0
152.0
175.0
178.0
150.0
158.0
282.0
147.0
166.0
167.0
141.0
188.0
165.0
159.0
217.0
184.0
200.0
176.0
135.0
199.0
166.0
253.0
148.0
173.0
178.0
142.0
138.0
143.0
162.0
161.0
157.0
