283.0
239.0
286.0
269.0
254.0
256.0
248.0
268.0
228.0
260.0
265.0
241.0
245.0
265.0
264.0
335.0
282.0
243.0
237.0
268.0
331.0
302.0
274.0
257.0
266.0
276.0
251.0
238.0
274.0
315.0
268.0
249.0
304.0
288.0
255.0
273.0
239.0
216.0
268.0
251.0
257.0
254.0
248.0
261.0
313.0
258.0
265.0
236.0
236.0
255.0
255.0
250.0
256.0
258.0
245.0
255.0
279.0
243.0
251.0
264.0
279.0
245.0
288.0
293.0
285.0
277.0
296.0
232.0
245.0
236.0
242.0
260.0
229.0
244.0
297.0
251.0
252.0
253.0
240.0
265.0
352.0
217.0
262.0
256.0
285.0
289.0
268.0
273.0
288.0
266.0
274.0
256.0
277.0
285.0
247.0
248.0
246.0
234.0
283.0
223.0
243.0
251.0
258.0
234.0
258.0
251.0
312.0
240.0
243.0
262.0
259.0
247.0
256.0
260.0
254.0
289.0
244.0
263.0
284.0
290.0
273.0
237.0
271.0
242.0
254.0
246.0
281.0
249.0
225.0
305.0
267.0
247.0
242.0
250.0
227.0
282.0
247.0
243.0
249.0
258.0
288.0
245.0
241.0
241.0
238.0
300.0
253.0
231.0
266.0
304.0
247.0
268.0
263.0
299.0
279.0
257.0
235.0
286.0
291.0
307.0
261.0
273.0
317.0
254.0
273.0
232.0
253.0
263.0
253.0
223.0
237.0
258.0
266.0
264.0
239.0
277.0
241.0
253.0
301.0
229.0
258.0
273.0
246.0
230.0
250.0
260.0
278.0
285.0
236.0
334.0
250.0
292.0
286.0
220.0
235.0
235.0
256.0
247.0
270.0
277.0
