141.0
151.0
150.0
191.0
148.0
183.0
184.0
240.0
249.0
160.0
155.0
197.0
270.0
212.0
146.0
204.0
215.0
196.0
197.0
162.0
224.0
212.0
293.0
188.0
183.0
156.0
164.0
205.0
182.0
159.0
165.0
164.0
198.0
160.0
172.0
141.0
208.0
182.0
267.0
159.0
175.0
176.0
157.0
169.0
189.0
160.0
184.0
273.0
185.0
181.0
160.0
155.0
161.0
169.0
189.0
189.0
158.0
165.0
177.0
165.0
163.0
147.0
163.0
184.0
194.0
211.0
156.0
159.0
157.0
154.0
162.0
139.0
216.0
224.0
280.0
263.0
215.0
187.0
145.0
166.0
147.0
174.0
195.0
145.0
181.0
154.0
208.0
174.0
163.0
232.0
173.0
154.0
169.0
212.0
159.0
184.0
172.0
158.0
202.0
158.0
181.0
168.0
184.0
153.0
192.0
190.0
169.0
200.0
149.0
152.0
181.0
167.0
147.0
181.0
177.0
141.0
151.0
202.0
151.0
194.0
156.0
216.0
165.0
149.0
173.0
184.0
313.0
198.0
214.0
178.0
163.0
204.0
159.0
196.0
148.0
175.0
182.0
232.0
200.0
255.0
188.0
191.0
223.0
204.0
261.0
182.0
163.0
144.0
177.0
227.0
165.0
173.0
167.0
162.0
265.0
180.0
268.0
211.0
158.0
169.0
166.0
176.0
163.0
178.0
189.0
261.0
162.0
180.0
246.0
166.0
175.0
175.0
219.0
205.0
195.0
179.0
217.0
156.0
154.0
164.0
153.0
282.0
180.0
177.0
240.0
176.0
169.0
147.0
157.0
162.0
184.0
162.0
171.0
155.0
170.0
180.0
202.0
160.0
185.0
204.0
