299.0
260.0
340.0
261.0
257.0
262.0
244.0
248.0
263.0
252.0
288.0
328.0
269.0
241.0
245.0
318.0
276.0
312.0
259.0
296.0
238.0
235.0
272.0
267.0
257.0
275.0
285.0
332.0
289.0
284.0
276.0
308.0
249.0
287.0
286.0
269.0
263.0
312.0
289.0
311.0
280.0
263.0
313.0
260.0
277.0
242.0
264.0
300.0
240.0
289.0
285.0
258.0
295.0
303.0
244.0
255.0
331.0
281.0
271.0
251.0
253.0
284.0
272.0
272.0
257.0
331.0
285.0
245.0
308.0
228.0
235.0
308.0
305.0
302.0
255.0
334.0
275.0
253.0
291.0
244.0
279.0
267.0
331.0
262.0
280.0
260.0
249.0
269.0
268.0
244.0
266.0
266.0
233.0
257.0
285.0
320.0
263.0
299.0
250.0
291.0
316.0
295.0
237.0
272.0
258.0
322.0
254.0
297.0
240.0
270.0
287.0
288.0
261.0
246.0
263.0
294.0
266.0
265.0
262.0
279.0
283.0
280.0
272.0
288.0
275.0
316.0
248.0
297.0
266.0
297.0
247.0
235.0
258.0
292.0
249.0
256.0
291.0
282.0
254.0
345.0
328.0
315.0
358.0
268.0
305.0
293.0
269.0
288.0
281.0
267.0
302.0
309.0
298.0
280.0
289.0
304.0
272.0
328.0
254.0
239.0
258.0
266.0
300.0
301.0
387.0
308.0
316.0
307.0
288.0
264.0
319.0
272.0
261.0
267.0
281.0
274.0
277.0
282.0
284.0
344.0
328.0
318.0
258.0
354.0
323.0
276.0
277.0
249.0
263.0
281.0
237.0
309.0
254.0
353.0
290.0
316.0
293.0
301.0
275.0
236.0
