171.0
137.0
140.0
140.0
139.0
157.0
169.0
190.0
141.0
144.0
146.0
159.0
173.0
150.0
160.0
174.0
168.0
162.0
169.0
165.0
185.0
158.0
170.0
190.0
165.0
157.0
137.0
177.0
153.0
202.0
292.0
149.0
200.0
149.0
169.0
145.0
156.0
161.0
169.0
168.0
173.0
196.0
162.0
207.0
173.0
167.0
300.0
155.0
166.0
190.0
149.0
177.0
168.0
168.0
168.0
182.0
179.0
165.0
194.0
170.0
177.0
170.0
173.0
154.0
162.0
147.0
181.0
177.0
159.0
161.0
162.0
150.0
155.0
167.0
139.0
151.0
133.0
157.0
197.0
209.0
166.0
188.0
137.0
164.0
168.0
162.0
157.0
151.0
165.0
190.0
163.0
158.0
124.0
230.0
159.0
153.0
179.0
172.0
187.0
134.0
180.0
173.0
167.0
149.0
138.0
195.0
143.0
149.0
154.0
188.0
180.0
305.0
165.0
155.0
137.0
147.0
148.0
159.0
190.0
144.0
177.0
145.0
144.0
199.0
207.0
219.0
169.0
161.0
250.0
165.0
171.0
158.0
140.0
164.0
176.0
148.0
155.0
228.0
134.0
163.0
173.0
147.0
181.0
177.0
147.0
166.0
197.0
160.0
167.0
171.0
152.0
151.0
268.0
144.0
143.0
147.0
154.0
163.0
150.0
165.0
161.0
164.0
152.0
177.0
157.0
212.0
161.0
171.0
224.0
165.0
189.0
147.0
178.0
223.0
138.0
164.0
175.0
160.0
244.0
153.0
152.0
164.0
193.0
174.0
144.0
173.0
205.0
163.0
155.0
157.0
165.0
147.0
177.0
202.0
164.0
179.0
162.0
193.0
135.0
231.0
