129.0
140.0
164.0
130.0
244.0
139.0
128.0
146.0
126.0
174.0
151.0
153.0
151.0
159.0
147.0
147.0
154.0
182.0
145.0
145.0
158.0
156.0
141.0
147.0
129.0
157.0
136.0
167.0
168.0
149.0
153.0
150.0
144.0
154.0
147.0
146.0
146.0
139.0
160.0
170.0
150.0
149.0
134.0
125.0
150.0
148.0
142.0
145.0
153.0
141.0
146.0
152.0
238.0
152.0
148.0
164.0
140.0
187.0
194.0
120.0
195.0
148.0
175.0
160.0
164.0
160.0
168.0
136.0
160.0
120.0
161.0
189.0
135.0
146.0
166.0
168.0
138.0
164.0
140.0
150.0
177.0
133.0
155.0
150.0
169.0
154.0
139.0
195.0
152.0
148.0
150.0
171.0
191.0
155.0
149.0
162.0
139.0
145.0
223.0
147.0
135.0
139.0
150.0
153.0
131.0
149.0
166.0
299.0
154.0
163.0
140.0
149.0
150.0
163.0
138.0
155.0
231.0
156.0
160.0
152.0
156.0
153.0
165.0
188.0
175.0
136.0
139.0
140.0
174.0
171.0
142.0
148.0
165.0
137.0
167.0
146.0
149.0
140.0
148.0
177.0
148.0
138.0
157.0
139.0
156.0
149.0
166.0
148.0
174.0
153.0
140.0
160.0
157.0
143.0
137.0
137.0
157.0
151.0
178.0
139.0
215.0
155.0
147.0
153.0
144.0
150.0
161.0
159.0
176.0
139.0
149.0
151.0
147.0
142.0
156.0
147.0
148.0
157.0
128.0
150.0
179.0
192.0
162.0
179.0
148.0
138.0
191.0
141.0
157.0
149.0
163.0
138.0
139.0
129.0
129.0
139.0
156.0
140.0
154.0
151.0
