237.0
246.0
232.0
258.0
266.0
275.0
248.0
264.0
245.0
223.0
256.0
257.0
268.0
283.0
216.0
209.0
271.0
252.0
265.0
321.0
290.0
229.0
229.0
249.0
264.0
283.0
305.0
242.0
256.0
276.0
276.0
277.0
243.0
262.0
239.0
259.0
286.0
273.0
257.0
279.0
248.0
243.0
255.0
274.0
228.0
233.0
254.0
264.0
265.0
257.0
334.0
277.0
245.0
255.0
251.0
257.0
285.0
221.0
249.0
262.0
346.0
248.0
243.0
256.0
278.0
290.0
268.0
302.0
227.0
286.0
248.0
275.0
248.0
264.0
286.0
246.0
280.0
250.0
283.0
235.0
266.0
238.0
283.0
253.0
223.0
297.0
290.0
258.0
288.0
230.0
278.0
241.0
211.0
214.0
269.0
260.0
292.0
223.0
238.0
233.0
253.0
254.0
243.0
261.0
280.0
220.0
239.0
265.0
226.0
311.0
256.0
290.0
253.0
253.0
243.0
246.0
238.0
245.0
274.0
229.0
315.0
250.0
283.0
263.0
220.0
247.0
250.0
292.0
265.0
249.0
311.0
262.0
235.0
248.0
321.0
248.0
274.0
310.0
240.0
259.0
259.0
224.0
230.0
295.0
222.0
275.0
245.0
259.0
283.0
245.0
254.0
237.0
222.0
244.0
265.0
240.0
277.0
234.0
289.0
278.0
293.0
250.0
231.0
261.0
289.0
268.0
238.0
294.0
269.0
258.0
240.0
259.0
242.0
256.0
300.0
248.0
225.0
299.0
240.0
236.0
307.0
224.0
267.0
225.0
280.0
273.0
244.0
236.0
232.0
244.0
303.0
313.0
244.0
239.0
230.0
298.0
258.0
233.0
221.0
286.0
