262.0
305.0
277.0
229.0
286.0
242.0
214.0
237.0
257.0
312.0
260.0
273.0
254.0
241.0
252.0
297.0
217.0
296.0
253.0
277.0
233.0
227.0
287.0
270.0
274.0
229.0
281.0
306.0
291.0
244.0
266.0
276.0
233.0
269.0
307.0
240.0
316.0
246.0
303.0
292.0
266.0
257.0
296.0
235.0
242.0
248.0
292.0
331.0
248.0
271.0
253.0
254.0
262.0
229.0
254.0
275.0
295.0
304.0
252.0
225.0
321.0
262.0
285.0
283.0
264.0
320.0
242.0
246.0
273.0
254.0
287.0
240.0
241.0
274.0
234.0
262.0
241.0
228.0
264.0
248.0
254.0
229.0
251.0
282.0
268.0
256.0
232.0
278.0
308.0
224.0
223.0
270.0
257.0
283.0
268.0
336.0
262.0
293.0
330.0
279.0
267.0
237.0
266.0
235.0
240.0
225.0
235.0
264.0
254.0
276.0
292.0
273.0
326.0
301.0
260.0
306.0
255.0
239.0
282.0
246.0
252.0
281.0
244.0
292.0
278.0
229.0
295.0
308.0
302.0
253.0
288.0
237.0
248.0
232.0
253.0
244.0
262.0
297.0
259.0
264.0
276.0
241.0
238.0
249.0
264.0
257.0
269.0
246.0
266.0
247.0
301.0
254.0
275.0
254.0
254.0
259.0
288.0
285.0
241.0
230.0
259.0
251.0
242.0
266.0
326.0
279.0
270.0
234.0
224.0
247.0
264.0
284.0
268.0
298.0
235.0
258.0
270.0
276.0
346.0
323.0
231.0
258.0
265.0
265.0
307.0
298.0
218.0
280.0
263.0
277.0
286.0
314.0
286.0
250.0
264.0
256.0
243.0
244.0
236.0
313.0
