299.0
280.0
300.0
292.0
307.0
251.0
309.0
250.0
250.0
238.0
327.0
266.0
244.0
293.0
283.0
257.0
333.0
311.0
280.0
264.0
257.0
269.0
266.0
246.0
258.0
336.0
253.0
292.0
266.0
264.0
287.0
266.0
271.0
258.0
296.0
335.0
276.0
300.0
237.0
262.0
262.0
248.0
251.0
237.0
251.0
259.0
296.0
260.0
273.0
246.0
245.0
278.0
256.0
277.0
237.0
264.0
278.0
254.0
296.0
288.0
233.0
287.0
287.0
263.0
229.0
303.0
271.0
235.0
313.0
303.0
251.0
265.0
289.0
267.0
246.0
270.0
246.0
306.0
268.0
239.0
276.0
282.0
271.0
355.0
248.0
282.0
271.0
248.0
253.0
273.0
244.0
238.0
257.0
287.0
237.0
304.0
310.0
254.0
235.0
283.0
252.0
283.0
251.0
253.0
254.0
266.0
282.0
256.0
232.0
278.0
244.0
299.0
275.0
279.0
302.0
239.0
259.0
288.0
303.0
295.0
307.0
247.0
253.0
244.0
243.0
248.0
282.0
265.0
275.0
301.0
218.0
253.0
290.0
243.0
239.0
266.0
257.0
254.0
261.0
258.0
279.0
243.0
305.0
232.0
266.0
280.0
276.0
265.0
252.0
300.0
263.0
272.0
242.0
280.0
318.0
283.0
273.0
248.0
269.0
312.0
259.0
298.0
279.0
277.0
248.0
262.0
271.0
279.0
297.0
249.0
274.0
261.0
247.0
291.0
280.0
293.0
307.0
279.0
296.0
267.0
278.0
238.0
287.0
263.0
297.0
234.0
245.0
312.0
344.0
253.0
372.0
237.0
241.0
248.0
370.0
336.0
281.0
273.0
242.0
267.0
