135.0
161.0
168.0
143.0
147.0
143.0
149.0
143.0
147.0
163.0
157.0
137.0
150.0
148.0
144.0
149.0
145.0
156.0
149.0
134.0
150.0
152.0
138.0
137.0
148.0
144.0
133.0
126.0
154.0
140.0
141.0
143.0
137.0
151.0
122.0
133.0
152.0
127.0
155.0
195.0
163.0
151.0
138.0
131.0
164.0
146.0
131.0
145.0
141.0
184.0
152.0
156.0
141.0
136.0
133.0
140.0
136.0
158.0
159.0
156.0
137.0
160.0
154.0
137.0
151.0
141.0
144.0
149.0
137.0
172.0
149.0
120.0
129.0
149.0
152.0
140.0
163.0
152.0
146.0
140.0
163.0
151.0
252.0
151.0
147.0
160.0
149.0
169.0
165.0
142.0
152.0
204.0
151.0
134.0
130.0
151.0
136.0
154.0
140.0
151.0
148.0
131.0
136.0
150.0
129.0
165.0
173.0
156.0
159.0
143.0
125.0
162.0
127.0
144.0
131.0
157.0
153.0
161.0
176.0
148.0
166.0
159.0
132.0
144.0
132.0
144.0
170.0
164.0
147.0
156.0
146.0
121.0
143.0
134.0
151.0
144.0
179.0
130.0
132.0
157.0
163.0
172.0
139.0
154.0
141.0
160.0
157.0
121.0
150.0
163.0
148.0
162.0
189.0
131.0
156.0
128.0
123.0
145.0
165.0
153.0
151.0
165.0
135.0
135.0
130.0
157.0
152.0
206.0
144.0
136.0
157.0
141.0
166.0
143.0
143.0
143.0
140.0
133.0
131.0
152.0
149.0
145.0
126.0
151.0
142.0
170.0
150.0
152.0
172.0
149.0
137.0
168.0
161.0
143.0
150.0
149.0
131.0
157.0
120.0
149.0
