273.0
255.0
285.0
247.0
305.0
238.0
254.0
270.0
274.0
240.0
254.0
276.0
220.0
255.0
256.0
247.0
335.0
282.0
258.0
257.0
251.0
263.0
280.0
223.0
275.0
258.0
283.0
293.0
251.0
237.0
243.0
260.0
231.0
285.0
249.0
261.0
281.0
294.0
262.0
269.0
221.0
247.0
282.0
229.0
238.0
255.0
222.0
252.0
284.0
292.0
284.0
252.0
265.0
239.0
308.0
321.0
281.0
237.0
275.0
259.0
264.0
232.0
294.0
259.0
284.0
274.0
279.0
275.0
278.0
239.0
235.0
294.0
254.0
233.0
257.0
283.0
242.0
291.0
230.0
272.0
265.0
298.0
259.0
243.0
248.0
254.0
214.0
251.0
245.0
271.0
235.0
243.0
258.0
235.0
246.0
311.0
250.0
303.0
240.0
281.0
270.0
226.0
217.0
252.0
250.0
208.0
314.0
227.0
247.0
330.0
304.0
231.0
240.0
234.0
251.0
291.0
305.0
292.0
262.0
250.0
272.0
264.0
251.0
244.0
244.0
303.0
238.0
278.0
257.0
244.0
246.0
246.0
281.0
275.0
254.0
241.0
275.0
266.0
300.0
275.0
223.0
258.0
299.0
271.0
292.0
258.0
287.0
269.0
273.0
255.0
240.0
220.0
310.0
244.0
315.0
223.0
284.0
232.0
261.0
300.0
270.0
272.0
220.0
245.0
253.0
251.0
265.0
288.0
292.0
299.0
246.0
242.0
272.0
284.0
205.0
259.0
250.0
268.0
213.0
278.0
310.0
268.0
297.0
295.0
309.0
252.0
322.0
253.0
242.0
278.0
295.0
305.0
235.0
270.0
264.0
284.0
331.0
254.0
253.0
291.0
