224.0
227.0
253.0
316.0
246.0
233.0
247.0
265.0
246.0
240.0
230.0
260.0
254.0
241.0
268.0
245.0
292.0
267.0
253.0
251.0
243.0
263.0
263.0
237.0
238.0
260.0
225.0
278.0
264.0
240.0
265.0
247.0
261.0
226.0
252.0
263.0
257.0
237.0
302.0
247.0
307.0
253.0
321.0
269.0
300.0
286.0
251.0
248.0
232.0
232.0
260.0
234.0
238.0
243.0
279.0
266.0
257.0
270.0
281.0
276.0
260.0
292.0
237.0
257.0
260.0
260.0
273.0
244.0
244.0
253.0
314.0
274.0
234.0
302.0
249.0
262.0
317.0
265.0
275.0
279.0
280.0
260.0
237.0
329.0
234.0
268.0
259.0
231.0
249.0
273.0
270.0
309.0
284.0
220.0
282.0
245.0
326.0
212.0
230.0
259.0
265.0
265.0
261.0
238.0
257.0
266.0
247.0
231.0
308.0
245.0
256.0
245.0
298.0
244.0
245.0
218.0
264.0
319.0
256.0
317.0
215.0
246.0
258.0
327.0
253.0
246.0
256.0
267.0
233.0
256.0
257.0
257.0
247.0
249.0
234.0
230.0
280.0
282.0
244.0
324.0
265.0
273.0
219.0
219.0
261.0
246.0
250.0
247.0
244.0
278.0
283.0
264.0
270.0
253.0
227.0
239.0
237.0
285.0
243.0
239.0
254.0
305.0
267.0
290.0
274.0
262.0
287.0
261.0
307.0
269.0
247.0
232.0
261.0
238.0
224.0
363.0
283.0
239.0
263.0
289.0
275.0
297.0
230.0
216.0
235.0
285.0
255.0
242.0
275.0
277.0
265.0
284.0
253.0
292.0
253.0
292.0
231.0
227.0
230.0
267.0
