155.0
157.0
139.0
131.0
147.0
157.0
154.0
127.0
144.0
149.0
163.0
164.0
151.0
130.0
155.0
128.0
128.0
144.0
149.0
125.0
133.0
160.0
152.0
135.0
147.0
159.0
164.0
169.0
127.0
142.0
134.0
145.0
129.0
149.0
132.0
144.0
155.0
159.0
157.0
141.0
143.0
149.0
154.0
152.0
148.0
141.0
145.0
134.0
146.0
142.0
130.0
148.0
146.0
140.0
145.0
143.0
172.0
157.0
134.0
139.0
144.0
159.0
132.0
135.0
138.0
152.0
150.0
161.0
141.0
136.0
150.0
166.0
144.0
157.0
144.0
136.0
154.0
134.0
143.0
129.0
141.0
174.0
132.0
144.0
140.0
132.0
144.0
151.0
132.0
154.0
131.0
194.0
163.0
140.0
145.0
156.0
131.0
126.0
136.0
129.0
136.0
145.0
131.0
158.0
141.0
147.0
154.0
134.0
161.0
161.0
158.0
137.0
137.0
142.0
153.0
161.0
160.0
134.0
138.0
145.0
142.0
137.0
174.0
164.0
140.0
133.0
138.0
142.0
145.0
151.0
133.0
141.0
145.0
140.0
138.0
158.0
129.0
137.0
143.0
150.0
133.0
133.0
147.0
140.0
130.0
150.0
129.0
140.0
162.0
135.0
152.0
147.0
149.0
140.0
129.0
133.0
155.0
151.0
201.0
149.0
116.0
144.0
173.0
190.0
130.0
152.0
131.0
151.0
148.0
157.0
150.0
119.0
149.0
138.0
168.0
165.0
123.0
147.0
149.0
146.0
136.0
152.0
188.0
140.0
148.0
132.0
124.0
149.0
150.0
134.0
129.0
138.0
133.0
148.0
137.0
154.0
148.0
140.0
151.0
140.0
