487.0
648.0
644.0
607.0
626.0
535.0
594.0
572.0
683.0
568.0
626.0
790.0
710.0
928.0
796.0
764.0
807.0
783.0
745.0
809.0
815.0
914.0
754.0
794.0
731.0
797.0
913.0
728.0
810.0
951.0
810.0
762.0
787.0
892.0
827.0
950.0
844.0
718.0
980.0
761.0
821.0
836.0
720.0
835.0
790.0
746.0
673.0
788.0
951.0
771.0
825.0
937.0
777.0
937.0
702.0
800.0
907.0
768.0
862.0
866.0
831.0
967.0
908.0
947.0
754.0
914.0
758.0
803.0
828.0
789.0
752.0
817.0
821.0
797.0
757.0
740.0
801.0
850.0
751.0
712.0
751.0
913.0
792.0
789.0
756.0
793.0
789.0
885.0
738.0
917.0
838.0
767.0
852.0
869.0
854.0
840.0
796.0
781.0
742.0
823.0
749.0
857.0
773.0
964.0
772.0
800.0
683.0
691.0
836.0
807.0
712.0
886.0
748.0
742.0
862.0
883.0
883.0
741.0
882.0
794.0
753.0
907.0
798.0
898.0
756.0
740.0
786.0
757.0
773.0
770.0
799.0
754.0
796.0
898.0
880.0
879.0
868.0
742.0
729.0
795.0
827.0
716.0
803.0
788.0
823.0
834.0
709.0
866.0
777.0
708.0
796.0
930.0
752.0
687.0
774.0
683.0
798.0
858.0
684.0
795.0
763.0
798.0
729.0
768.0
815.0
1018.0
750.0
765.0
840.0
793.0
827.0
858.0
986.0
990.0
1060.0
790.0
729.0
817.0
810.0
654.0
820.0
817.0
867.0
819.0
710.0
730.0
868.0
833.0
722.0
797.0
769.0
759.0
895.0
758.0
847.0
844.0
801.0
831.0
807.0
864.0
