289.0
211.0
227.0
227.0
205.0
182.0
191.0
167.0
265.0
355.0
336.0
298.0
295.0
231.0
204.0
258.0
255.0
216.0
166.0
211.0
187.0
175.0
217.0
182.0
157.0
146.0
280.0
286.0
195.0
172.0
175.0
171.0
199.0
224.0
416.0
321.0
284.0
253.0
270.0
227.0
199.0
197.0
179.0
199.0
252.0
276.0
226.0
208.0
179.0
181.0
198.0
210.0
235.0
221.0
178.0
217.0
240.0
184.0
218.0
182.0
214.0
188.0
162.0
239.0
169.0
174.0
209.0
186.0
175.0
167.0
203.0
208.0
208.0
225.0
215.0
246.0
275.0
221.0
209.0
241.0
246.0
200.0
224.0
175.0
155.0
224.0
193.0
235.0
245.0
194.0
260.0
178.0
243.0
229.0
207.0
194.0
150.0
188.0
162.0
244.0
194.0
188.0
289.0
354.0
289.0
248.0
243.0
215.0
256.0
194.0
164.0
245.0
187.0
169.0
143.0
174.0
199.0
193.0
321.0
290.0
226.0
196.0
232.0
195.0
251.0
188.0
198.0
196.0
188.0
230.0
196.0
225.0
268.0
310.0
433.0
425.0
343.0
276.0
290.0
262.0
229.0
280.0
255.0
250.0
216.0
318.0
338.0
363.0
331.0
282.0
267.0
247.0
217.0
227.0
289.0
245.0
162.0
247.0
184.0
177.0
184.0
198.0
171.0
224.0
185.0
174.0
192.0
178.0
196.0
207.0
210.0
222.0
174.0
183.0
162.0
175.0
207.0
234.0
206.0
176.0
219.0
195.0
224.0
241.0
240.0
236.0
214.0
263.0
194.0
186.0
241.0
228.0
271.0
264.0
332.0
282.0
237.0
184.0
180.0
199.0
