276.0
335.0
227.0
250.0
246.0
251.0
249.0
252.0
227.0
254.0
206.0
286.0
259.0
336.0
248.0
237.0
237.0
232.0
249.0
235.0
275.0
319.0
292.0
281.0
252.0
287.0
250.0
241.0
258.0
279.0
228.0
249.0
250.0
270.0
255.0
247.0
256.0
266.0
325.0
261.0
250.0
265.0
248.0
268.0
265.0
221.0
267.0
241.0
273.0
246.0
272.0
252.0
302.0
286.0
265.0
234.0
296.0
213.0
237.0
256.0
256.0
255.0
281.0
285.0
265.0
227.0
280.0
247.0
257.0
253.0
266.0
260.0
228.0
259.0
230.0
295.0
249.0
219.0
288.0
259.0
231.0
259.0
237.0
303.0
264.0
275.0
268.0
279.0
281.0
251.0
263.0
280.0
254.0
204.0
271.0
239.0
261.0
223.0
279.0
260.0
313.0
250.0
305.0
254.0
229.0
248.0
279.0
234.0
252.0
248.0
255.0
251.0
256.0
252.0
250.0
230.0
266.0
307.0
255.0
275.0
242.0
283.0
253.0
289.0
250.0
244.0
268.0
207.0
259.0
238.0
328.0
329.0
317.0
232.0
258.0
240.0
271.0
274.0
260.0
264.0
242.0
274.0
321.0
249.0
262.0
296.0
253.0
294.0
262.0
257.0
254.0
247.0
271.0
284.0
314.0
243.0
222.0
223.0
277.0
297.0
250.0
271.0
273.0
280.0
227.0
261.0
245.0
256.0
246.0
286.0
255.0
242.0
308.0
240.0
275.0
244.0
276.0
283.0
239.0
254.0
257.0
279.0
261.0
275.0
259.0
247.0
249.0
253.0
247.0
229.0
221.0
257.0
254.0
221.0
250.0
282.0
324.0
255.0
226.0
235.0
