144.0
136.0
142.0
173.0
140.0
163.0
154.0
168.0
134.0
142.0
139.0
131.0
146.0
156.0
163.0
153.0
128.0
145.0
148.0
173.0
165.0
156.0
152.0
130.0
157.0
126.0
128.0
127.0
146.0
143.0
148.0
126.0
134.0
160.0
142.0
152.0
135.0
141.0
135.0
144.0
161.0
165.0
168.0
128.0
143.0
134.0
144.0
146.0
161.0
129.0
142.0
149.0
136.0
132.0
143.0
147.0
154.0
163.0
158.0
158.0
140.0
143.0
142.0
148.0
153.0
138.0
152.0
147.0
141.0
147.0
143.0
135.0
141.0
146.0
143.0
149.0
150.0
147.0
140.0
145.0
141.0
143.0
162.0
174.0
157.0
134.0
138.0
145.0
159.0
133.0
134.0
137.0
153.0
150.0
153.0
162.0
136.0
143.0
142.0
138.0
152.0
156.0
165.0
135.0
134.0
156.0
126.0
144.0
146.0
137.0
153.0
142.0
141.0
139.0
128.0
141.0
173.0
132.0
145.0
140.0
149.0
142.0
122.0
144.0
131.0
143.0
144.0
151.0
132.0
127.0
154.0
131.0
196.0
129.0
162.0
144.0
151.0
151.0
137.0
157.0
136.0
131.0
126.0
135.0
130.0
164.0
136.0
146.0
131.0
139.0
157.0
144.0
142.0
148.0
154.0
135.0
161.0
161.0
152.0
156.0
135.0
142.0
135.0
137.0
134.0
142.0
141.0
136.0
153.0
157.0
137.0
161.0
149.0
149.0
161.0
156.0
134.0
145.0
170.0
142.0
166.0
137.0
173.0
154.0
164.0
141.0
137.0
142.0
146.0
149.0
150.0
147.0
141.0
146.0
133.0
172.0
135.0
149.0
136.0
137.0
