218.0
262.0
268.0
239.0
256.0
257.0
297.0
277.0
256.0
249.0
257.0
321.0
243.0
255.0
247.0
264.0
258.0
264.0
271.0
263.0
282.0
276.0
260.0
275.0
257.0
295.0
275.0
222.0
263.0
275.0
266.0
245.0
235.0
333.0
239.0
361.0
252.0
225.0
242.0
263.0
277.0
254.0
255.0
224.0
233.0
247.0
248.0
240.0
240.0
267.0
254.0
255.0
275.0
244.0
241.0
271.0
223.0
247.0
227.0
254.0
284.0
248.0
314.0
272.0
250.0
254.0
244.0
279.0
200.0
222.0
269.0
232.0
281.0
241.0
231.0
287.0
258.0
246.0
256.0
233.0
255.0
242.0
273.0
242.0
242.0
227.0
262.0
288.0
253.0
265.0
309.0
282.0
280.0
245.0
274.0
237.0
219.0
250.0
264.0
255.0
221.0
262.0
212.0
270.0
290.0
268.0
252.0
240.0
249.0
246.0
254.0
227.0
244.0
253.0
256.0
234.0
271.0
253.0
248.0
275.0
218.0
242.0
277.0
277.0
247.0
269.0
273.0
272.0
241.0
226.0
253.0
253.0
240.0
278.0
286.0
309.0
247.0
221.0
237.0
291.0
259.0
263.0
239.0
269.0
306.0
239.0
272.0
273.0
249.0
271.0
246.0
248.0
232.0
268.0
280.0
251.0
259.0
280.0
260.0
290.0
236.0
242.0
255.0
248.0
239.0
333.0
240.0
261.0
282.0
264.0
259.0
274.0
317.0
258.0
252.0
246.0
269.0
256.0
231.0
275.0
252.0
247.0
270.0
281.0
316.0
247.0
270.0
258.0
247.0
304.0
248.0
256.0
242.0
255.0
232.0
276.0
240.0
254.0
295.0
311.0
