219.0
248.0
236.0
246.0
291.0
300.0
235.0
226.0
230.0
258.0
250.0
268.0
260.0
255.0
255.0
225.0
245.0
250.0
276.0
283.0
267.0
285.0
241.0
274.0
278.0
257.0
241.0
231.0
248.0
252.0
230.0
222.0
226.0
241.0
277.0
226.0
238.0
245.0
255.0
274.0
285.0
226.0
270.0
238.0
234.0
250.0
236.0
264.0
277.0
242.0
249.0
272.0
264.0
236.0
264.0
309.0
209.0
226.0
264.0
290.0
266.0
249.0
263.0
260.0
264.0
305.0
261.0
207.0
264.0
299.0
214.0
257.0
271.0
247.0
217.0
235.0
267.0
261.0
264.0
246.0
226.0
293.0
277.0
267.0
253.0
218.0
251.0
234.0
256.0
272.0
312.0
264.0
263.0
265.0
216.0
282.0
231.0
225.0
271.0
251.0
234.0
300.0
258.0
232.0
218.0
205.0
252.0
234.0
253.0
232.0
265.0
290.0
197.0
244.0
221.0
285.0
252.0
229.0
288.0
294.0
231.0
279.0
255.0
260.0
243.0
251.0
261.0
271.0
246.0
237.0
270.0
221.0
298.0
276.0
279.0
274.0
245.0
234.0
238.0
279.0
248.0
265.0
253.0
247.0
220.0
251.0
255.0
256.0
264.0
285.0
274.0
269.0
260.0
296.0
274.0
250.0
273.0
230.0
254.0
244.0
231.0
257.0
277.0
275.0
266.0
232.0
251.0
287.0
258.0
269.0
306.0
314.0
265.0
290.0
219.0
273.0
225.0
254.0
288.0
259.0
263.0
233.0
234.0
273.0
233.0
216.0
275.0
256.0
324.0
217.0
282.0
291.0
241.0
311.0
199.0
272.0
261.0
256.0
269.0
290.0
