250.0
296.0
248.0
253.0
267.0
275.0
272.0
251.0
275.0
291.0
252.0
270.0
282.0
331.0
271.0
247.0
233.0
279.0
249.0
267.0
255.0
317.0
242.0
269.0
249.0
257.0
281.0
279.0
284.0
254.0
282.0
267.0
253.0
229.0
285.0
288.0
247.0
272.0
286.0
307.0
351.0
310.0
251.0
299.0
271.0
275.0
310.0
269.0
308.0
286.0
277.0
284.0
246.0
262.0
279.0
288.0
262.0
247.0
331.0
277.0
251.0
275.0
252.0
252.0
245.0
247.0
268.0
256.0
274.0
276.0
278.0
297.0
254.0
258.0
248.0
251.0
269.0
278.0
215.0
323.0
297.0
244.0
242.0
280.0
285.0
256.0
249.0
269.0
244.0
285.0
257.0
281.0
267.0
256.0
279.0
280.0
322.0
244.0
382.0
265.0
274.0
277.0
351.0
284.0
236.0
266.0
250.0
268.0
242.0
241.0
291.0
316.0
240.0
292.0
267.0
284.0
297.0
258.0
280.0
264.0
270.0
296.0
265.0
306.0
279.0
251.0
270.0
301.0
254.0
285.0
299.0
259.0
286.0
269.0
300.0
240.0
251.0
295.0
322.0
262.0
273.0
242.0
293.0
311.0
271.0
284.0
257.0
242.0
295.0
243.0
313.0
318.0
262.0
269.0
272.0
297.0
269.0
234.0
280.0
291.0
273.0
282.0
289.0
316.0
287.0
300.0
302.0
297.0
267.0
241.0
222.0
249.0
285.0
278.0
259.0
330.0
268.0
312.0
295.0
275.0
278.0
360.0
238.0
308.0
290.0
334.0
265.0
233.0
249.0
246.0
267.0
244.0
262.0
259.0
257.0
288.0
218.0
289.0
253.0
321.0
