279.0
299.0
222.0
179.0
190.0
180.0
235.0
367.0
341.0
347.0
397.0
313.0
285.0
297.0
232.0
204.0
177.0
246.0
234.0
238.0
190.0
200.0
199.0
145.0
154.0
202.0
231.0
193.0
219.0
190.0
181.0
204.0
165.0
169.0
219.0
256.0
221.0
212.0
288.0
251.0
239.0
239.0
214.0
257.0
243.0
206.0
193.0
196.0
188.0
180.0
194.0
182.0
202.0
156.0
174.0
262.0
189.0
186.0
204.0
154.0
278.0
272.0
300.0
269.0
246.0
203.0
171.0
198.0
205.0
232.0
231.0
261.0
268.0
233.0
212.0
243.0
172.0
208.0
339.0
300.0
263.0
345.0
305.0
272.0
286.0
302.0
242.0
269.0
201.0
194.0
274.0
261.0
178.0
209.0
261.0
279.0
243.0
332.0
240.0
211.0
207.0
278.0
249.0
189.0
179.0
212.0
172.0
186.0
163.0
185.0
155.0
190.0
163.0
167.0
177.0
186.0
166.0
164.0
283.0
252.0
196.0
171.0
212.0
318.0
347.0
321.0
266.0
257.0
224.0
429.0
359.0
365.0
333.0
397.0
416.0
390.0
446.0
402.0
310.0
297.0
309.0
325.0
310.0
282.0
232.0
217.0
289.0
267.0
338.0
293.0
390.0
356.0
392.0
370.0
373.0
364.0
282.0
207.0
430.0
302.0
323.0
269.0
195.0
297.0
271.0
276.0
287.0
230.0
214.0
265.0
278.0
269.0
223.0
279.0
238.0
241.0
266.0
211.0
199.0
233.0
257.0
269.0
323.0
246.0
238.0
215.0
179.0
195.0
221.0
231.0
219.0
364.0
410.0
393.0
406.0
353.0
353.0
299.0
276.0
271.0
