268.0
256.0
252.0
302.0
255.0
282.0
250.0
245.0
273.0
281.0
261.0
237.0
261.0
282.0
258.0
310.0
269.0
265.0
241.0
275.0
310.0
290.0
267.0
270.0
259.0
257.0
298.0
318.0
225.0
281.0
235.0
313.0
285.0
255.0
258.0
239.0
260.0
267.0
265.0
243.0
275.0
240.0
258.0
252.0
290.0
275.0
273.0
249.0
288.0
308.0
356.0
256.0
278.0
252.0
264.0
304.0
280.0
244.0
270.0
250.0
327.0
285.0
223.0
378.0
273.0
244.0
240.0
279.0
262.0
245.0
246.0
297.0
296.0
253.0
251.0
278.0
272.0
247.0
276.0
250.0
259.0
292.0
271.0
281.0
270.0
265.0
308.0
307.0
288.0
297.0
241.0
261.0
264.0
243.0
298.0
247.0
240.0
244.0
285.0
255.0
300.0
246.0
283.0
327.0
310.0
266.0
326.0
284.0
249.0
422.0
263.0
286.0
256.0
270.0
246.0
259.0
249.0
273.0
266.0
276.0
255.0
251.0
301.0
269.0
310.0
267.0
305.0
278.0
255.0
251.0
203.0
285.0
242.0
298.0
231.0
263.0
265.0
266.0
260.0
311.0
287.0
284.0
259.0
315.0
301.0
265.0
278.0
272.0
264.0
261.0
281.0
253.0
285.0
285.0
256.0
291.0
262.0
256.0
287.0
269.0
280.0
305.0
251.0
267.0
255.0
282.0
283.0
312.0
266.0
272.0
278.0
305.0
380.0
271.0
249.0
238.0
275.0
285.0
241.0
244.0
350.0
262.0
321.0
262.0
231.0
316.0
281.0
283.0
230.0
253.0
306.0
311.0
263.0
358.0
261.0
241.0
275.0
279.0
275.0
273.0
