231.0
257.0
257.0
270.0
303.0
257.0
257.0
260.0
302.0
247.0
261.0
283.0
270.0
262.0
334.0
253.0
248.0
277.0
287.0
250.0
234.0
253.0
275.0
238.0
238.0
239.0
253.0
253.0
251.0
273.0
246.0
256.0
262.0
262.0
268.0
234.0
234.0
221.0
301.0
291.0
299.0
247.0
244.0
286.0
241.0
279.0
269.0
235.0
246.0
263.0
224.0
245.0
287.0
276.0
245.0
229.0
285.0
315.0
235.0
271.0
264.0
254.0
249.0
236.0
323.0
332.0
247.0
277.0
239.0
251.0
235.0
277.0
277.0
271.0
249.0
289.0
263.0
236.0
253.0
256.0
245.0
272.0
280.0
241.0
257.0
279.0
271.0
249.0
308.0
242.0
267.0
258.0
277.0
279.0
300.0
212.0
266.0
270.0
255.0
248.0
247.0
265.0
246.0
257.0
245.0
242.0
244.0
262.0
257.0
234.0
230.0
278.0
254.0
296.0
266.0
300.0
257.0
257.0
269.0
243.0
259.0
264.0
249.0
281.0
255.0
288.0
256.0
265.0
269.0
267.0
299.0
253.0
283.0
266.0
273.0
263.0
293.0
239.0
235.0
314.0
285.0
263.0
300.0
254.0
257.0
279.0
232.0
264.0
222.0
252.0
278.0
239.0
220.0
254.0
247.0
253.0
266.0
265.0
263.0
320.0
242.0
231.0
275.0
258.0
222.0
232.0
242.0
246.0
296.0
284.0
243.0
248.0
245.0
257.0
238.0
254.0
275.0
257.0
270.0
253.0
280.0
330.0
251.0
241.0
241.0
254.0
287.0
258.0
301.0
255.0
240.0
237.0
274.0
261.0
263.0
274.0
252.0
237.0
299.0
349.0
