274.0
330.0
370.0
432.0
479.0
565.0
507.0
392.0
425.0
484.0
558.0
583.0
503.0
560.0
526.0
615.0
541.0
483.0
358.0
336.0
375.0
370.0
339.0
349.0
370.0
303.0
282.0
270.0
216.0
167.0
187.0
172.0
207.0
187.0
183.0
175.0
166.0
200.0
222.0
246.0
224.0
251.0
227.0
248.0
203.0
258.0
206.0
226.0
200.0
182.0
224.0
247.0
248.0
248.0
194.0
153.0
162.0
172.0
186.0
179.0
197.0
201.0
187.0
160.0
289.0
276.0
218.0
204.0
222.0
188.0
194.0
235.0
196.0
232.0
181.0
215.0
204.0
243.0
266.0
196.0
182.0
177.0
179.0
169.0
177.0
221.0
232.0
199.0
178.0
171.0
200.0
173.0
190.0
145.0
159.0
187.0
265.0
302.0
311.0
337.0
428.0
410.0
420.0
456.0
449.0
442.0
342.0
270.0
282.0
256.0
239.0
252.0
233.0
214.0
161.0
199.0
167.0
235.0
166.0
175.0
166.0
211.0
183.0
175.0
176.0
195.0
149.0
295.0
208.0
193.0
217.0
178.0
261.0
214.0
170.0
229.0
248.0
228.0
195.0
208.0
199.0
177.0
197.0
156.0
194.0
259.0
295.0
312.0
255.0
189.0
259.0
333.0
239.0
228.0
244.0
195.0
180.0
223.0
180.0
160.0
187.0
216.0
209.0
183.0
178.0
252.0
245.0
245.0
288.0
247.0
225.0
211.0
241.0
262.0
335.0
314.0
301.0
355.0
287.0
286.0
307.0
331.0
346.0
425.0
435.0
333.0
247.0
247.0
290.0
288.0
214.0
211.0
213.0
281.0
343.0
319.0
395.0
408.0
391.0
385.0
