238.0
308.0
290.0
235.0
250.0
244.0
259.0
276.0
290.0
272.0
223.0
251.0
263.0
310.0
277.0
271.0
275.0
222.0
254.0
221.0
257.0
251.0
219.0
234.0
248.0
236.0
244.0
257.0
285.0
289.0
301.0
222.0
253.0
255.0
284.0
225.0
248.0
237.0
231.0
288.0
281.0
247.0
251.0
262.0
270.0
260.0
254.0
256.0
255.0
245.0
253.0
250.0
253.0
286.0
306.0
278.0
237.0
244.0
253.0
281.0
228.0
238.0
268.0
267.0
284.0
253.0
249.0
276.0
294.0
233.0
255.0
235.0
281.0
253.0
256.0
271.0
235.0
251.0
241.0
224.0
310.0
254.0
240.0
246.0
210.0
253.0
231.0
255.0
268.0
230.0
224.0
273.0
227.0
349.0
256.0
265.0
247.0
257.0
239.0
241.0
219.0
239.0
281.0
225.0
292.0
259.0
281.0
254.0
249.0
273.0
283.0
226.0
268.0
278.0
236.0
235.0
242.0
233.0
248.0
237.0
273.0
278.0
237.0
286.0
264.0
284.0
235.0
240.0
256.0
305.0
250.0
291.0
241.0
309.0
270.0
293.0
249.0
232.0
241.0
263.0
260.0
234.0
256.0
232.0
236.0
240.0
240.0
256.0
307.0
252.0
264.0
235.0
246.0
265.0
279.0
267.0
289.0
227.0
268.0
253.0
263.0
258.0
250.0
263.0
226.0
291.0
260.0
291.0
199.0
306.0
227.0
268.0
261.0
281.0
206.0
263.0
260.0
301.0
263.0
294.0
214.0
258.0
257.0
271.0
251.0
339.0
262.0
288.0
235.0
264.0
262.0
233.0
227.0
264.0
259.0
224.0
241.0
274.0
247.0
269.0
