263.0
259.0
278.0
249.0
259.0
253.0
252.0
246.0
279.0
284.0
273.0
235.0
271.0
250.0
223.0
231.0
247.0
230.0
273.0
287.0
241.0
290.0
254.0
286.0
242.0
270.0
286.0
235.0
303.0
241.0
232.0
262.0
236.0
240.0
226.0
236.0
225.0
288.0
246.0
274.0
340.0
265.0
244.0
262.0
259.0
251.0
261.0
235.0
262.0
240.0
260.0
213.0
264.0
297.0
285.0
219.0
288.0
232.0
260.0
227.0
312.0
270.0
230.0
231.0
237.0
298.0
234.0
231.0
227.0
233.0
234.0
265.0
235.0
244.0
290.0
245.0
289.0
276.0
209.0
217.0
297.0
332.0
278.0
293.0
257.0
273.0
238.0
239.0
218.0
222.0
372.0
254.0
279.0
248.0
264.0
251.0
247.0
252.0
221.0
267.0
250.0
255.0
275.0
297.0
248.0
251.0
270.0
229.0
245.0
262.0
257.0
278.0
243.0
250.0
256.0
219.0
232.0
242.0
248.0
211.0
258.0
235.0
246.0
247.0
234.0
260.0
242.0
290.0
229.0
252.0
234.0
283.0
267.0
275.0
255.0
236.0
227.0
258.0
255.0
294.0
312.0
255.0
237.0
256.0
260.0
242.0
275.0
227.0
245.0
244.0
248.0
266.0
301.0
239.0
250.0
245.0
270.0
274.0
294.0
223.0
306.0
244.0
279.0
233.0
257.0
256.0
238.0
286.0
266.0
277.0
259.0
261.0
254.0
256.0
267.0
331.0
252.0
271.0
245.0
254.0
237.0
232.0
262.0
292.0
250.0
230.0
254.0
240.0
278.0
237.0
244.0
277.0
230.0
245.0
235.0
219.0
254.0
283.0
252.0
239.0
