284.0
304.0
349.0
304.0
325.0
450.0
585.0
513.0
549.0
886.0
767.0
767.0
717.0
773.0
704.0
622.0
600.0
564.0
599.0
560.0
526.0
501.0
560.0
546.0
578.0
646.0
584.0
696.0
685.0
650.0
600.0
713.0
721.0
708.0
685.0
780.0
680.0
804.0
685.0
864.0
784.0
818.0
865.0
918.0
811.0
732.0
760.0
755.0
699.0
779.0
692.0
676.0
701.0
749.0
674.0
740.0
662.0
695.0
672.0
666.0
607.0
572.0
456.0
423.0
413.0
468.0
502.0
475.0
506.0
533.0
582.0
506.0
446.0
433.0
363.0
426.0
420.0
381.0
429.0
584.0
478.0
453.0
558.0
747.0
831.0
795.0
733.0
703.0
690.0
582.0
647.0
645.0
628.0
758.0
783.0
788.0
819.0
701.0
697.0
990.0
831.0
850.0
827.0
770.0
802.0
769.0
864.0
809.0
710.0
835.0
778.0
855.0
675.0
862.0
950.0
901.0
909.0
808.0
927.0
759.0
619.0
825.0
700.0
727.0
909.0
940.0
686.0
747.0
756.0
892.0
941.0
837.0
820.0
813.0
1090.0
766.0
695.0
833.0
775.0
955.0
788.0
640.0
823.0
778.0
741.0
826.0
789.0
780.0
943.0
855.0
780.0
695.0
698.0
826.0
759.0
793.0
831.0
812.0
759.0
766.0
732.0
924.0
895.0
826.0
763.0
875.0
814.0
825.0
887.0
809.0
877.0
717.0
799.0
851.0
767.0
630.0
807.0
827.0
876.0
955.0
740.0
716.0
927.0
816.0
795.0
747.0
850.0
876.0
889.0
798.0
742.0
833.0
780.0
657.0
818.0
830.0
651.0
801.0
984.0
808.0
