189.0
204.0
164.0
153.0
164.0
161.0
182.0
263.0
178.0
198.0
183.0
173.0
211.0
157.0
158.0
195.0
139.0
189.0
169.0
215.0
167.0
219.0
259.0
154.0
152.0
225.0
154.0
165.0
170.0
179.0
154.0
180.0
151.0
188.0
168.0
158.0
188.0
150.0
172.0
179.0
180.0
209.0
146.0
162.0
157.0
201.0
150.0
181.0
228.0
176.0
168.0
157.0
171.0
155.0
156.0
144.0
281.0
191.0
153.0
161.0
216.0
186.0
191.0
164.0
162.0
186.0
182.0
201.0
169.0
171.0
161.0
181.0
173.0
181.0
158.0
165.0
139.0
156.0
191.0
175.0
204.0
208.0
190.0
184.0
170.0
206.0
182.0
145.0
155.0
187.0
167.0
161.0
166.0
175.0
163.0
196.0
151.0
178.0
150.0
239.0
166.0
167.0
179.0
162.0
184.0
170.0
163.0
156.0
170.0
168.0
160.0
175.0
260.0
196.0
177.0
174.0
221.0
167.0
162.0
182.0
230.0
186.0
158.0
174.0
208.0
175.0
153.0
171.0
195.0
180.0
163.0
177.0
154.0
273.0
161.0
181.0
200.0
154.0
191.0
244.0
208.0
145.0
200.0
187.0
143.0
180.0
173.0
141.0
154.0
138.0
193.0
334.0
270.0
154.0
145.0
152.0
163.0
223.0
159.0
196.0
175.0
162.0
149.0
174.0
151.0
159.0
249.0
201.0
158.0
171.0
141.0
203.0
127.0
179.0
155.0
175.0
219.0
186.0
191.0
184.0
169.0
181.0
155.0
167.0
155.0
200.0
184.0
203.0
161.0
162.0
174.0
156.0
148.0
180.0
168.0
191.0
219.0
233.0
154.0
135.0
