252.0
240.0
255.0
239.0
247.0
316.0
285.0
265.0
244.0
284.0
275.0
249.0
257.0
244.0
274.0
315.0
245.0
267.0
241.0
281.0
278.0
277.0
289.0
313.0
277.0
352.0
244.0
309.0
303.0
307.0
273.0
288.0
251.0
268.0
258.0
286.0
290.0
277.0
232.0
255.0
266.0
214.0
256.0
279.0
249.0
307.0
290.0
271.0
235.0
268.0
299.0
280.0
338.0
275.0
271.0
284.0
258.0
261.0
235.0
273.0
267.0
296.0
289.0
259.0
263.0
241.0
257.0
281.0
292.0
250.0
246.0
247.0
253.0
297.0
265.0
229.0
238.0
249.0
258.0
277.0
359.0
272.0
334.0
243.0
255.0
280.0
246.0
241.0
277.0
247.0
250.0
280.0
257.0
348.0
236.0
292.0
306.0
285.0
250.0
282.0
237.0
315.0
301.0
279.0
245.0
263.0
274.0
249.0
283.0
283.0
231.0
301.0
278.0
242.0
294.0
262.0
247.0
303.0
264.0
277.0
241.0
230.0
252.0
263.0
270.0
243.0
262.0
267.0
309.0
246.0
286.0
313.0
244.0
354.0
281.0
284.0
275.0
310.0
238.0
326.0
247.0
263.0
271.0
253.0
262.0
261.0
259.0
271.0
270.0
303.0
258.0
267.0
283.0
275.0
263.0
262.0
269.0
284.0
277.0
321.0
223.0
277.0
254.0
275.0
359.0
268.0
269.0
263.0
268.0
284.0
270.0
347.0
270.0
315.0
336.0
255.0
307.0
259.0
300.0
313.0
329.0
264.0
288.0
275.0
228.0
305.0
245.0
263.0
244.0
245.0
272.0
242.0
251.0
278.0
304.0
271.0
288.0
275.0
269.0
257.0
