267.0
249.0
293.0
250.0
248.0
254.0
261.0
270.0
242.0
281.0
244.0
265.0
265.0
249.0
256.0
337.0
296.0
271.0
256.0
254.0
252.0
276.0
306.0
315.0
256.0
261.0
286.0
236.0
285.0
238.0
256.0
267.0
282.0
279.0
261.0
267.0
255.0
310.0
270.0
233.0
203.0
229.0
242.0
297.0
278.0
242.0
297.0
238.0
298.0
276.0
251.0
254.0
250.0
250.0
239.0
280.0
268.0
264.0
246.0
302.0
244.0
267.0
274.0
248.0
229.0
239.0
279.0
292.0
292.0
232.0
313.0
288.0
270.0
217.0
274.0
292.0
245.0
315.0
314.0
276.0
256.0
319.0
251.0
264.0
242.0
242.0
241.0
247.0
290.0
257.0
239.0
280.0
251.0
241.0
236.0
335.0
247.0
289.0
334.0
242.0
239.0
254.0
252.0
234.0
297.0
300.0
272.0
282.0
299.0
242.0
274.0
247.0
285.0
278.0
316.0
279.0
280.0
289.0
284.0
271.0
260.0
268.0
274.0
269.0
226.0
288.0
233.0
302.0
261.0
264.0
290.0
253.0
364.0
258.0
232.0
257.0
252.0
277.0
255.0
264.0
288.0
281.0
274.0
251.0
284.0
229.0
253.0
273.0
290.0
233.0
271.0
289.0
238.0
280.0
234.0
293.0
255.0
249.0
258.0
279.0
245.0
255.0
248.0
338.0
301.0
270.0
273.0
257.0
248.0
273.0
247.0
236.0
278.0
283.0
296.0
252.0
274.0
267.0
251.0
237.0
312.0
245.0
237.0
255.0
294.0
247.0
291.0
304.0
315.0
253.0
277.0
269.0
285.0
382.0
241.0
225.0
225.0
294.0
308.0
267.0
