227.0
302.0
344.0
264.0
290.0
320.0
306.0
273.0
257.0
290.0
254.0
247.0
251.0
230.0
273.0
283.0
301.0
329.0
258.0
280.0
259.0
281.0
253.0
275.0
249.0
263.0
258.0
253.0
248.0
258.0
273.0
247.0
233.0
279.0
326.0
308.0
240.0
329.0
252.0
346.0
223.0
292.0
306.0
328.0
236.0
278.0
250.0
304.0
245.0
251.0
228.0
295.0
270.0
280.0
287.0
256.0
278.0
291.0
320.0
244.0
273.0
274.0
263.0
344.0
238.0
279.0
289.0
268.0
280.0
312.0
292.0
268.0
277.0
245.0
284.0
297.0
325.0
309.0
286.0
269.0
228.0
225.0
276.0
264.0
297.0
244.0
266.0
251.0
249.0
253.0
258.0
254.0
240.0
224.0
233.0
303.0
257.0
269.0
212.0
248.0
292.0
341.0
277.0
284.0
281.0
327.0
287.0
282.0
308.0
264.0
249.0
246.0
309.0
342.0
277.0
235.0
272.0
262.0
257.0
295.0
245.0
273.0
269.0
252.0
277.0
261.0
289.0
256.0
226.0
268.0
266.0
278.0
247.0
241.0
262.0
379.0
234.0
236.0
261.0
265.0
246.0
315.0
246.0
278.0
277.0
271.0
268.0
346.0
241.0
252.0
255.0
232.0
284.0
228.0
260.0
278.0
232.0
253.0
255.0
232.0
278.0
325.0
260.0
242.0
261.0
278.0
265.0
262.0
238.0
267.0
310.0
290.0
271.0
250.0
220.0
276.0
303.0
248.0
262.0
274.0
295.0
275.0
307.0
274.0
237.0
295.0
327.0
241.0
244.0
300.0
304.0
259.0
272.0
297.0
280.0
250.0
244.0
286.0
242.0
258.0
