275.0
284.0
302.0
284.0
264.0
267.0
299.0
261.0
263.0
262.0
252.0
298.0
311.0
324.0
264.0
256.0
240.0
265.0
248.0
395.0
246.0
302.0
268.0
244.0
257.0
249.0
256.0
303.0
256.0
247.0
257.0
283.0
335.0
253.0
276.0
261.0
273.0
258.0
261.0
285.0
263.0
312.0
264.0
303.0
230.0
343.0
262.0
267.0
246.0
252.0
289.0
310.0
265.0
253.0
271.0
250.0
255.0
303.0
259.0
280.0
266.0
302.0
309.0
269.0
284.0
223.0
271.0
352.0
244.0
255.0
309.0
227.0
253.0
257.0
255.0
253.0
222.0
270.0
296.0
260.0
249.0
285.0
298.0
255.0
248.0
333.0
281.0
309.0
349.0
326.0
308.0
262.0
273.0
258.0
269.0
267.0
278.0
317.0
255.0
266.0
265.0
263.0
290.0
234.0
292.0
294.0
272.0
264.0
304.0
263.0
270.0
262.0
291.0
271.0
275.0
240.0
283.0
256.0
352.0
269.0
303.0
264.0
267.0
254.0
322.0
252.0
289.0
313.0
271.0
267.0
272.0
248.0
299.0
294.0
279.0
265.0
259.0
282.0
301.0
324.0
272.0
273.0
283.0
304.0
308.0
288.0
292.0
334.0
298.0
252.0
305.0
256.0
272.0
256.0
262.0
280.0
250.0
289.0
235.0
320.0
286.0
248.0
270.0
285.0
304.0
264.0
277.0
308.0
249.0
262.0
265.0
267.0
340.0
319.0
289.0
312.0
224.0
257.0
304.0
273.0
250.0
321.0
263.0
283.0
262.0
243.0
254.0
323.0
255.0
360.0
264.0
255.0
281.0
274.0
277.0
337.0
244.0
281.0
264.0
310.0
