259.0
238.0
227.0
285.0
282.0
222.0
337.0
279.0
239.0
275.0
239.0
255.0
255.0
269.0
279.0
259.0
257.0
242.0
237.0
297.0
249.0
265.0
249.0
286.0
287.0
260.0
245.0
354.0
304.0
256.0
229.0
242.0
267.0
288.0
246.0
261.0
306.0
309.0
278.0
336.0
294.0
265.0
259.0
276.0
271.0
251.0
257.0
291.0
244.0
366.0
244.0
261.0
268.0
300.0
252.0
254.0
258.0
255.0
292.0
251.0
269.0
312.0
257.0
237.0
298.0
239.0
270.0
246.0
267.0
258.0
257.0
233.0
270.0
292.0
270.0
245.0
249.0
279.0
300.0
292.0
268.0
384.0
282.0
317.0
282.0
290.0
271.0
282.0
280.0
245.0
274.0
240.0
267.0
290.0
248.0
321.0
273.0
352.0
237.0
262.0
238.0
283.0
288.0
300.0
264.0
244.0
299.0
249.0
258.0
260.0
278.0
266.0
261.0
281.0
312.0
262.0
268.0
256.0
270.0
318.0
302.0
301.0
272.0
261.0
242.0
255.0
221.0
244.0
262.0
246.0
278.0
244.0
288.0
260.0
257.0
284.0
302.0
257.0
287.0
264.0
258.0
262.0
276.0
270.0
273.0
252.0
253.0
295.0
241.0
265.0
331.0
241.0
284.0
245.0
266.0
304.0
279.0
274.0
301.0
298.0
263.0
256.0
278.0
319.0
261.0
253.0
327.0
256.0
280.0
255.0
263.0
236.0
286.0
292.0
248.0
260.0
336.0
237.0
267.0
270.0
249.0
268.0
260.0
301.0
278.0
267.0
260.0
270.0
279.0
310.0
277.0
292.0
275.0
290.0
261.0
279.0
296.0
270.0
267.0
293.0
