248.0
239.0
292.0
249.0
323.0
272.0
287.0
236.0
264.0
259.0
284.0
247.0
251.0
275.0
265.0
239.0
263.0
285.0
252.0
287.0
249.0
272.0
237.0
244.0
249.0
250.0
249.0
242.0
250.0
242.0
270.0
287.0
291.0
326.0
276.0
265.0
293.0
254.0
263.0
244.0
233.0
289.0
281.0
302.0
287.0
278.0
249.0
347.0
298.0
270.0
254.0
261.0
258.0
325.0
297.0
265.0
267.0
286.0
251.0
279.0
259.0
274.0
234.0
269.0
260.0
280.0
267.0
279.0
257.0
374.0
344.0
258.0
275.0
259.0
238.0
220.0
256.0
242.0
311.0
244.0
274.0
307.0
262.0
310.0
223.0
245.0
283.0
243.0
217.0
223.0
293.0
254.0
265.0
282.0
266.0
289.0
249.0
330.0
251.0
257.0
264.0
260.0
339.0
260.0
294.0
241.0
271.0
290.0
248.0
275.0
241.0
246.0
284.0
261.0
306.0
279.0
276.0
271.0
258.0
317.0
281.0
243.0
273.0
296.0
315.0
273.0
335.0
261.0
276.0
282.0
246.0
243.0
275.0
268.0
294.0
292.0
320.0
284.0
277.0
248.0
257.0
283.0
246.0
257.0
282.0
268.0
265.0
267.0
285.0
261.0
268.0
259.0
272.0
274.0
286.0
301.0
244.0
288.0
245.0
295.0
285.0
263.0
283.0
230.0
372.0
307.0
280.0
247.0
274.0
280.0
350.0
237.0
231.0
271.0
309.0
298.0
325.0
263.0
268.0
304.0
222.0
337.0
260.0
331.0
300.0
251.0
307.0
283.0
300.0
243.0
258.0
260.0
261.0
234.0
290.0
276.0
297.0
265.0
287.0
251.0
