250.0
276.0
256.0
285.0
293.0
272.0
233.0
251.0
294.0
285.0
240.0
239.0
269.0
278.0
243.0
292.0
266.0
270.0
291.0
239.0
248.0
232.0
286.0
244.0
248.0
274.0
309.0
313.0
249.0
268.0
258.0
252.0
278.0
228.0
324.0
246.0
260.0
260.0
262.0
238.0
264.0
230.0
272.0
283.0
226.0
252.0
253.0
259.0
279.0
269.0
241.0
242.0
254.0
236.0
252.0
279.0
244.0
240.0
249.0
230.0
237.0
236.0
269.0
306.0
253.0
240.0
214.0
244.0
306.0
321.0
267.0
274.0
264.0
248.0
247.0
278.0
266.0
277.0
260.0
224.0
273.0
271.0
266.0
261.0
317.0
290.0
265.0
269.0
240.0
291.0
275.0
321.0
240.0
265.0
264.0
245.0
271.0
271.0
263.0
255.0
248.0
280.0
287.0
278.0
293.0
302.0
321.0
285.0
321.0
252.0
299.0
295.0
255.0
281.0
261.0
233.0
235.0
239.0
257.0
322.0
264.0
275.0
261.0
266.0
247.0
292.0
251.0
285.0
253.0
259.0
334.0
255.0
247.0
247.0
212.0
233.0
238.0
286.0
245.0
264.0
243.0
308.0
274.0
270.0
231.0
297.0
242.0
296.0
279.0
278.0
344.0
273.0
322.0
239.0
263.0
277.0
248.0
260.0
292.0
257.0
285.0
238.0
267.0
246.0
245.0
232.0
252.0
241.0
278.0
266.0
261.0
246.0
317.0
209.0
232.0
304.0
260.0
242.0
260.0
252.0
309.0
291.0
268.0
250.0
251.0
267.0
276.0
247.0
272.0
245.0
308.0
284.0
261.0
315.0
303.0
290.0
238.0
228.0
252.0
252.0
