270.0
287.0
243.0
302.0
299.0
283.0
274.0
254.0
265.0
262.0
334.0
303.0
327.0
328.0
233.0
255.0
298.0
248.0
278.0
296.0
280.0
248.0
261.0
256.0
279.0
263.0
233.0
254.0
298.0
249.0
235.0
223.0
250.0
259.0
231.0
272.0
265.0
258.0
261.0
258.0
264.0
270.0
281.0
246.0
250.0
247.0
317.0
334.0
241.0
258.0
253.0
251.0
249.0
300.0
257.0
229.0
290.0
306.0
214.0
257.0
209.0
234.0
285.0
253.0
309.0
248.0
313.0
269.0
245.0
245.0
254.0
299.0
298.0
242.0
296.0
225.0
238.0
261.0
316.0
225.0
227.0
259.0
308.0
242.0
274.0
252.0
258.0
247.0
260.0
246.0
269.0
275.0
305.0
292.0
258.0
267.0
255.0
275.0
299.0
245.0
262.0
268.0
260.0
245.0
275.0
260.0
266.0
289.0
229.0
238.0
247.0
298.0
291.0
262.0
227.0
211.0
241.0
247.0
236.0
262.0
272.0
234.0
232.0
326.0
243.0
256.0
274.0
270.0
238.0
301.0
257.0
238.0
261.0
274.0
276.0
231.0
267.0
270.0
267.0
253.0
283.0
258.0
269.0
290.0
302.0
238.0
297.0
246.0
279.0
284.0
234.0
272.0
331.0
247.0
279.0
250.0
253.0
282.0
266.0
230.0
271.0
250.0
266.0
237.0
245.0
293.0
239.0
243.0
296.0
272.0
290.0
320.0
269.0
234.0
272.0
264.0
280.0
237.0
235.0
284.0
231.0
256.0
257.0
254.0
219.0
268.0
246.0
334.0
224.0
295.0
234.0
272.0
275.0
233.0
245.0
266.0
248.0
257.0
270.0
283.0
