311.0
489.0
544.0
629.0
595.0
547.0
481.0
497.0
402.0
473.0
451.0
537.0
451.0
636.0
700.0
718.0
745.0
712.0
741.0
725.0
720.0
749.0
658.0
560.0
639.0
728.0
720.0
765.0
728.0
860.0
788.0
697.0
786.0
753.0
810.0
767.0
687.0
660.0
686.0
688.0
657.0
628.0
678.0
695.0
532.0
620.0
499.0
469.0
620.0
538.0
402.0
305.0
238.0
229.0
224.0
197.0
219.0
169.0
162.0
187.0
202.0
166.0
238.0
187.0
255.0
312.0
275.0
221.0
271.0
339.0
307.0
251.0
304.0
222.0
227.0
234.0
214.0
163.0
231.0
231.0
172.0
221.0
295.0
292.0
301.0
290.0
239.0
310.0
337.0
356.0
342.0
342.0
338.0
244.0
264.0
296.0
271.0
348.0
352.0
351.0
426.0
395.0
431.0
415.0
423.0
409.0
408.0
361.0
275.0
260.0
313.0
374.0
351.0
419.0
571.0
587.0
688.0
769.0
889.0
761.0
678.0
708.0
770.0
804.0
766.0
824.0
771.0
633.0
877.0
782.0
781.0
719.0
711.0
733.0
637.0
739.0
728.0
745.0
678.0
748.0
785.0
777.0
786.0
793.0
832.0
751.0
798.0
775.0
991.0
714.0
880.0
646.0
757.0
636.0
673.0
638.0
681.0
657.0
607.0
581.0
617.0
639.0
609.0
592.0
468.0
438.0
397.0
375.0
513.0
489.0
580.0
632.0
651.0
591.0
438.0
523.0
408.0
352.0
333.0
381.0
442.0
542.0
619.0
595.0
514.0
518.0
431.0
426.0
483.0
383.0
310.0
302.0
271.0
351.0
300.0
375.0
350.0
319.0
320.0
327.0
