149.0
244.0
212.0
202.0
241.0
153.0
235.0
226.0
195.0
171.0
165.0
164.0
178.0
197.0
158.0
193.0
191.0
158.0
192.0
155.0
190.0
174.0
189.0
196.0
164.0
162.0
163.0
223.0
151.0
179.0
206.0
153.0
195.0
167.0
236.0
223.0
206.0
177.0
138.0
153.0
193.0
233.0
212.0
170.0
179.0
291.0
194.0
163.0
233.0
167.0
272.0
190.0
158.0
164.0
160.0
180.0
184.0
184.0
210.0
149.0
294.0
209.0
136.0
195.0
165.0
220.0
148.0
203.0
181.0
171.0
156.0
177.0
184.0
189.0
146.0
156.0
165.0
174.0
159.0
166.0
168.0
164.0
156.0
157.0
179.0
166.0
168.0
153.0
239.0
204.0
172.0
355.0
268.0
293.0
246.0
217.0
166.0
179.0
154.0
201.0
178.0
157.0
137.0
182.0
174.0
208.0
153.0
173.0
193.0
212.0
211.0
334.0
194.0
168.0
282.0
208.0
192.0
195.0
191.0
188.0
149.0
200.0
182.0
187.0
183.0
202.0
156.0
199.0
166.0
218.0
214.0
204.0
166.0
225.0
167.0
239.0
162.0
236.0
145.0
157.0
237.0
160.0
159.0
198.0
297.0
191.0
196.0
278.0
177.0
199.0
166.0
171.0
161.0
182.0
178.0
248.0
180.0
212.0
216.0
174.0
160.0
208.0
199.0
183.0
248.0
187.0
167.0
168.0
175.0
155.0
155.0
229.0
249.0
241.0
225.0
241.0
210.0
190.0
156.0
176.0
238.0
150.0
164.0
159.0
193.0
193.0
174.0
182.0
201.0
210.0
245.0
164.0
204.0
153.0
198.0
162.0
228.0
162.0
167.0
275.0
