232.0
270.0
296.0
241.0
245.0
288.0
305.0
271.0
317.0
280.0
249.0
256.0
267.0
297.0
221.0
260.0
258.0
243.0
279.0
238.0
250.0
251.0
256.0
251.0
267.0
264.0
246.0
265.0
238.0
263.0
246.0
238.0
214.0
232.0
309.0
234.0
258.0
296.0
252.0
272.0
261.0
226.0
242.0
258.0
269.0
248.0
247.0
263.0
251.0
252.0
293.0
234.0
243.0
290.0
286.0
242.0
212.0
272.0
254.0
224.0
262.0
238.0
288.0
250.0
287.0
315.0
269.0
249.0
226.0
265.0
263.0
256.0
298.0
294.0
252.0
258.0
307.0
281.0
236.0
266.0
305.0
284.0
319.0
272.0
283.0
270.0
262.0
251.0
330.0
239.0
254.0
287.0
253.0
241.0
252.0
238.0
272.0
248.0
289.0
241.0
314.0
233.0
291.0
243.0
278.0
266.0
269.0
285.0
282.0
228.0
265.0
230.0
241.0
259.0
308.0
279.0
321.0
254.0
243.0
255.0
281.0
257.0
268.0
288.0
248.0
256.0
267.0
294.0
298.0
294.0
255.0
283.0
243.0
264.0
252.0
234.0
289.0
225.0
272.0
229.0
286.0
249.0
214.0
262.0
266.0
242.0
242.0
301.0
333.0
257.0
270.0
242.0
303.0
215.0
246.0
242.0
321.0
243.0
238.0
249.0
258.0
255.0
303.0
262.0
231.0
242.0
264.0
265.0
237.0
339.0
302.0
322.0
293.0
294.0
285.0
277.0
347.0
282.0
255.0
286.0
305.0
283.0
299.0
280.0
234.0
286.0
292.0
245.0
294.0
237.0
249.0
273.0
217.0
252.0
289.0
303.0
259.0
273.0
295.0
301.0
