370.0
298.0
262.0
255.0
244.0
257.0
260.0
225.0
276.0
257.0
281.0
291.0
240.0
261.0
226.0
275.0
257.0
214.0
221.0
250.0
293.0
274.0
256.0
261.0
249.0
227.0
251.0
258.0
265.0
237.0
230.0
267.0
259.0
262.0
241.0
270.0
237.0
255.0
260.0
250.0
222.0
222.0
285.0
244.0
256.0
239.0
261.0
249.0
256.0
254.0
266.0
305.0
294.0
259.0
233.0
297.0
239.0
243.0
293.0
231.0
233.0
262.0
226.0
267.0
260.0
241.0
264.0
271.0
312.0
249.0
236.0
263.0
264.0
280.0
257.0
251.0
288.0
235.0
267.0
278.0
272.0
273.0
246.0
267.0
257.0
246.0
244.0
247.0
258.0
257.0
257.0
224.0
274.0
256.0
276.0
239.0
241.0
263.0
243.0
272.0
220.0
291.0
275.0
289.0
259.0
258.0
272.0
252.0
258.0
269.0
254.0
234.0
257.0
258.0
239.0
308.0
273.0
281.0
273.0
249.0
227.0
271.0
251.0
298.0
245.0
233.0
283.0
268.0
269.0
283.0
248.0
291.0
250.0
244.0
282.0
244.0
252.0
275.0
257.0
278.0
228.0
273.0
324.0
274.0
332.0
275.0
262.0
252.0
236.0
250.0
257.0
274.0
261.0
239.0
263.0
252.0
227.0
219.0
226.0
269.0
274.0
242.0
314.0
259.0
277.0
288.0
264.0
275.0
244.0
270.0
285.0
257.0
226.0
237.0
298.0
223.0
234.0
278.0
266.0
259.0
247.0
234.0
256.0
242.0
259.0
277.0
289.0
287.0
260.0
266.0
258.0
286.0
251.0
249.0
272.0
287.0
279.0
246.0
260.0
254.0
