257.0
336.0
257.0
252.0
242.0
331.0
256.0
273.0
264.0
284.0
250.0
244.0
265.0
270.0
254.0
265.0
288.0
309.0
239.0
276.0
250.0
265.0
215.0
275.0
256.0
311.0
284.0
345.0
261.0
273.0
258.0
257.0
245.0
280.0
270.0
254.0
269.0
245.0
230.0
226.0
283.0
325.0
230.0
291.0
266.0
260.0
292.0
236.0
371.0
250.0
249.0
248.0
243.0
243.0
288.0
296.0
296.0
248.0
254.0
269.0
259.0
247.0
311.0
261.0
239.0
255.0
251.0
332.0
247.0
246.0
290.0
232.0
280.0
311.0
270.0
256.0
324.0
244.0
240.0
288.0
240.0
274.0
288.0
283.0
244.0
271.0
231.0
327.0
254.0
237.0
231.0
238.0
268.0
230.0
296.0
282.0
236.0
278.0
270.0
251.0
315.0
292.0
285.0
254.0
241.0
282.0
249.0
248.0
300.0
288.0
276.0
248.0
289.0
268.0
251.0
273.0
235.0
300.0
286.0
247.0
251.0
309.0
265.0
244.0
234.0
236.0
265.0
251.0
245.0
273.0
259.0
226.0
269.0
261.0
243.0
247.0
264.0
299.0
242.0
249.0
319.0
244.0
266.0
220.0
244.0
295.0
266.0
270.0
274.0
229.0
210.0
293.0
254.0
303.0
271.0
261.0
272.0
269.0
228.0
267.0
254.0
323.0
263.0
240.0
251.0
257.0
228.0
272.0
253.0
238.0
264.0
301.0
240.0
244.0
293.0
269.0
236.0
247.0
290.0
277.0
267.0
238.0
247.0
308.0
267.0
280.0
274.0
257.0
263.0
306.0
257.0
306.0
315.0
251.0
287.0
291.0
214.0
236.0
237.0
263.0
