147.0
140.0
152.0
136.0
146.0
153.0
147.0
150.0
146.0
161.0
147.0
154.0
137.0
151.0
149.0
168.0
147.0
258.0
149.0
139.0
130.0
129.0
171.0
142.0
168.0
174.0
152.0
144.0
142.0
153.0
142.0
131.0
148.0
168.0
150.0
134.0
145.0
147.0
168.0
172.0
131.0
188.0
147.0
126.0
168.0
136.0
156.0
149.0
144.0
143.0
162.0
145.0
146.0
169.0
150.0
131.0
138.0
132.0
147.0
131.0
146.0
134.0
160.0
149.0
151.0
149.0
148.0
136.0
143.0
140.0
131.0
173.0
147.0
150.0
136.0
129.0
167.0
154.0
148.0
152.0
165.0
140.0
150.0
138.0
148.0
203.0
157.0
129.0
130.0
153.0
157.0
140.0
191.0
141.0
160.0
168.0
159.0
130.0
144.0
231.0
150.0
163.0
157.0
158.0
137.0
182.0
162.0
135.0
136.0
151.0
139.0
149.0
174.0
186.0
154.0
140.0
145.0
135.0
122.0
140.0
155.0
154.0
154.0
212.0
187.0
158.0
145.0
137.0
163.0
163.0
151.0
150.0
173.0
148.0
168.0
130.0
130.0
142.0
155.0
155.0
154.0
144.0
148.0
156.0
149.0
165.0
175.0
177.0
225.0
149.0
143.0
135.0
158.0
145.0
150.0
185.0
131.0
150.0
165.0
140.0
142.0
156.0
133.0
174.0
150.0
173.0
135.0
163.0
157.0
158.0
137.0
139.0
149.0
170.0
138.0
150.0
154.0
149.0
136.0
173.0
146.0
131.0
157.0
138.0
141.0
135.0
171.0
148.0
144.0
158.0
148.0
149.0
154.0
138.0
145.0
173.0
138.0
142.0
140.0
163.0
