251.0
288.0
243.0
285.0
252.0
255.0
276.0
253.0
317.0
242.0
258.0
259.0
299.0
236.0
333.0
264.0
243.0
205.0
253.0
272.0
260.0
246.0
246.0
239.0
283.0
231.0
258.0
266.0
261.0
280.0
261.0
255.0
245.0
260.0
269.0
248.0
265.0
306.0
263.0
238.0
252.0
280.0
232.0
256.0
254.0
297.0
278.0
280.0
240.0
254.0
235.0
235.0
260.0
255.0
247.0
276.0
259.0
263.0
256.0
329.0
290.0
304.0
329.0
238.0
275.0
288.0
252.0
259.0
297.0
270.0
305.0
284.0
251.0
284.0
264.0
277.0
231.0
273.0
274.0
251.0
255.0
223.0
242.0
289.0
244.0
287.0
272.0
330.0
271.0
253.0
265.0
299.0
251.0
277.0
263.0
234.0
252.0
332.0
239.0
224.0
252.0
228.0
286.0
274.0
260.0
293.0
266.0
294.0
275.0
268.0
263.0
262.0
286.0
255.0
241.0
276.0
235.0
230.0
249.0
240.0
240.0
244.0
264.0
243.0
279.0
242.0
320.0
273.0
275.0
261.0
238.0
246.0
250.0
291.0
271.0
294.0
301.0
268.0
253.0
272.0
244.0
244.0
219.0
299.0
281.0
236.0
262.0
246.0
307.0
239.0
254.0
244.0
318.0
343.0
235.0
213.0
302.0
245.0
263.0
325.0
280.0
239.0
297.0
234.0
284.0
252.0
235.0
311.0
269.0
289.0
299.0
265.0
287.0
243.0
241.0
265.0
255.0
251.0
257.0
231.0
304.0
240.0
282.0
271.0
280.0
319.0
275.0
311.0
247.0
278.0
225.0
237.0
221.0
248.0
257.0
279.0
246.0
239.0
285.0
246.0
