166.0
167.0
146.0
143.0
154.0
146.0
163.0
206.0
141.0
159.0
163.0
242.0
146.0
222.0
135.0
167.0
203.0
194.0
193.0
149.0
261.0
194.0
239.0
142.0
149.0
171.0
150.0
176.0
154.0
231.0
164.0
163.0
168.0
147.0
209.0
166.0
156.0
157.0
134.0
150.0
162.0
182.0
173.0
188.0
238.0
172.0
150.0
163.0
176.0
161.0
148.0
161.0
203.0
149.0
173.0
182.0
161.0
167.0
148.0
165.0
178.0
156.0
188.0
175.0
187.0
161.0
230.0
153.0
146.0
134.0
147.0
160.0
160.0
184.0
137.0
225.0
152.0
147.0
174.0
181.0
198.0
190.0
226.0
146.0
156.0
176.0
230.0
237.0
184.0
187.0
176.0
143.0
177.0
146.0
153.0
146.0
180.0
174.0
194.0
186.0
150.0
196.0
214.0
191.0
150.0
140.0
149.0
212.0
158.0
190.0
174.0
220.0
194.0
131.0
166.0
185.0
157.0
145.0
212.0
167.0
132.0
177.0
176.0
191.0
179.0
153.0
149.0
181.0
158.0
150.0
133.0
173.0
174.0
155.0
191.0
162.0
236.0
189.0
156.0
130.0
168.0
201.0
179.0
135.0
158.0
144.0
146.0
205.0
152.0
154.0
186.0
174.0
150.0
193.0
128.0
156.0
147.0
189.0
172.0
145.0
166.0
171.0
160.0
151.0
149.0
167.0
147.0
172.0
153.0
161.0
144.0
145.0
169.0
161.0
178.0
148.0
179.0
188.0
240.0
216.0
170.0
167.0
156.0
176.0
172.0
210.0
288.0
166.0
164.0
190.0
171.0
193.0
170.0
181.0
191.0
201.0
193.0
243.0
152.0
183.0
