162.0
140.0
170.0
176.0
168.0
193.0
143.0
149.0
148.0
146.0
150.0
136.0
177.0
191.0
147.0
158.0
176.0
153.0
164.0
165.0
161.0
134.0
161.0
143.0
161.0
193.0
192.0
146.0
184.0
142.0
171.0
147.0
182.0
157.0
142.0
195.0
175.0
157.0
153.0
212.0
149.0
156.0
157.0
152.0
173.0
184.0
161.0
192.0
131.0
155.0
201.0
145.0
281.0
159.0
160.0
195.0
159.0
140.0
156.0
141.0
148.0
199.0
151.0
149.0
245.0
142.0
167.0
153.0
152.0
192.0
158.0
173.0
169.0
191.0
180.0
173.0
163.0
190.0
157.0
156.0
133.0
159.0
161.0
155.0
152.0
161.0
152.0
163.0
138.0
169.0
168.0
172.0
169.0
184.0
182.0
166.0
139.0
161.0
180.0
165.0
148.0
146.0
159.0
141.0
157.0
159.0
142.0
148.0
161.0
157.0
137.0
145.0
145.0
174.0
178.0
154.0
175.0
176.0
158.0
200.0
141.0
196.0
157.0
175.0
165.0
170.0
158.0
156.0
149.0
174.0
158.0
148.0
179.0
138.0
141.0
185.0
307.0
206.0
176.0
169.0
270.0
154.0
206.0
184.0
168.0
171.0
166.0
144.0
182.0
159.0
173.0
168.0
195.0
146.0
155.0
197.0
146.0
174.0
165.0
158.0
158.0
162.0
155.0
187.0
156.0
189.0
179.0
206.0
176.0
152.0
169.0
173.0
146.0
229.0
141.0
138.0
174.0
167.0
201.0
145.0
129.0
162.0
157.0
163.0
201.0
145.0
160.0
143.0
179.0
165.0
231.0
144.0
171.0
155.0
175.0
147.0
185.0
152.0
210.0
202.0
