175.0
208.0
137.0
154.0
146.0
163.0
151.0
150.0
140.0
184.0
162.0
149.0
174.0
143.0
149.0
169.0
159.0
171.0
229.0
153.0
183.0
159.0
151.0
169.0
195.0
178.0
215.0
160.0
188.0
197.0
140.0
154.0
165.0
196.0
181.0
157.0
204.0
159.0
228.0
164.0
167.0
202.0
164.0
245.0
201.0
169.0
210.0
160.0
168.0
187.0
175.0
172.0
202.0
149.0
150.0
197.0
164.0
143.0
148.0
154.0
152.0
176.0
177.0
216.0
186.0
162.0
166.0
154.0
153.0
156.0
133.0
173.0
155.0
141.0
146.0
187.0
165.0
166.0
189.0
157.0
154.0
163.0
132.0
157.0
168.0
149.0
175.0
147.0
176.0
166.0
166.0
153.0
188.0
156.0
162.0
153.0
166.0
168.0
159.0
162.0
165.0
175.0
187.0
236.0
270.0
156.0
175.0
140.0
152.0
158.0
167.0
155.0
159.0
142.0
166.0
215.0
149.0
159.0
297.0
200.0
191.0
198.0
142.0
159.0
174.0
159.0
153.0
194.0
160.0
143.0
177.0
163.0
133.0
157.0
173.0
144.0
143.0
185.0
163.0
143.0
137.0
177.0
183.0
143.0
172.0
151.0
168.0
149.0
182.0
162.0
171.0
158.0
157.0
172.0
179.0
178.0
181.0
156.0
165.0
150.0
174.0
148.0
188.0
172.0
148.0
167.0
148.0
157.0
179.0
171.0
164.0
172.0
157.0
194.0
170.0
136.0
159.0
155.0
161.0
169.0
177.0
160.0
160.0
169.0
158.0
207.0
179.0
153.0
147.0
161.0
189.0
171.0
163.0
132.0
180.0
145.0
143.0
157.0
153.0
175.0
