279.0
284.0
293.0
237.0
240.0
226.0
254.0
289.0
295.0
237.0
236.0
246.0
214.0
296.0
250.0
266.0
315.0
227.0
230.0
251.0
317.0
291.0
252.0
297.0
214.0
253.0
242.0
233.0
255.0
250.0
254.0
264.0
230.0
258.0
250.0
231.0
231.0
271.0
254.0
236.0
248.0
262.0
249.0
253.0
278.0
255.0
278.0
254.0
258.0
267.0
228.0
266.0
250.0
262.0
223.0
269.0
251.0
296.0
256.0
235.0
224.0
251.0
247.0
269.0
231.0
237.0
249.0
269.0
253.0
333.0
236.0
247.0
235.0
224.0
254.0
318.0
239.0
261.0
233.0
237.0
237.0
308.0
261.0
223.0
258.0
276.0
261.0
282.0
230.0
277.0
268.0
281.0
253.0
240.0
278.0
268.0
254.0
223.0
278.0
271.0
255.0
247.0
281.0
236.0
263.0
241.0
254.0
247.0
280.0
244.0
265.0
284.0
243.0
222.0
286.0
290.0
263.0
289.0
242.0
254.0
229.0
263.0
247.0
265.0
215.0
246.0
261.0
235.0
247.0
273.0
264.0
259.0
290.0
241.0
277.0
258.0
258.0
243.0
240.0
222.0
238.0
245.0
274.0
277.0
272.0
221.0
292.0
242.0
275.0
297.0
292.0
264.0
331.0
267.0
228.0
273.0
242.0
272.0
221.0
247.0
269.0
310.0
308.0
241.0
264.0
255.0
277.0
233.0
253.0
225.0
257.0
262.0
328.0
249.0
244.0
291.0
282.0
246.0
239.0
295.0
253.0
270.0
243.0
233.0
276.0
221.0
274.0
253.0
259.0
234.0
285.0
230.0
262.0
226.0
255.0
263.0
318.0
280.0
259.0
329.0
