157.0
148.0
175.0
162.0
150.0
158.0
140.0
171.0
152.0
155.0
162.0
152.0
179.0
157.0
156.0
179.0
160.0
146.0
168.0
176.0
151.0
152.0
174.0
168.0
253.0
170.0
173.0
158.0
160.0
199.0
186.0
197.0
176.0
188.0
151.0
167.0
235.0
148.0
152.0
146.0
161.0
164.0
176.0
181.0
179.0
172.0
143.0
151.0
182.0
143.0
151.0
177.0
169.0
182.0
165.0
152.0
205.0
203.0
151.0
152.0
150.0
147.0
210.0
148.0
173.0
184.0
138.0
242.0
177.0
187.0
146.0
201.0
148.0
155.0
153.0
156.0
137.0
163.0
214.0
137.0
178.0
158.0
150.0
157.0
173.0
136.0
202.0
193.0
149.0
167.0
185.0
157.0
160.0
196.0
185.0
163.0
149.0
212.0
155.0
172.0
168.0
143.0
164.0
160.0
215.0
144.0
165.0
148.0
264.0
162.0
199.0
157.0
144.0
190.0
143.0
153.0
189.0
137.0
143.0
165.0
152.0
197.0
167.0
156.0
192.0
167.0
155.0
170.0
180.0
200.0
142.0
188.0
144.0
172.0
148.0
148.0
168.0
144.0
130.0
194.0
243.0
183.0
151.0
151.0
207.0
162.0
158.0
142.0
169.0
204.0
144.0
181.0
136.0
147.0
230.0
156.0
161.0
179.0
137.0
138.0
166.0
175.0
210.0
145.0
130.0
201.0
169.0
170.0
142.0
211.0
147.0
171.0
187.0
164.0
156.0
163.0
171.0
154.0
142.0
155.0
150.0
169.0
168.0
174.0
165.0
167.0
185.0
247.0
181.0
166.0
149.0
178.0
156.0
172.0
163.0
153.0
223.0
161.0
204.0
135.0
