147.0
160.0
126.0
203.0
176.0
152.0
206.0
149.0
163.0
253.0
184.0
173.0
182.0
294.0
211.0
173.0
149.0
173.0
184.0
194.0
177.0
187.0
161.0
157.0
180.0
182.0
171.0
175.0
136.0
165.0
160.0
192.0
164.0
168.0
149.0
163.0
163.0
170.0
209.0
132.0
157.0
182.0
200.0
163.0
170.0
386.0
202.0
188.0
171.0
162.0
180.0
188.0
205.0
168.0
139.0
173.0
167.0
194.0
148.0
170.0
164.0
152.0
182.0
190.0
180.0
171.0
156.0
170.0
184.0
161.0
160.0
210.0
165.0
135.0
186.0
165.0
204.0
172.0
162.0
250.0
185.0
177.0
166.0
196.0
231.0
232.0
161.0
240.0
187.0
194.0
150.0
174.0
172.0
171.0
157.0
181.0
162.0
196.0
167.0
182.0
167.0
184.0
154.0
182.0
155.0
166.0
178.0
163.0
184.0
175.0
149.0
184.0
190.0
197.0
198.0
149.0
180.0
372.0
309.0
188.0
183.0
155.0
140.0
148.0
156.0
189.0
166.0
165.0
184.0
176.0
168.0
145.0
193.0
148.0
146.0
155.0
183.0
170.0
189.0
301.0
187.0
155.0
178.0
198.0
219.0
191.0
169.0
209.0
155.0
214.0
127.0
166.0
158.0
277.0
174.0
153.0
149.0
149.0
227.0
184.0
164.0
277.0
179.0
180.0
189.0
197.0
182.0
158.0
178.0
222.0
156.0
201.0
178.0
165.0
139.0
180.0
152.0
164.0
171.0
297.0
144.0
188.0
181.0
179.0
179.0
211.0
155.0
177.0
183.0
162.0
168.0
147.0
197.0
170.0
150.0
168.0
179.0
170.0
171.0
183.0
