269.0
209.0
263.0
262.0
242.0
194.0
225.0
169.0
297.0
248.0
237.0
160.0
180.0
215.0
304.0
233.0
202.0
156.0
203.0
184.0
178.0
206.0
187.0
207.0
235.0
191.0
167.0
186.0
213.0
214.0
258.0
207.0
191.0
240.0
314.0
253.0
185.0
154.0
193.0
222.0
275.0
277.0
279.0
248.0
320.0
224.0
172.0
212.0
241.0
200.0
162.0
210.0
188.0
233.0
214.0
203.0
160.0
177.0
196.0
169.0
181.0
261.0
228.0
217.0
166.0
219.0
173.0
248.0
199.0
207.0
153.0
181.0
170.0
183.0
156.0
226.0
232.0
232.0
223.0
219.0
199.0
208.0
248.0
262.0
267.0
229.0
177.0
212.0
186.0
220.0
195.0
175.0
202.0
204.0
252.0
164.0
164.0
171.0
157.0
218.0
254.0
208.0
185.0
215.0
196.0
207.0
243.0
241.0
244.0
235.0
259.0
227.0
174.0
213.0
163.0
204.0
210.0
196.0
181.0
265.0
264.0
256.0
192.0
171.0
213.0
199.0
210.0
189.0
194.0
265.0
185.0
195.0
180.0
231.0
264.0
173.0
217.0
389.0
434.0
474.0
443.0
493.0
569.0
546.0
451.0
493.0
383.0
394.0
373.0
362.0
335.0
253.0
177.0
237.0
201.0
235.0
179.0
182.0
205.0
267.0
192.0
192.0
208.0
194.0
196.0
151.0
262.0
332.0
266.0
288.0
293.0
337.0
270.0
249.0
212.0
222.0
182.0
156.0
177.0
228.0
172.0
167.0
231.0
197.0
165.0
217.0
205.0
264.0
306.0
219.0
281.0
234.0
225.0
226.0
156.0
189.0
181.0
165.0
177.0
245.0
