278.0
283.0
247.0
234.0
257.0
249.0
240.0
229.0
222.0
264.0
221.0
229.0
273.0
238.0
249.0
271.0
251.0
240.0
265.0
256.0
292.0
229.0
268.0
266.0
300.0
262.0
265.0
223.0
284.0
290.0
296.0
252.0
290.0
233.0
263.0
226.0
270.0
231.0
239.0
301.0
240.0
249.0
298.0
263.0
230.0
256.0
309.0
289.0
264.0
286.0
288.0
277.0
259.0
271.0
291.0
238.0
227.0
275.0
245.0
243.0
252.0
275.0
259.0
287.0
256.0
227.0
257.0
274.0
270.0
252.0
231.0
270.0
258.0
285.0
250.0
236.0
282.0
294.0
293.0
290.0
242.0
222.0
265.0
284.0
235.0
259.0
227.0
256.0
271.0
257.0
249.0
274.0
228.0
269.0
300.0
344.0
247.0
260.0
294.0
231.0
259.0
256.0
262.0
234.0
240.0
341.0
245.0
254.0
333.0
247.0
283.0
280.0
262.0
279.0
257.0
243.0
262.0
244.0
219.0
283.0
249.0
355.0
236.0
233.0
253.0
221.0
295.0
257.0
273.0
242.0
216.0
248.0
245.0
251.0
260.0
249.0
266.0
290.0
275.0
276.0
281.0
229.0
270.0
241.0
223.0
224.0
282.0
221.0
258.0
247.0
281.0
229.0
246.0
263.0
269.0
241.0
313.0
320.0
282.0
259.0
272.0
236.0
282.0
256.0
234.0
224.0
240.0
235.0
251.0
268.0
295.0
341.0
225.0
239.0
247.0
235.0
301.0
228.0
279.0
234.0
238.0
270.0
261.0
234.0
243.0
263.0
299.0
230.0
226.0
230.0
254.0
240.0
243.0
321.0
218.0
272.0
236.0
233.0
249.0
259.0
