279.0
239.0
233.0
239.0
246.0
246.0
351.0
218.0
238.0
278.0
268.0
241.0
271.0
283.0
309.0
267.0
234.0
281.0
266.0
266.0
268.0
225.0
261.0
280.0
264.0
271.0
237.0
234.0
262.0
284.0
214.0
297.0
267.0
251.0
269.0
254.0
299.0
230.0
272.0
226.0
276.0
251.0
295.0
277.0
244.0
245.0
267.0
230.0
297.0
236.0
257.0
246.0
273.0
238.0
299.0
253.0
240.0
264.0
251.0
232.0
265.0
228.0
227.0
274.0
270.0
277.0
274.0
231.0
292.0
241.0
255.0
229.0
252.0
249.0
282.0
265.0
251.0
245.0
255.0
253.0
263.0
321.0
261.0
253.0
322.0
219.0
275.0
270.0
239.0
242.0
226.0
288.0
256.0
269.0
248.0
290.0
267.0
255.0
294.0
243.0
256.0
253.0
267.0
327.0
260.0
299.0
265.0
254.0
238.0
247.0
242.0
231.0
262.0
283.0
234.0
250.0
239.0
224.0
277.0
246.0
285.0
245.0
249.0
236.0
232.0
267.0
335.0
253.0
267.0
242.0
280.0
294.0
279.0
260.0
243.0
300.0
279.0
228.0
255.0
242.0
266.0
276.0
249.0
260.0
253.0
247.0
226.0
256.0
276.0
253.0
263.0
227.0
248.0
289.0
277.0
239.0
238.0
252.0
242.0
256.0
233.0
257.0
251.0
220.0
250.0
217.0
296.0
279.0
275.0
293.0
246.0
267.0
248.0
360.0
251.0
319.0
269.0
265.0
254.0
238.0
266.0
257.0
313.0
261.0
278.0
253.0
265.0
264.0
258.0
226.0
214.0
243.0
236.0
257.0
278.0
247.0
240.0
261.0
275.0
297.0
