166.0
146.0
167.0
172.0
210.0
161.0
261.0
153.0
183.0
188.0
213.0
295.0
298.0
182.0
184.0
215.0
176.0
174.0
183.0
148.0
246.0
149.0
158.0
208.0
162.0
178.0
149.0
174.0
168.0
151.0
158.0
217.0
165.0
155.0
192.0
154.0
187.0
167.0
440.0
295.0
224.0
153.0
315.0
203.0
187.0
152.0
168.0
172.0
277.0
178.0
150.0
164.0
239.0
135.0
158.0
261.0
228.0
199.0
171.0
159.0
213.0
183.0
200.0
167.0
149.0
150.0
188.0
207.0
165.0
222.0
178.0
180.0
174.0
216.0
191.0
188.0
208.0
177.0
186.0
188.0
168.0
189.0
159.0
189.0
171.0
154.0
188.0
225.0
162.0
182.0
173.0
176.0
185.0
155.0
199.0
165.0
276.0
208.0
183.0
178.0
182.0
146.0
162.0
182.0
190.0
164.0
152.0
169.0
339.0
174.0
150.0
169.0
175.0
179.0
190.0
201.0
191.0
171.0
155.0
152.0
180.0
172.0
146.0
199.0
324.0
178.0
206.0
187.0
185.0
271.0
188.0
212.0
162.0
148.0
221.0
265.0
235.0
170.0
168.0
164.0
226.0
200.0
143.0
139.0
159.0
225.0
159.0
200.0
163.0
275.0
200.0
200.0
153.0
204.0
175.0
178.0
232.0
177.0
180.0
184.0
184.0
155.0
166.0
272.0
179.0
265.0
181.0
180.0
179.0
188.0
203.0
178.0
210.0
161.0
151.0
157.0
160.0
213.0
162.0
210.0
171.0
209.0
185.0
173.0
149.0
217.0
169.0
173.0
147.0
163.0
189.0
186.0
194.0
175.0
156.0
149.0
251.0
248.0
146.0
133.0
