238.0
258.0
156.0
229.0
169.0
211.0
145.0
160.0
211.0
181.0
238.0
182.0
240.0
301.0
220.0
194.0
162.0
225.0
168.0
221.0
172.0
198.0
167.0
200.0
248.0
229.0
219.0
194.0
177.0
214.0
224.0
179.0
159.0
170.0
257.0
198.0
159.0
175.0
168.0
160.0
163.0
150.0
185.0
182.0
328.0
307.0
237.0
165.0
169.0
209.0
220.0
198.0
156.0
199.0
184.0
202.0
311.0
314.0
293.0
211.0
222.0
184.0
187.0
173.0
237.0
206.0
301.0
304.0
274.0
226.0
145.0
181.0
162.0
179.0
159.0
185.0
183.0
207.0
189.0
180.0
184.0
220.0
153.0
190.0
167.0
133.0
201.0
178.0
166.0
236.0
227.0
174.0
184.0
237.0
197.0
309.0
275.0
261.0
226.0
206.0
201.0
168.0
139.0
151.0
178.0
164.0
154.0
202.0
171.0
169.0
205.0
177.0
230.0
238.0
267.0
181.0
175.0
149.0
241.0
253.0
160.0
165.0
154.0
165.0
264.0
222.0
170.0
197.0
245.0
184.0
222.0
172.0
208.0
188.0
293.0
212.0
186.0
171.0
190.0
184.0
151.0
223.0
183.0
173.0
169.0
224.0
166.0
161.0
176.0
193.0
193.0
178.0
139.0
242.0
222.0
179.0
211.0
169.0
177.0
201.0
155.0
227.0
162.0
244.0
168.0
155.0
201.0
160.0
158.0
173.0
200.0
182.0
254.0
196.0
295.0
245.0
245.0
199.0
259.0
205.0
161.0
288.0
224.0
232.0
295.0
248.0
290.0
248.0
188.0
200.0
169.0
193.0
190.0
182.0
189.0
184.0
150.0
266.0
212.0
155.0
