267.0
275.0
253.0
254.0
226.0
253.0
276.0
242.0
261.0
242.0
237.0
254.0
300.0
229.0
282.0
277.0
220.0
231.0
308.0
266.0
244.0
249.0
290.0
334.0
299.0
260.0
260.0
260.0
271.0
280.0
282.0
253.0
235.0
216.0
351.0
228.0
222.0
257.0
285.0
266.0
256.0
269.0
227.0
246.0
267.0
256.0
298.0
259.0
288.0
251.0
340.0
234.0
286.0
271.0
252.0
275.0
269.0
264.0
260.0
268.0
262.0
210.0
268.0
280.0
247.0
245.0
258.0
263.0
243.0
277.0
278.0
248.0
235.0
246.0
263.0
257.0
272.0
270.0
311.0
252.0
288.0
307.0
294.0
250.0
247.0
245.0
277.0
245.0
213.0
263.0
275.0
241.0
216.0
260.0
237.0
301.0
268.0
244.0
278.0
285.0
223.0
236.0
253.0
254.0
248.0
247.0
232.0
228.0
273.0
255.0
233.0
236.0
260.0
251.0
215.0
249.0
239.0
228.0
250.0
251.0
254.0
333.0
283.0
246.0
282.0
245.0
254.0
244.0
255.0
275.0
281.0
226.0
263.0
265.0
255.0
243.0
259.0
254.0
246.0
233.0
236.0
300.0
224.0
229.0
274.0
257.0
280.0
235.0
263.0
256.0
314.0
243.0
236.0
294.0
245.0
311.0
313.0
220.0
318.0
278.0
226.0
249.0
261.0
279.0
216.0
211.0
235.0
244.0
223.0
246.0
246.0
241.0
242.0
235.0
240.0
223.0
255.0
321.0
248.0
256.0
256.0
296.0
227.0
253.0
264.0
248.0
297.0
288.0
246.0
270.0
228.0
206.0
229.0
234.0
234.0
243.0
285.0
267.0
278.0
258.0
