258.0
280.0
265.0
257.0
243.0
269.0
276.0
292.0
248.0
297.0
307.0
245.0
284.0
223.0
262.0
278.0
238.0
233.0
243.0
267.0
246.0
272.0
257.0
300.0
274.0
277.0
262.0
263.0
266.0
223.0
259.0
253.0
273.0
250.0
254.0
276.0
321.0
258.0
244.0
315.0
338.0
250.0
219.0
248.0
270.0
252.0
242.0
229.0
254.0
238.0
266.0
248.0
279.0
268.0
259.0
260.0
275.0
253.0
272.0
315.0
268.0
310.0
271.0
235.0
281.0
237.0
330.0
286.0
277.0
222.0
254.0
272.0
265.0
257.0
220.0
229.0
277.0
251.0
241.0
274.0
272.0
297.0
248.0
283.0
266.0
263.0
267.0
256.0
302.0
293.0
292.0
235.0
244.0
302.0
280.0
230.0
252.0
259.0
269.0
243.0
253.0
265.0
237.0
304.0
251.0
248.0
306.0
274.0
243.0
219.0
256.0
214.0
270.0
223.0
288.0
254.0
239.0
285.0
304.0
231.0
300.0
256.0
244.0
227.0
239.0
281.0
278.0
309.0
354.0
264.0
260.0
248.0
270.0
272.0
266.0
321.0
261.0
335.0
252.0
275.0
280.0
303.0
241.0
247.0
231.0
244.0
257.0
318.0
261.0
274.0
286.0
245.0
234.0
279.0
292.0
269.0
243.0
252.0
265.0
318.0
261.0
241.0
249.0
284.0
253.0
230.0
250.0
251.0
246.0
238.0
236.0
226.0
269.0
236.0
287.0
275.0
240.0
270.0
248.0
274.0
257.0
284.0
245.0
274.0
271.0
236.0
261.0
230.0
308.0
243.0
257.0
258.0
271.0
231.0
290.0
243.0
258.0
247.0
285.0
254.0
