135.0
133.0
183.0
175.0
149.0
158.0
137.0
131.0
140.0
159.0
156.0
136.0
262.0
150.0
152.0
130.0
179.0
163.0
164.0
142.0
135.0
167.0
143.0
170.0
125.0
140.0
135.0
159.0
136.0
147.0
163.0
161.0
135.0
158.0
148.0
163.0
140.0
127.0
126.0
207.0
140.0
143.0
168.0
160.0
150.0
149.0
162.0
171.0
161.0
150.0
141.0
139.0
152.0
134.0
131.0
123.0
152.0
165.0
128.0
153.0
132.0
158.0
144.0
141.0
148.0
158.0
136.0
132.0
157.0
176.0
149.0
149.0
147.0
147.0
138.0
151.0
166.0
142.0
153.0
196.0
150.0
160.0
148.0
174.0
144.0
157.0
156.0
146.0
150.0
163.0
142.0
132.0
148.0
189.0
162.0
290.0
136.0
140.0
139.0
123.0
140.0
125.0
151.0
151.0
210.0
196.0
177.0
159.0
160.0
158.0
169.0
172.0
149.0
129.0
162.0
172.0
149.0
155.0
141.0
142.0
161.0
138.0
137.0
195.0
136.0
146.0
177.0
165.0
240.0
145.0
157.0
131.0
147.0
179.0
140.0
167.0
140.0
147.0
286.0
180.0
145.0
168.0
129.0
153.0
144.0
152.0
136.0
169.0
166.0
157.0
137.0
149.0
135.0
147.0
156.0
143.0
152.0
152.0
164.0
184.0
143.0
146.0
159.0
164.0
194.0
170.0
182.0
138.0
161.0
152.0
174.0
175.0
147.0
160.0
129.0
179.0
173.0
148.0
141.0
138.0
158.0
144.0
140.0
154.0
146.0
159.0
177.0
141.0
163.0
140.0
156.0
142.0
155.0
159.0
174.0
172.0
137.0
176.0
189.0
144.0
