154.0
143.0
143.0
149.0
174.0
165.0
157.0
130.0
155.0
126.0
145.0
140.0
160.0
152.0
141.0
146.0
165.0
168.0
134.0
147.0
160.0
129.0
143.0
149.0
136.0
132.0
143.0
155.0
140.0
141.0
154.0
139.0
150.0
142.0
145.0
135.0
146.0
146.0
140.0
143.0
143.0
172.0
140.0
144.0
158.0
134.0
136.0
152.0
150.0
152.0
137.0
143.0
138.0
156.0
145.0
156.0
125.0
137.0
154.0
133.0
142.0
138.0
142.0
131.0
145.0
151.0
143.0
131.0
143.0
135.0
126.0
131.0
196.0
163.0
150.0
140.0
145.0
157.0
135.0
158.0
163.0
136.0
146.0
130.0
140.0
145.0
141.0
153.0
160.0
161.0
129.0
152.0
159.0
136.0
138.0
133.0
141.0
135.0
157.0
136.0
165.0
137.0
146.0
170.0
141.0
165.0
136.0
152.0
164.0
141.0
143.0
149.0
150.0
141.0
133.0
172.0
134.0
150.0
158.0
146.0
129.0
172.0
144.0
149.0
120.0
133.0
141.0
150.0
153.0
163.0
133.0
151.0
149.0
143.0
149.0
141.0
132.0
164.0
148.0
164.0
165.0
117.0
144.0
171.0
131.0
149.0
149.0
119.0
151.0
149.0
165.0
146.0
146.0
136.0
153.0
145.0
188.0
140.0
162.0
149.0
149.0
131.0
133.0
148.0
148.0
127.0
155.0
140.0
152.0
146.0
160.0
136.0
123.0
129.0
130.0
133.0
129.0
169.0
174.0
152.0
151.0
143.0
125.0
162.0
128.0
151.0
127.0
165.0
152.0
133.0
174.0
130.0
144.0
150.0
142.0
149.0
150.0
136.0
166.0
159.0
