174.0
154.0
229.0
216.0
189.0
276.0
232.0
161.0
172.0
186.0
162.0
188.0
177.0
205.0
179.0
212.0
160.0
160.0
180.0
165.0
161.0
177.0
175.0
204.0
160.0
166.0
172.0
435.0
356.0
282.0
219.0
182.0
183.0
168.0
157.0
191.0
187.0
183.0
176.0
209.0
173.0
291.0
210.0
207.0
251.0
261.0
181.0
159.0
197.0
198.0
158.0
172.0
210.0
187.0
165.0
218.0
217.0
185.0
152.0
168.0
186.0
208.0
229.0
162.0
192.0
189.0
211.0
153.0
156.0
157.0
146.0
228.0
277.0
172.0
147.0
175.0
217.0
265.0
190.0
175.0
185.0
165.0
185.0
159.0
182.0
179.0
192.0
179.0
169.0
178.0
177.0
181.0
167.0
162.0
339.0
227.0
238.0
230.0
170.0
210.0
211.0
155.0
150.0
238.0
228.0
183.0
196.0
157.0
227.0
178.0
165.0
154.0
235.0
267.0
237.0
217.0
186.0
252.0
202.0
271.0
183.0
171.0
175.0
169.0
184.0
191.0
262.0
216.0
184.0
178.0
186.0
215.0
258.0
233.0
222.0
194.0
207.0
317.0
234.0
194.0
228.0
178.0
158.0
182.0
235.0
157.0
156.0
194.0
324.0
227.0
174.0
164.0
170.0
160.0
153.0
161.0
189.0
146.0
167.0
196.0
228.0
170.0
184.0
185.0
183.0
227.0
219.0
191.0
166.0
177.0
247.0
219.0
172.0
260.0
250.0
223.0
212.0
231.0
185.0
166.0
188.0
179.0
284.0
164.0
172.0
193.0
250.0
218.0
167.0
170.0
197.0
201.0
256.0
179.0
191.0
144.0
210.0
189.0
220.0
225.0
