282.0
411.0
237.0
271.0
266.0
221.0
233.0
316.0
303.0
256.0
305.0
255.0
258.0
290.0
297.0
282.0
300.0
291.0
278.0
244.0
260.0
353.0
272.0
289.0
285.0
251.0
224.0
246.0
300.0
287.0
265.0
244.0
253.0
291.0
246.0
300.0
256.0
242.0
271.0
257.0
263.0
265.0
309.0
233.0
249.0
253.0
327.0
287.0
259.0
263.0
264.0
226.0
292.0
343.0
272.0
254.0
255.0
271.0
301.0
277.0
255.0
280.0
287.0
247.0
272.0
321.0
287.0
240.0
271.0
269.0
305.0
267.0
246.0
243.0
296.0
241.0
291.0
253.0
242.0
244.0
275.0
271.0
264.0
283.0
289.0
304.0
313.0
274.0
254.0
271.0
311.0
295.0
302.0
295.0
315.0
272.0
230.0
263.0
284.0
302.0
302.0
280.0
276.0
279.0
292.0
259.0
250.0
239.0
226.0
274.0
291.0
258.0
285.0
254.0
292.0
298.0
240.0
310.0
252.0
262.0
294.0
246.0
304.0
247.0
262.0
257.0
280.0
255.0
282.0
380.0
287.0
309.0
217.0
255.0
246.0
267.0
230.0
251.0
263.0
267.0
259.0
270.0
261.0
303.0
292.0
264.0
280.0
384.0
278.0
291.0
250.0
291.0
245.0
254.0
258.0
229.0
255.0
314.0
306.0
319.0
265.0
250.0
269.0
256.0
290.0
355.0
310.0
275.0
245.0
316.0
312.0
281.0
287.0
250.0
219.0
254.0
269.0
247.0
285.0
336.0
275.0
299.0
276.0
252.0
263.0
271.0
261.0
318.0
285.0
273.0
259.0
254.0
275.0
253.0
276.0
326.0
265.0
272.0
273.0
280.0
