263.0
301.0
276.0
299.0
290.0
312.0
241.0
262.0
233.0
245.0
264.0
277.0
269.0
309.0
326.0
283.0
309.0
278.0
271.0
272.0
299.0
245.0
269.0
294.0
267.0
290.0
252.0
280.0
280.0
353.0
249.0
267.0
328.0
264.0
309.0
333.0
282.0
271.0
364.0
237.0
256.0
233.0
318.0
240.0
274.0
258.0
249.0
315.0
307.0
290.0
304.0
354.0
304.0
275.0
392.0
268.0
298.0
262.0
289.0
271.0
348.0
230.0
259.0
352.0
245.0
305.0
346.0
316.0
264.0
279.0
286.0
255.0
252.0
256.0
269.0
280.0
352.0
294.0
275.0
269.0
248.0
276.0
289.0
254.0
262.0
256.0
298.0
291.0
241.0
245.0
285.0
255.0
285.0
250.0
306.0
297.0
260.0
271.0
314.0
279.0
270.0
268.0
267.0
286.0
275.0
264.0
246.0
257.0
262.0
264.0
292.0
280.0
279.0
254.0
275.0
249.0
280.0
237.0
292.0
266.0
237.0
248.0
295.0
243.0
322.0
311.0
291.0
263.0
274.0
293.0
264.0
266.0
298.0
286.0
246.0
257.0
237.0
319.0
254.0
271.0
310.0
323.0
265.0
298.0
312.0
297.0
243.0
262.0
254.0
270.0
353.0
254.0
311.0
278.0
330.0
260.0
260.0
290.0
245.0
248.0
261.0
254.0
277.0
302.0
268.0
265.0
316.0
318.0
265.0
267.0
293.0
295.0
328.0
289.0
246.0
226.0
323.0
268.0
317.0
259.0
274.0
272.0
269.0
280.0
277.0
337.0
241.0
263.0
258.0
298.0
276.0
255.0
282.0
258.0
265.0
227.0
299.0
326.0
299.0
291.0
