250.0
240.0
267.0
277.0
219.0
246.0
228.0
284.0
274.0
234.0
219.0
299.0
289.0
249.0
338.0
218.0
243.0
269.0
258.0
291.0
263.0
255.0
296.0
304.0
254.0
254.0
263.0
256.0
268.0
275.0
233.0
267.0
250.0
251.0
242.0
276.0
312.0
254.0
228.0
260.0
262.0
273.0
261.0
277.0
275.0
236.0
253.0
242.0
285.0
248.0
219.0
277.0
233.0
234.0
307.0
249.0
261.0
242.0
223.0
217.0
272.0
237.0
282.0
300.0
260.0
240.0
252.0
279.0
240.0
311.0
252.0
259.0
317.0
234.0
283.0
356.0
240.0
263.0
235.0
249.0
221.0
246.0
229.0
229.0
246.0
261.0
248.0
271.0
267.0
240.0
334.0
266.0
244.0
276.0
272.0
242.0
345.0
226.0
270.0
258.0
268.0
254.0
329.0
222.0
220.0
226.0
246.0
240.0
236.0
224.0
267.0
233.0
274.0
259.0
241.0
223.0
276.0
277.0
266.0
255.0
241.0
223.0
236.0
279.0
271.0
261.0
282.0
309.0
298.0
279.0
305.0
238.0
235.0
237.0
253.0
238.0
311.0
290.0
237.0
257.0
243.0
253.0
281.0
261.0
246.0
238.0
261.0
259.0
332.0
256.0
270.0
342.0
251.0
287.0
327.0
256.0
262.0
238.0
237.0
230.0
258.0
228.0
231.0
303.0
245.0
258.0
265.0
275.0
259.0
267.0
239.0
300.0
233.0
234.0
287.0
234.0
255.0
269.0
230.0
297.0
253.0
257.0
222.0
329.0
255.0
270.0
313.0
235.0
263.0
258.0
234.0
263.0
254.0
285.0
285.0
265.0
281.0
282.0
234.0
245.0
