173.0
150.0
148.0
152.0
130.0
147.0
140.0
187.0
149.0
169.0
153.0
139.0
151.0
133.0
177.0
144.0
158.0
175.0
165.0
146.0
208.0
157.0
130.0
142.0
149.0
164.0
188.0
150.0
186.0
142.0
154.0
138.0
132.0
165.0
136.0
142.0
147.0
173.0
144.0
156.0
157.0
151.0
148.0
133.0
141.0
138.0
143.0
143.0
153.0
165.0
138.0
128.0
148.0
184.0
145.0
164.0
139.0
149.0
175.0
136.0
157.0
145.0
147.0
169.0
170.0
145.0
164.0
176.0
170.0
158.0
193.0
155.0
232.0
178.0
231.0
165.0
185.0
158.0
145.0
172.0
145.0
172.0
122.0
134.0
125.0
146.0
137.0
181.0
154.0
157.0
151.0
155.0
129.0
144.0
145.0
140.0
157.0
176.0
216.0
152.0
151.0
161.0
151.0
144.0
164.0
160.0
160.0
152.0
147.0
165.0
138.0
149.0
180.0
165.0
189.0
182.0
141.0
153.0
191.0
158.0
161.0
146.0
142.0
137.0
165.0
156.0
190.0
163.0
160.0
166.0
151.0
160.0
146.0
143.0
144.0
149.0
152.0
139.0
137.0
156.0
137.0
181.0
131.0
125.0
177.0
140.0
143.0
144.0
155.0
156.0
139.0
151.0
142.0
162.0
168.0
162.0
134.0
141.0
140.0
133.0
148.0
159.0
181.0
133.0
134.0
148.0
132.0
158.0
133.0
199.0
152.0
149.0
156.0
167.0
151.0
174.0
152.0
136.0
161.0
151.0
141.0
145.0
142.0
149.0
146.0
141.0
135.0
137.0
166.0
142.0
149.0
175.0
132.0
209.0
155.0
175.0
175.0
148.0
145.0
167.0
