239.0
238.0
274.0
220.0
213.0
199.0
229.0
225.0
345.0
285.0
314.0
324.0
294.0
308.0
326.0
309.0
224.0
233.0
223.0
265.0
156.0
159.0
224.0
183.0
224.0
195.0
336.0
269.0
258.0
329.0
253.0
260.0
226.0
217.0
237.0
244.0
255.0
299.0
246.0
171.0
192.0
155.0
162.0
244.0
246.0
250.0
227.0
226.0
267.0
250.0
256.0
269.0
262.0
221.0
302.0
253.0
229.0
225.0
204.0
171.0
204.0
187.0
208.0
307.0
322.0
273.0
204.0
235.0
209.0
259.0
340.0
303.0
268.0
329.0
277.0
233.0
207.0
188.0
217.0
181.0
250.0
243.0
232.0
181.0
163.0
190.0
199.0
289.0
292.0
246.0
228.0
166.0
231.0
205.0
185.0
156.0
201.0
199.0
212.0
226.0
262.0
172.0
188.0
169.0
188.0
201.0
280.0
241.0
207.0
195.0
168.0
212.0
183.0
184.0
195.0
161.0
190.0
177.0
208.0
447.0
364.0
338.0
316.0
241.0
225.0
201.0
201.0
151.0
242.0
255.0
158.0
195.0
175.0
225.0
188.0
177.0
180.0
305.0
252.0
185.0
229.0
163.0
272.0
229.0
211.0
236.0
180.0
170.0
222.0
189.0
209.0
214.0
181.0
183.0
240.0
300.0
277.0
191.0
251.0
243.0
189.0
181.0
195.0
241.0
341.0
337.0
299.0
251.0
217.0
162.0
232.0
198.0
218.0
183.0
152.0
181.0
203.0
238.0
176.0
256.0
242.0
204.0
192.0
195.0
176.0
197.0
224.0
165.0
164.0
206.0
184.0
160.0
208.0
221.0
256.0
243.0
231.0
241.0
196.0
247.0
