171.0
149.0
164.0
149.0
170.0
162.0
177.0
216.0
156.0
203.0
153.0
221.0
203.0
158.0
145.0
168.0
197.0
226.0
205.0
171.0
270.0
154.0
156.0
185.0
190.0
172.0
241.0
251.0
188.0
180.0
152.0
149.0
179.0
155.0
169.0
159.0
210.0
230.0
184.0
220.0
149.0
161.0
165.0
165.0
191.0
149.0
175.0
367.0
192.0
192.0
157.0
164.0
177.0
190.0
138.0
200.0
175.0
175.0
155.0
178.0
148.0
151.0
171.0
185.0
236.0
172.0
161.0
180.0
153.0
155.0
176.0
172.0
162.0
154.0
222.0
262.0
170.0
289.0
279.0
137.0
177.0
163.0
157.0
163.0
143.0
193.0
177.0
174.0
198.0
184.0
174.0
198.0
188.0
154.0
146.0
151.0
186.0
186.0
170.0
137.0
178.0
162.0
141.0
167.0
156.0
154.0
144.0
218.0
172.0
157.0
162.0
153.0
200.0
162.0
170.0
172.0
185.0
167.0
205.0
150.0
163.0
165.0
120.0
184.0
205.0
150.0
186.0
182.0
174.0
165.0
157.0
156.0
158.0
254.0
154.0
183.0
149.0
164.0
159.0
156.0
152.0
185.0
205.0
168.0
142.0
166.0
191.0
154.0
175.0
154.0
182.0
154.0
189.0
147.0
193.0
175.0
165.0
170.0
147.0
170.0
246.0
221.0
163.0
179.0
157.0
236.0
195.0
172.0
176.0
260.0
161.0
195.0
153.0
160.0
216.0
133.0
206.0
152.0
147.0
184.0
213.0
172.0
158.0
172.0
170.0
178.0
167.0
154.0
181.0
170.0
228.0
167.0
220.0
191.0
170.0
156.0
205.0
170.0
167.0
180.0
