241.0
275.0
252.0
268.0
272.0
240.0
242.0
285.0
249.0
237.0
250.0
251.0
234.0
255.0
281.0
263.0
268.0
247.0
258.0
267.0
294.0
259.0
289.0
237.0
239.0
243.0
215.0
273.0
273.0
256.0
228.0
314.0
219.0
253.0
238.0
243.0
231.0
251.0
262.0
263.0
335.0
265.0
259.0
242.0
293.0
257.0
260.0
245.0
277.0
228.0
250.0
264.0
215.0
301.0
267.0
227.0
274.0
297.0
277.0
242.0
232.0
274.0
256.0
244.0
228.0
279.0
294.0
292.0
243.0
223.0
233.0
267.0
235.0
273.0
254.0
281.0
200.0
258.0
267.0
284.0
242.0
265.0
240.0
246.0
257.0
253.0
263.0
261.0
246.0
256.0
255.0
282.0
250.0
254.0
257.0
226.0
262.0
326.0
242.0
264.0
286.0
283.0
287.0
283.0
249.0
236.0
262.0
254.0
255.0
337.0
284.0
232.0
284.0
344.0
299.0
266.0
277.0
257.0
251.0
282.0
278.0
251.0
257.0
288.0
233.0
275.0
237.0
271.0
308.0
281.0
262.0
256.0
258.0
232.0
278.0
256.0
261.0
298.0
285.0
244.0
272.0
269.0
226.0
281.0
290.0
236.0
231.0
251.0
333.0
220.0
228.0
268.0
266.0
303.0
295.0
279.0
229.0
252.0
294.0
240.0
243.0
230.0
250.0
273.0
280.0
253.0
300.0
253.0
240.0
253.0
233.0
268.0
238.0
262.0
290.0
211.0
270.0
246.0
269.0
239.0
254.0
244.0
222.0
234.0
312.0
262.0
260.0
263.0
257.0
226.0
230.0
264.0
254.0
231.0
254.0
257.0
273.0
266.0
263.0
248.0
