138.0
206.0
190.0
175.0
153.0
155.0
153.0
177.0
166.0
161.0
157.0
145.0
149.0
251.0
187.0
264.0
165.0
184.0
159.0
141.0
168.0
150.0
191.0
191.0
153.0
152.0
275.0
200.0
145.0
155.0
155.0
174.0
163.0
156.0
186.0
174.0
157.0
189.0
153.0
168.0
148.0
169.0
163.0
182.0
149.0
155.0
167.0
153.0
157.0
130.0
191.0
151.0
142.0
180.0
208.0
174.0
173.0
201.0
147.0
160.0
149.0
129.0
206.0
196.0
146.0
186.0
150.0
165.0
162.0
160.0
150.0
181.0
222.0
150.0
148.0
230.0
175.0
148.0
174.0
161.0
171.0
157.0
167.0
201.0
149.0
165.0
152.0
148.0
159.0
151.0
137.0
148.0
189.0
165.0
150.0
160.0
163.0
141.0
193.0
141.0
157.0
187.0
181.0
152.0
165.0
138.0
155.0
151.0
128.0
166.0
139.0
176.0
147.0
205.0
136.0
153.0
224.0
156.0
157.0
174.0
162.0
141.0
210.0
188.0
189.0
158.0
148.0
141.0
294.0
146.0
188.0
164.0
178.0
170.0
133.0
204.0
161.0
201.0
207.0
157.0
148.0
182.0
175.0
191.0
171.0
197.0
186.0
163.0
150.0
146.0
156.0
148.0
146.0
142.0
175.0
182.0
169.0
164.0
183.0
146.0
172.0
148.0
176.0
181.0
177.0
162.0
160.0
171.0
189.0
160.0
159.0
153.0
152.0
342.0
165.0
150.0
157.0
158.0
183.0
153.0
194.0
151.0
184.0
155.0
169.0
156.0
153.0
189.0
146.0
151.0
166.0
144.0
143.0
223.0
167.0
263.0
133.0
160.0
167.0
153.0
