274.0
255.0
261.0
256.0
240.0
296.0
292.0
257.0
280.0
264.0
266.0
253.0
273.0
261.0
252.0
258.0
299.0
248.0
330.0
224.0
225.0
245.0
243.0
255.0
277.0
239.0
238.0
229.0
253.0
251.0
297.0
209.0
217.0
205.0
302.0
235.0
256.0
251.0
290.0
248.0
284.0
241.0
289.0
257.0
238.0
282.0
256.0
244.0
303.0
250.0
291.0
301.0
226.0
231.0
238.0
280.0
232.0
277.0
259.0
262.0
256.0
319.0
270.0
272.0
346.0
246.0
285.0
236.0
252.0
285.0
236.0
246.0
253.0
266.0
257.0
273.0
301.0
246.0
245.0
256.0
267.0
231.0
245.0
240.0
241.0
265.0
279.0
239.0
287.0
212.0
243.0
247.0
298.0
248.0
255.0
234.0
287.0
286.0
235.0
293.0
244.0
253.0
240.0
224.0
273.0
268.0
237.0
292.0
256.0
252.0
249.0
360.0
278.0
310.0
285.0
255.0
266.0
248.0
236.0
251.0
307.0
262.0
251.0
254.0
239.0
266.0
230.0
240.0
308.0
235.0
272.0
243.0
273.0
336.0
235.0
252.0
309.0
248.0
310.0
280.0
265.0
245.0
282.0
260.0
281.0
270.0
241.0
274.0
292.0
282.0
238.0
240.0
294.0
274.0
253.0
298.0
288.0
248.0
248.0
302.0
219.0
230.0
222.0
232.0
254.0
246.0
214.0
234.0
289.0
307.0
240.0
253.0
271.0
251.0
238.0
283.0
281.0
228.0
248.0
248.0
238.0
266.0
326.0
274.0
272.0
280.0
234.0
356.0
299.0
256.0
256.0
248.0
251.0
279.0
275.0
245.0
270.0
320.0
297.0
261.0
