252.0
233.0
276.0
228.0
218.0
265.0
253.0
314.0
249.0
243.0
264.0
292.0
249.0
288.0
264.0
291.0
264.0
308.0
228.0
278.0
237.0
312.0
261.0
273.0
232.0
268.0
274.0
252.0
266.0
230.0
247.0
302.0
236.0
249.0
263.0
313.0
409.0
271.0
284.0
329.0
297.0
224.0
295.0
352.0
282.0
301.0
268.0
319.0
303.0
274.0
273.0
244.0
278.0
292.0
280.0
251.0
323.0
277.0
268.0
216.0
285.0
255.0
270.0
262.0
300.0
311.0
276.0
256.0
236.0
238.0
304.0
254.0
294.0
258.0
257.0
273.0
290.0
269.0
288.0
325.0
266.0
268.0
271.0
247.0
279.0
279.0
305.0
297.0
336.0
253.0
246.0
275.0
254.0
274.0
233.0
245.0
256.0
309.0
266.0
254.0
245.0
244.0
259.0
293.0
264.0
255.0
244.0
246.0
338.0
229.0
296.0
250.0
253.0
333.0
266.0
271.0
248.0
254.0
312.0
301.0
323.0
272.0
274.0
333.0
269.0
299.0
302.0
280.0
272.0
260.0
224.0
306.0
298.0
296.0
247.0
267.0
277.0
247.0
293.0
238.0
274.0
255.0
279.0
298.0
284.0
275.0
278.0
251.0
291.0
260.0
346.0
279.0
245.0
287.0
241.0
283.0
315.0
283.0
283.0
233.0
294.0
279.0
284.0
272.0
309.0
247.0
260.0
267.0
305.0
237.0
345.0
302.0
256.0
258.0
227.0
303.0
267.0
273.0
253.0
291.0
280.0
329.0
276.0
274.0
321.0
273.0
259.0
287.0
247.0
268.0
274.0
288.0
263.0
252.0
248.0
209.0
283.0
264.0
232.0
257.0
