240.0
198.0
322.0
235.0
246.0
284.0
239.0
212.0
253.0
266.0
326.0
198.0
248.0
248.0
225.0
258.0
275.0
271.0
309.0
275.0
296.0
228.0
272.0
265.0
262.0
296.0
271.0
228.0
246.0
226.0
258.0
270.0
248.0
250.0
223.0
265.0
243.0
237.0
216.0
230.0
239.0
238.0
295.0
262.0
264.0
243.0
289.0
270.0
228.0
253.0
277.0
276.0
257.0
246.0
265.0
246.0
222.0
265.0
248.0
242.0
263.0
278.0
259.0
299.0
269.0
283.0
234.0
285.0
237.0
240.0
295.0
285.0
227.0
248.0
265.0
296.0
227.0
268.0
282.0
228.0
253.0
255.0
252.0
247.0
234.0
281.0
288.0
264.0
253.0
280.0
261.0
288.0
234.0
274.0
266.0
227.0
274.0
238.0
293.0
243.0
244.0
251.0
290.0
205.0
252.0
301.0
249.0
220.0
304.0
248.0
267.0
264.0
290.0
229.0
257.0
283.0
245.0
296.0
286.0
268.0
249.0
226.0
269.0
269.0
249.0
271.0
260.0
269.0
268.0
258.0
249.0
226.0
291.0
246.0
255.0
233.0
246.0
223.0
270.0
267.0
252.0
232.0
267.0
278.0
264.0
260.0
297.0
263.0
257.0
239.0
257.0
243.0
281.0
257.0
276.0
226.0
248.0
240.0
271.0
289.0
274.0
267.0
291.0
260.0
292.0
233.0
247.0
265.0
262.0
241.0
250.0
244.0
290.0
265.0
271.0
280.0
255.0
254.0
310.0
242.0
260.0
247.0
227.0
211.0
269.0
272.0
286.0
267.0
305.0
281.0
248.0
326.0
219.0
251.0
258.0
260.0
258.0
302.0
290.0
248.0
