187.0
143.0
206.0
157.0
162.0
163.0
137.0
158.0
152.0
186.0
152.0
167.0
137.0
190.0
151.0
175.0
156.0
167.0
221.0
233.0
136.0
245.0
166.0
147.0
205.0
193.0
139.0
195.0
184.0
200.0
165.0
137.0
167.0
130.0
174.0
137.0
149.0
187.0
172.0
222.0
158.0
164.0
176.0
141.0
154.0
151.0
152.0
138.0
181.0
163.0
164.0
257.0
142.0
180.0
213.0
144.0
166.0
172.0
126.0
172.0
147.0
146.0
147.0
148.0
151.0
219.0
193.0
180.0
150.0
135.0
176.0
161.0
154.0
184.0
225.0
143.0
154.0
157.0
193.0
148.0
193.0
186.0
156.0
186.0
165.0
144.0
168.0
157.0
155.0
164.0
154.0
149.0
176.0
174.0
168.0
172.0
175.0
137.0
167.0
188.0
247.0
163.0
160.0
159.0
171.0
161.0
141.0
155.0
189.0
152.0
176.0
150.0
145.0
160.0
138.0
139.0
141.0
137.0
156.0
174.0
141.0
156.0
143.0
160.0
188.0
213.0
175.0
213.0
225.0
173.0
146.0
222.0
162.0
148.0
279.0
157.0
231.0
196.0
165.0
160.0
151.0
187.0
147.0
133.0
183.0
126.0
210.0
154.0
149.0
208.0
154.0
175.0
152.0
159.0
170.0
152.0
181.0
143.0
150.0
159.0
146.0
145.0
167.0
185.0
172.0
151.0
194.0
152.0
163.0
155.0
183.0
154.0
141.0
151.0
152.0
143.0
151.0
151.0
169.0
150.0
146.0
184.0
156.0
141.0
161.0
150.0
304.0
137.0
163.0
209.0
172.0
204.0
151.0
172.0
145.0
175.0
150.0
172.0
161.0
151.0
