181.0
180.0
198.0
282.0
247.0
191.0
171.0
246.0
226.0
197.0
167.0
210.0
210.0
142.0
158.0
192.0
230.0
188.0
178.0
192.0
162.0
184.0
178.0
183.0
210.0
164.0
234.0
170.0
215.0
178.0
205.0
177.0
236.0
221.0
197.0
159.0
249.0
225.0
171.0
172.0
154.0
166.0
216.0
163.0
157.0
149.0
206.0
168.0
190.0
182.0
164.0
155.0
193.0
175.0
207.0
175.0
162.0
177.0
161.0
189.0
190.0
216.0
166.0
190.0
270.0
218.0
143.0
278.0
167.0
149.0
199.0
176.0
139.0
183.0
194.0
186.0
245.0
217.0
166.0
178.0
159.0
159.0
206.0
210.0
284.0
147.0
195.0
171.0
184.0
215.0
219.0
193.0
248.0
170.0
165.0
144.0
203.0
146.0
175.0
229.0
211.0
211.0
190.0
184.0
190.0
324.0
213.0
194.0
150.0
173.0
178.0
184.0
188.0
158.0
160.0
195.0
215.0
175.0
188.0
254.0
228.0
170.0
153.0
172.0
187.0
150.0
144.0
228.0
188.0
165.0
188.0
182.0
187.0
191.0
252.0
193.0
214.0
150.0
170.0
172.0
231.0
141.0
199.0
179.0
202.0
206.0
158.0
158.0
174.0
175.0
239.0
189.0
165.0
172.0
159.0
152.0
175.0
169.0
176.0
203.0
215.0
190.0
160.0
163.0
163.0
241.0
160.0
209.0
150.0
162.0
238.0
149.0
204.0
326.0
268.0
201.0
165.0
175.0
229.0
208.0
194.0
166.0
404.0
307.0
194.0
170.0
242.0
193.0
199.0
166.0
212.0
175.0
315.0
234.0
179.0
228.0
154.0
409.0
354.0
290.0
