774.0
635.0
760.0
777.0
741.0
674.0
714.0
673.0
705.0
950.0
775.0
894.0
703.0
739.0
780.0
763.0
893.0
693.0
748.0
820.0
808.0
948.0
700.0
855.0
855.0
828.0
753.0
814.0
836.0
772.0
873.0
941.0
736.0
949.0
889.0
875.0
880.0
766.0
782.0
718.0
688.0
812.0
730.0
826.0
852.0
807.0
894.0
806.0
811.0
843.0
801.0
875.0
785.0
808.0
807.0
872.0
783.0
787.0
816.0
810.0
919.0
942.0
1041.0
873.0
747.0
768.0
798.0
743.0
770.0
861.0
956.0
788.0
750.0
768.0
1029.0
932.0
874.0
1035.0
735.0
795.0
877.0
945.0
766.0
808.0
779.0
814.0
755.0
839.0
834.0
741.0
741.0
834.0
969.0
797.0
708.0
781.0
759.0
765.0
882.0
857.0
841.0
805.0
735.0
780.0
825.0
862.0
814.0
743.0
703.0
854.0
764.0
930.0
906.0
817.0
801.0
814.0
813.0
748.0
826.0
733.0
768.0
796.0
854.0
793.0
766.0
734.0
652.0
789.0
710.0
724.0
866.0
869.0
799.0
762.0
703.0
783.0
814.0
776.0
863.0
686.0
800.0
786.0
679.0
942.0
843.0
827.0
722.0
894.0
869.0
694.0
823.0
800.0
799.0
755.0
805.0
728.0
768.0
749.0
750.0
829.0
730.0
831.0
1016.0
710.0
765.0
889.0
763.0
834.0
712.0
887.0
845.0
817.0
758.0
739.0
973.0
755.0
907.0
794.0
798.0
711.0
713.0
794.0
793.0
769.0
763.0
813.0
822.0
794.0
1025.0
854.0
806.0
963.0
741.0
795.0
1029.0
860.0
844.0
881.0
760.0
749.0
