224.0
239.0
277.0
262.0
336.0
271.0
343.0
247.0
327.0
274.0
266.0
232.0
244.0
229.0
306.0
267.0
283.0
283.0
248.0
269.0
261.0
244.0
248.0
300.0
237.0
250.0
222.0
313.0
270.0
255.0
240.0
280.0
259.0
303.0
261.0
243.0
233.0
321.0
242.0
252.0
240.0
274.0
295.0
268.0
283.0
244.0
313.0
272.0
289.0
208.0
218.0
278.0
220.0
226.0
282.0
245.0
269.0
274.0
233.0
249.0
314.0
295.0
309.0
252.0
234.0
266.0
302.0
264.0
269.0
245.0
286.0
348.0
256.0
218.0
258.0
272.0
245.0
265.0
268.0
250.0
233.0
279.0
282.0
258.0
286.0
256.0
277.0
254.0
243.0
270.0
298.0
247.0
257.0
227.0
226.0
283.0
308.0
260.0
255.0
284.0
230.0
280.0
309.0
266.0
291.0
248.0
251.0
273.0
237.0
253.0
300.0
254.0
305.0
249.0
271.0
228.0
290.0
247.0
297.0
257.0
275.0
231.0
244.0
229.0
215.0
264.0
336.0
300.0
262.0
289.0
272.0
238.0
231.0
263.0
296.0
233.0
275.0
273.0
280.0
278.0
263.0
241.0
269.0
225.0
235.0
220.0
292.0
264.0
235.0
264.0
295.0
276.0
248.0
257.0
231.0
280.0
256.0
300.0
263.0
294.0
242.0
243.0
250.0
238.0
246.0
271.0
292.0
247.0
249.0
275.0
252.0
219.0
276.0
241.0
297.0
265.0
246.0
264.0
260.0
297.0
250.0
262.0
274.0
316.0
265.0
344.0
242.0
220.0
242.0
259.0
309.0
251.0
239.0
246.0
304.0
265.0
222.0
270.0
270.0
240.0
