209.0
251.0
299.0
258.0
241.0
274.0
230.0
264.0
227.0
227.0
263.0
291.0
251.0
239.0
221.0
277.0
260.0
258.0
249.0
274.0
272.0
319.0
279.0
276.0
247.0
246.0
254.0
281.0
271.0
222.0
250.0
221.0
248.0
293.0
280.0
255.0
319.0
301.0
255.0
240.0
248.0
246.0
271.0
242.0
250.0
290.0
260.0
255.0
245.0
288.0
265.0
238.0
266.0
251.0
240.0
249.0
263.0
255.0
227.0
261.0
239.0
277.0
245.0
270.0
280.0
256.0
222.0
257.0
280.0
254.0
264.0
241.0
249.0
283.0
288.0
249.0
262.0
210.0
260.0
343.0
312.0
232.0
285.0
293.0
241.0
250.0
252.0
282.0
251.0
221.0
282.0
252.0
259.0
259.0
242.0
253.0
333.0
256.0
254.0
264.0
365.0
260.0
267.0
279.0
258.0
297.0
225.0
245.0
239.0
231.0
237.0
264.0
240.0
257.0
242.0
279.0
298.0
287.0
295.0
269.0
289.0
278.0
236.0
244.0
288.0
249.0
245.0
257.0
302.0
257.0
261.0
294.0
236.0
266.0
252.0
259.0
277.0
277.0
307.0
272.0
343.0
274.0
227.0
279.0
290.0
257.0
286.0
281.0
304.0
221.0
261.0
231.0
234.0
267.0
252.0
285.0
276.0
287.0
298.0
251.0
259.0
237.0
298.0
282.0
263.0
237.0
322.0
256.0
278.0
298.0
256.0
303.0
274.0
254.0
270.0
274.0
240.0
289.0
226.0
243.0
267.0
223.0
253.0
310.0
268.0
253.0
238.0
225.0
240.0
257.0
229.0
236.0
247.0
319.0
269.0
219.0
293.0
229.0
285.0
327.0
