287.0
237.0
254.0
304.0
244.0
242.0
263.0
278.0
259.0
290.0
330.0
255.0
269.0
273.0
273.0
288.0
282.0
257.0
319.0
278.0
231.0
308.0
256.0
286.0
228.0
298.0
295.0
276.0
246.0
238.0
257.0
261.0
250.0
241.0
218.0
249.0
269.0
277.0
262.0
276.0
258.0
240.0
304.0
249.0
299.0
254.0
269.0
242.0
257.0
308.0
226.0
268.0
260.0
245.0
260.0
248.0
216.0
254.0
239.0
237.0
262.0
251.0
260.0
251.0
272.0
230.0
264.0
214.0
228.0
256.0
264.0
283.0
275.0
272.0
269.0
265.0
295.0
243.0
302.0
238.0
280.0
260.0
248.0
260.0
259.0
310.0
291.0
315.0
222.0
269.0
270.0
296.0
223.0
249.0
227.0
222.0
269.0
250.0
250.0
254.0
317.0
256.0
242.0
229.0
291.0
249.0
291.0
268.0
255.0
214.0
235.0
271.0
217.0
252.0
245.0
231.0
270.0
246.0
243.0
237.0
255.0
259.0
254.0
260.0
268.0
251.0
303.0
281.0
285.0
255.0
272.0
236.0
279.0
293.0
241.0
272.0
254.0
250.0
282.0
291.0
240.0
292.0
254.0
251.0
271.0
301.0
323.0
250.0
277.0
215.0
256.0
289.0
217.0
238.0
269.0
263.0
302.0
234.0
251.0
229.0
257.0
238.0
294.0
239.0
262.0
225.0
274.0
288.0
254.0
296.0
251.0
225.0
254.0
299.0
249.0
294.0
234.0
274.0
263.0
261.0
317.0
262.0
272.0
235.0
225.0
283.0
219.0
298.0
260.0
242.0
274.0
244.0
243.0
234.0
289.0
268.0
252.0
287.0
239.0
271.0
