234.0
256.0
235.0
289.0
240.0
284.0
291.0
244.0
221.0
248.0
343.0
285.0
227.0
250.0
287.0
261.0
269.0
231.0
298.0
227.0
221.0
220.0
272.0
270.0
286.0
285.0
271.0
231.0
326.0
228.0
251.0
260.0
287.0
257.0
270.0
242.0
258.0
262.0
249.0
244.0
243.0
259.0
249.0
263.0
212.0
241.0
290.0
252.0
250.0
238.0
296.0
239.0
263.0
250.0
222.0
235.0
249.0
239.0
243.0
313.0
266.0
241.0
317.0
271.0
267.0
261.0
275.0
253.0
282.0
300.0
244.0
342.0
262.0
276.0
260.0
276.0
264.0
251.0
298.0
263.0
252.0
273.0
314.0
247.0
270.0
241.0
271.0
276.0
248.0
291.0
275.0
250.0
252.0
267.0
272.0
258.0
250.0
274.0
258.0
300.0
300.0
279.0
239.0
282.0
271.0
286.0
292.0
261.0
332.0
273.0
337.0
243.0
298.0
231.0
244.0
248.0
311.0
271.0
303.0
255.0
302.0
269.0
255.0
265.0
251.0
256.0
275.0
227.0
266.0
267.0
301.0
305.0
265.0
264.0
241.0
332.0
234.0
300.0
286.0
306.0
278.0
227.0
319.0
228.0
251.0
281.0
221.0
270.0
249.0
231.0
245.0
231.0
229.0
259.0
210.0
230.0
291.0
243.0
260.0
234.0
288.0
265.0
284.0
284.0
319.0
270.0
268.0
267.0
274.0
283.0
307.0
255.0
288.0
299.0
236.0
285.0
257.0
422.0
282.0
282.0
230.0
238.0
285.0
285.0
264.0
335.0
304.0
261.0
254.0
244.0
248.0
295.0
251.0
273.0
254.0
297.0
256.0
277.0
285.0
238.0
