263.0
307.0
261.0
235.0
260.0
223.0
224.0
299.0
302.0
268.0
276.0
335.0
240.0
272.0
299.0
281.0
277.0
275.0
286.0
239.0
276.0
253.0
234.0
251.0
285.0
273.0
276.0
260.0
230.0
251.0
290.0
226.0
221.0
328.0
253.0
286.0
291.0
228.0
234.0
268.0
245.0
226.0
252.0
260.0
233.0
279.0
248.0
276.0
244.0
255.0
282.0
281.0
258.0
274.0
281.0
259.0
289.0
251.0
230.0
268.0
251.0
238.0
297.0
265.0
251.0
237.0
251.0
254.0
242.0
240.0
251.0
259.0
268.0
251.0
249.0
248.0
262.0
261.0
263.0
251.0
312.0
260.0
253.0
244.0
285.0
259.0
258.0
245.0
284.0
237.0
270.0
299.0
273.0
306.0
266.0
264.0
270.0
249.0
229.0
230.0
272.0
327.0
238.0
287.0
239.0
292.0
255.0
272.0
250.0
278.0
230.0
246.0
256.0
237.0
254.0
239.0
235.0
257.0
284.0
286.0
242.0
282.0
275.0
317.0
233.0
226.0
272.0
240.0
318.0
300.0
308.0
267.0
265.0
269.0
281.0
311.0
259.0
242.0
256.0
240.0
270.0
276.0
266.0
273.0
259.0
291.0
247.0
295.0
257.0
241.0
245.0
233.0
302.0
256.0
235.0
225.0
283.0
286.0
240.0
258.0
268.0
264.0
248.0
292.0
309.0
283.0
294.0
264.0
286.0
258.0
292.0
244.0
243.0
237.0
245.0
298.0
253.0
202.0
245.0
267.0
244.0
244.0
210.0
251.0
292.0
253.0
276.0
248.0
255.0
247.0
241.0
262.0
283.0
286.0
232.0
267.0
293.0
226.0
308.0
249.0
