129.0
166.0
130.0
160.0
185.0
173.0
143.0
138.0
150.0
139.0
200.0
250.0
141.0
168.0
160.0
147.0
129.0
166.0
170.0
145.0
151.0
140.0
152.0
145.0
138.0
158.0
134.0
147.0
125.0
185.0
158.0
162.0
278.0
158.0
143.0
167.0
151.0
179.0
204.0
147.0
183.0
168.0
189.0
152.0
142.0
309.0
147.0
157.0
154.0
220.0
154.0
142.0
157.0
139.0
173.0
176.0
158.0
151.0
160.0
193.0
168.0
160.0
146.0
158.0
178.0
145.0
140.0
149.0
186.0
178.0
215.0
172.0
157.0
145.0
170.0
170.0
138.0
150.0
155.0
124.0
150.0
139.0
172.0
188.0
157.0
191.0
158.0
151.0
182.0
128.0
157.0
145.0
145.0
147.0
147.0
149.0
168.0
135.0
155.0
145.0
156.0
173.0
178.0
141.0
146.0
152.0
143.0
174.0
156.0
200.0
166.0
164.0
150.0
141.0
148.0
144.0
155.0
132.0
135.0
183.0
168.0
135.0
155.0
157.0
171.0
143.0
154.0
273.0
145.0
151.0
168.0
127.0
164.0
159.0
150.0
163.0
168.0
143.0
153.0
151.0
165.0
173.0
163.0
140.0
163.0
139.0
130.0
170.0
158.0
135.0
152.0
161.0
182.0
141.0
157.0
152.0
137.0
135.0
146.0
200.0
140.0
146.0
165.0
135.0
159.0
142.0
146.0
199.0
163.0
207.0
134.0
154.0
188.0
137.0
175.0
219.0
152.0
171.0
159.0
168.0
139.0
143.0
144.0
157.0
144.0
150.0
143.0
154.0
191.0
162.0
156.0
190.0
225.0
178.0
122.0
152.0
178.0
167.0
177.0
149.0
