548.0
725.0
764.0
668.0
809.0
862.0
702.0
690.0
760.0
735.0
729.0
896.0
830.0
814.0
657.0
781.0
903.0
847.0
685.0
790.0
887.0
770.0
920.0
938.0
802.0
685.0
907.0
917.0
793.0
819.0
842.0
718.0
774.0
903.0
753.0
730.0
866.0
925.0
793.0
781.0
924.0
739.0
791.0
807.0
759.0
695.0
799.0
802.0
911.0
798.0
799.0
722.0
775.0
771.0
739.0
811.0
846.0
863.0
874.0
797.0
840.0
837.0
751.0
894.0
768.0
840.0
750.0
799.0
866.0
864.0
817.0
806.0
823.0
731.0
785.0
801.0
784.0
952.0
904.0
745.0
757.0
844.0
737.0
935.0
753.0
778.0
820.0
762.0
665.0
795.0
771.0
706.0
669.0
754.0
863.0
702.0
835.0
743.0
763.0
763.0
803.0
841.0
949.0
848.0
686.0
877.0
771.0
774.0
690.0
711.0
804.0
757.0
831.0
865.0
979.0
823.0
938.0
850.0
778.0
806.0
769.0
796.0
924.0
966.0
761.0
776.0
796.0
649.0
886.0
746.0
888.0
858.0
708.0
757.0
755.0
750.0
909.0
760.0
726.0
874.0
806.0
749.0
782.0
825.0
733.0
725.0
874.0
877.0
812.0
922.0
736.0
807.0
747.0
873.0
750.0
845.0
726.0
864.0
743.0
707.0
780.0
828.0
825.0
713.0
763.0
780.0
757.0
770.0
754.0
979.0
928.0
844.0
880.0
718.0
789.0
741.0
802.0
757.0
781.0
797.0
799.0
794.0
729.0
750.0
695.0
779.0
853.0
842.0
847.0
906.0
704.0
733.0
898.0
733.0
893.0
690.0
890.0
942.0
774.0
730.0
