246.0
262.0
264.0
270.0
241.0
247.0
228.0
240.0
235.0
241.0
296.0
246.0
248.0
270.0
294.0
259.0
266.0
248.0
240.0
263.0
280.0
254.0
263.0
247.0
255.0
265.0
277.0
289.0
271.0
248.0
271.0
231.0
238.0
299.0
266.0
261.0
263.0
240.0
290.0
254.0
241.0
310.0
229.0
279.0
274.0
264.0
265.0
248.0
248.0
234.0
312.0
243.0
260.0
267.0
236.0
222.0
265.0
247.0
258.0
310.0
264.0
245.0
307.0
283.0
272.0
265.0
235.0
310.0
277.0
261.0
316.0
257.0
313.0
262.0
229.0
260.0
366.0
258.0
272.0
283.0
321.0
270.0
255.0
276.0
275.0
259.0
299.0
264.0
252.0
240.0
250.0
259.0
270.0
257.0
329.0
259.0
254.0
254.0
281.0
248.0
272.0
258.0
290.0
249.0
339.0
264.0
272.0
279.0
268.0
268.0
242.0
253.0
250.0
284.0
247.0
299.0
252.0
293.0
247.0
273.0
293.0
278.0
229.0
301.0
227.0
246.0
302.0
271.0
281.0
250.0
284.0
274.0
256.0
284.0
230.0
311.0
248.0
241.0
262.0
249.0
216.0
293.0
247.0
230.0
275.0
249.0
244.0
398.0
258.0
284.0
268.0
217.0
258.0
240.0
242.0
256.0
233.0
258.0
234.0
354.0
283.0
254.0
251.0
267.0
265.0
263.0
238.0
286.0
256.0
249.0
276.0
283.0
257.0
276.0
249.0
256.0
285.0
242.0
262.0
289.0
273.0
303.0
247.0
252.0
271.0
248.0
253.0
273.0
280.0
268.0
300.0
260.0
256.0
240.0
360.0
291.0
259.0
263.0
285.0
243.0
