248.0
305.0
266.0
252.0
253.0
344.0
245.0
287.0
262.0
218.0
220.0
252.0
257.0
302.0
224.0
299.0
271.0
251.0
228.0
271.0
245.0
231.0
249.0
264.0
223.0
257.0
284.0
242.0
277.0
283.0
264.0
290.0
287.0
236.0
256.0
297.0
279.0
244.0
247.0
248.0
235.0
255.0
264.0
244.0
284.0
239.0
245.0
282.0
244.0
279.0
287.0
224.0
207.0
355.0
231.0
259.0
258.0
260.0
242.0
250.0
341.0
268.0
274.0
236.0
287.0
248.0
220.0
259.0
254.0
322.0
228.0
272.0
246.0
291.0
225.0
279.0
240.0
280.0
247.0
243.0
296.0
233.0
250.0
236.0
299.0
242.0
261.0
245.0
255.0
302.0
236.0
284.0
224.0
231.0
259.0
261.0
222.0
255.0
295.0
248.0
226.0
259.0
238.0
250.0
279.0
313.0
290.0
253.0
274.0
228.0
230.0
237.0
291.0
257.0
240.0
265.0
275.0
267.0
220.0
224.0
251.0
247.0
234.0
245.0
239.0
194.0
243.0
292.0
286.0
246.0
227.0
230.0
236.0
308.0
274.0
278.0
238.0
278.0
260.0
254.0
251.0
256.0
242.0
244.0
281.0
224.0
294.0
263.0
255.0
224.0
234.0
265.0
245.0
256.0
238.0
265.0
237.0
241.0
237.0
231.0
265.0
284.0
215.0
239.0
287.0
252.0
248.0
281.0
242.0
214.0
286.0
268.0
264.0
229.0
285.0
225.0
308.0
266.0
261.0
291.0
243.0
247.0
255.0
302.0
289.0
315.0
270.0
275.0
280.0
257.0
230.0
291.0
270.0
276.0
291.0
296.0
244.0
300.0
256.0
254.0
