142.0
128.0
145.0
147.0
160.0
153.0
131.0
168.0
126.0
152.0
151.0
162.0
175.0
167.0
157.0
136.0
158.0
145.0
170.0
167.0
148.0
152.0
167.0
149.0
141.0
133.0
143.0
170.0
173.0
165.0
158.0
153.0
153.0
160.0
145.0
154.0
131.0
163.0
276.0
145.0
136.0
144.0
204.0
188.0
150.0
148.0
175.0
142.0
159.0
171.0
157.0
153.0
149.0
245.0
151.0
173.0
176.0
152.0
225.0
149.0
150.0
145.0
170.0
171.0
140.0
153.0
178.0
150.0
143.0
214.0
141.0
157.0
140.0
197.0
158.0
145.0
157.0
188.0
133.0
169.0
159.0
180.0
156.0
144.0
176.0
139.0
146.0
141.0
140.0
162.0
131.0
171.0
135.0
173.0
139.0
142.0
175.0
233.0
161.0
197.0
169.0
167.0
149.0
145.0
152.0
182.0
171.0
148.0
184.0
147.0
142.0
157.0
187.0
160.0
152.0
144.0
196.0
165.0
164.0
187.0
162.0
170.0
154.0
158.0
189.0
177.0
154.0
148.0
122.0
156.0
199.0
146.0
185.0
131.0
169.0
188.0
167.0
190.0
191.0
150.0
143.0
155.0
139.0
166.0
149.0
194.0
157.0
273.0
147.0
152.0
139.0
164.0
180.0
160.0
137.0
144.0
166.0
144.0
154.0
171.0
142.0
146.0
149.0
153.0
166.0
153.0
172.0
143.0
167.0
236.0
162.0
158.0
186.0
320.0
269.0
147.0
163.0
158.0
170.0
160.0
187.0
150.0
188.0
138.0
141.0
130.0
138.0
135.0
143.0
175.0
136.0
144.0
176.0
177.0
163.0
158.0
130.0
207.0
138.0
199.0
