208.0
267.0
293.0
273.0
297.0
303.0
295.0
247.0
286.0
339.0
330.0
361.0
370.0
388.0
425.0
498.0
469.0
435.0
326.0
270.0
472.0
456.0
467.0
637.0
684.0
795.0
752.0
700.0
705.0
716.0
638.0
659.0
728.0
790.0
802.0
831.0
777.0
884.0
734.0
739.0
790.0
774.0
992.0
839.0
680.0
709.0
888.0
719.0
801.0
819.0
789.0
787.0
763.0
816.0
721.0
668.0
694.0
713.0
761.0
782.0
701.0
771.0
827.0
676.0
752.0
709.0
974.0
769.0
951.0
736.0
902.0
837.0
973.0
870.0
781.0
765.0
840.0
893.0
953.0
806.0
807.0
741.0
775.0
859.0
890.0
852.0
820.0
775.0
839.0
746.0
760.0
863.0
771.0
707.0
745.0
750.0
831.0
955.0
823.0
848.0
791.0
838.0
765.0
824.0
753.0
781.0
753.0
800.0
862.0
770.0
831.0
856.0
762.0
732.0
874.0
714.0
719.0
817.0
965.0
677.0
702.0
838.0
893.0
760.0
817.0
682.0
693.0
741.0
694.0
828.0
848.0
693.0
950.0
850.0
792.0
801.0
828.0
780.0
937.0
797.0
827.0
779.0
745.0
770.0
782.0
855.0
938.0
771.0
832.0
753.0
807.0
782.0
808.0
805.0
727.0
812.0
772.0
811.0
781.0
921.0
881.0
807.0
782.0
722.0
747.0
751.0
809.0
790.0
787.0
841.0
744.0
770.0
728.0
669.0
876.0
700.0
926.0
736.0
967.0
789.0
753.0
765.0
871.0
931.0
819.0
815.0
830.0
759.0
760.0
652.0
774.0
851.0
937.0
783.0
763.0
763.0
743.0
748.0
892.0
796.0
