288.0
345.0
476.0
416.0
417.0
532.0
488.0
440.0
330.0
269.0
205.0
192.0
172.0
188.0
186.0
324.0
245.0
216.0
218.0
202.0
174.0
183.0
182.0
185.0
271.0
256.0
330.0
296.0
237.0
242.0
245.0
224.0
210.0
162.0
316.0
325.0
272.0
249.0
236.0
174.0
160.0
208.0
197.0
192.0
158.0
210.0
230.0
212.0
215.0
162.0
166.0
226.0
207.0
349.0
239.0
174.0
186.0
218.0
217.0
173.0
246.0
181.0
187.0
157.0
207.0
217.0
233.0
213.0
205.0
277.0
233.0
250.0
190.0
220.0
189.0
203.0
220.0
203.0
262.0
243.0
203.0
250.0
218.0
163.0
263.0
212.0
174.0
190.0
250.0
224.0
245.0
233.0
209.0
230.0
260.0
213.0
180.0
262.0
211.0
163.0
282.0
249.0
298.0
290.0
290.0
249.0
350.0
268.0
253.0
248.0
235.0
341.0
303.0
325.0
361.0
320.0
377.0
324.0
265.0
242.0
233.0
204.0
172.0
219.0
258.0
221.0
242.0
178.0
171.0
158.0
166.0
301.0
315.0
276.0
209.0
188.0
164.0
233.0
230.0
210.0
220.0
230.0
177.0
211.0
170.0
224.0
195.0
191.0
210.0
159.0
190.0
161.0
236.0
195.0
163.0
216.0
207.0
195.0
203.0
186.0
183.0
191.0
208.0
262.0
259.0
282.0
254.0
204.0
172.0
360.0
370.0
404.0
317.0
277.0
317.0
326.0
348.0
269.0
482.0
442.0
386.0
405.0
324.0
293.0
286.0
361.0
300.0
295.0
288.0
240.0
279.0
255.0
193.0
218.0
238.0
276.0
338.0
287.0
266.0
229.0
