230.0
246.0
233.0
259.0
256.0
255.0
286.0
258.0
267.0
278.0
333.0
257.0
279.0
272.0
254.0
221.0
218.0
284.0
268.0
220.0
285.0
237.0
274.0
277.0
243.0
228.0
288.0
286.0
248.0
232.0
231.0
243.0
261.0
281.0
256.0
245.0
249.0
312.0
251.0
223.0
241.0
273.0
251.0
222.0
281.0
268.0
286.0
329.0
247.0
229.0
273.0
284.0
245.0
312.0
263.0
238.0
252.0
247.0
267.0
293.0
260.0
289.0
219.0
236.0
282.0
260.0
268.0
276.0
224.0
278.0
241.0
298.0
282.0
253.0
246.0
240.0
259.0
273.0
247.0
222.0
208.0
265.0
257.0
259.0
322.0
272.0
279.0
242.0
284.0
228.0
293.0
235.0
275.0
243.0
295.0
245.0
307.0
257.0
245.0
269.0
255.0
312.0
307.0
241.0
271.0
277.0
284.0
267.0
267.0
299.0
242.0
260.0
301.0
272.0
242.0
287.0
240.0
239.0
244.0
229.0
244.0
260.0
270.0
251.0
231.0
266.0
248.0
290.0
247.0
319.0
245.0
249.0
259.0
241.0
289.0
263.0
247.0
271.0
236.0
242.0
262.0
269.0
277.0
291.0
274.0
308.0
236.0
360.0
279.0
268.0
269.0
278.0
274.0
302.0
279.0
256.0
257.0
242.0
251.0
256.0
297.0
261.0
225.0
332.0
249.0
253.0
210.0
241.0
299.0
223.0
223.0
280.0
255.0
227.0
250.0
252.0
279.0
296.0
260.0
292.0
264.0
233.0
326.0
277.0
242.0
256.0
228.0
247.0
299.0
252.0
270.0
267.0
250.0
330.0
239.0
252.0
279.0
288.0
240.0
306.0
