163.0
227.0
180.0
191.0
151.0
171.0
232.0
175.0
171.0
182.0
177.0
190.0
171.0
215.0
216.0
362.0
264.0
182.0
197.0
169.0
229.0
179.0
186.0
217.0
197.0
149.0
206.0
169.0
173.0
152.0
207.0
163.0
193.0
155.0
168.0
199.0
158.0
164.0
242.0
206.0
162.0
242.0
173.0
162.0
171.0
210.0
222.0
339.0
257.0
168.0
208.0
238.0
199.0
248.0
270.0
250.0
292.0
268.0
180.0
176.0
191.0
176.0
218.0
210.0
209.0
185.0
159.0
177.0
223.0
176.0
269.0
201.0
217.0
191.0
229.0
210.0
161.0
166.0
199.0
190.0
158.0
180.0
164.0
236.0
165.0
156.0
179.0
228.0
160.0
165.0
136.0
231.0
208.0
158.0
207.0
194.0
240.0
285.0
268.0
192.0
172.0
189.0
197.0
168.0
149.0
244.0
169.0
254.0
225.0
163.0
191.0
241.0
172.0
176.0
181.0
188.0
191.0
175.0
298.0
260.0
189.0
150.0
170.0
178.0
236.0
180.0
145.0
161.0
183.0
263.0
229.0
171.0
154.0
177.0
178.0
167.0
191.0
199.0
228.0
328.0
251.0
205.0
177.0
164.0
157.0
157.0
194.0
167.0
203.0
167.0
274.0
230.0
163.0
172.0
198.0
198.0
255.0
215.0
206.0
234.0
200.0
176.0
224.0
227.0
173.0
238.0
199.0
183.0
174.0
331.0
250.0
254.0
261.0
369.0
313.0
236.0
197.0
201.0
177.0
191.0
163.0
217.0
132.0
160.0
141.0
209.0
182.0
185.0
186.0
175.0
167.0
163.0
199.0
180.0
168.0
161.0
168.0
196.0
150.0
175.0
