240.0
271.0
253.0
239.0
248.0
309.0
246.0
289.0
273.0
297.0
236.0
250.0
244.0
230.0
259.0
276.0
291.0
272.0
272.0
224.0
250.0
254.0
265.0
286.0
309.0
292.0
279.0
269.0
228.0
275.0
219.0
222.0
255.0
221.0
258.0
250.0
263.0
219.0
234.0
284.0
250.0
268.0
236.0
246.0
245.0
237.0
254.0
284.0
291.0
301.0
298.0
221.0
253.0
235.0
257.0
258.0
284.0
226.0
249.0
262.0
236.0
230.0
252.0
258.0
271.0
289.0
283.0
280.0
247.0
250.0
250.0
262.0
271.0
242.0
268.0
259.0
250.0
261.0
256.0
237.0
248.0
256.0
251.0
265.0
223.0
263.0
254.0
247.0
255.0
250.0
253.0
285.0
305.0
278.0
235.0
244.0
255.0
283.0
229.0
234.0
239.0
266.0
264.0
268.0
284.0
240.0
252.0
247.0
241.0
268.0
274.0
294.0
233.0
254.0
235.0
276.0
221.0
255.0
255.0
239.0
270.0
233.0
248.0
251.0
243.0
223.0
247.0
312.0
230.0
255.0
248.0
239.0
265.0
248.0
210.0
253.0
230.0
252.0
255.0
267.0
232.0
223.0
274.0
227.0
348.0
225.0
288.0
254.0
265.0
246.0
267.0
255.0
241.0
274.0
242.0
230.0
219.0
239.0
283.0
225.0
289.0
238.0
257.0
227.0
243.0
281.0
256.0
251.0
260.0
272.0
236.0
286.0
285.0
224.0
269.0
278.0
235.0
250.0
237.0
242.0
234.0
248.0
248.0
236.0
272.0
281.0
239.0
285.0
264.0
263.0
282.0
275.0
234.0
239.0
257.0
305.0
248.0
295.0
240.0
311.0
