258.0
250.0
276.0
274.0
258.0
277.0
234.0
242.0
282.0
268.0
242.0
257.0
245.0
279.0
275.0
270.0
259.0
382.0
274.0
283.0
264.0
292.0
256.0
325.0
255.0
292.0
265.0
276.0
289.0
291.0
275.0
274.0
283.0
257.0
243.0
244.0
317.0
323.0
284.0
257.0
252.0
268.0
219.0
335.0
248.0
278.0
266.0
245.0
232.0
238.0
275.0
293.0
346.0
254.0
244.0
277.0
264.0
234.0
340.0
314.0
285.0
266.0
259.0
259.0
266.0
280.0
269.0
227.0
281.0
368.0
236.0
261.0
301.0
228.0
264.0
237.0
291.0
279.0
304.0
292.0
229.0
251.0
256.0
227.0
265.0
245.0
241.0
261.0
261.0
258.0
233.0
248.0
272.0
288.0
238.0
248.0
218.0
278.0
267.0
287.0
284.0
307.0
253.0
310.0
250.0
281.0
247.0
324.0
256.0
287.0
300.0
263.0
293.0
346.0
280.0
288.0
273.0
302.0
312.0
237.0
282.0
280.0
244.0
293.0
262.0
270.0
259.0
271.0
229.0
280.0
246.0
249.0
243.0
243.0
297.0
316.0
247.0
257.0
273.0
267.0
293.0
418.0
287.0
263.0
272.0
266.0
224.0
288.0
286.0
263.0
305.0
295.0
313.0
235.0
260.0
308.0
321.0
254.0
232.0
248.0
259.0
259.0
265.0
249.0
326.0
323.0
301.0
283.0
283.0
248.0
272.0
269.0
273.0
237.0
243.0
479.0
266.0
291.0
250.0
303.0
269.0
264.0
246.0
305.0
270.0
315.0
362.0
250.0
286.0
300.0
233.0
291.0
275.0
265.0
258.0
273.0
293.0
282.0
262.0
330.0
