258.0
262.0
266.0
302.0
259.0
264.0
282.0
289.0
225.0
272.0
247.0
259.0
274.0
258.0
280.0
254.0
273.0
262.0
234.0
254.0
243.0
245.0
245.0
296.0
333.0
313.0
274.0
262.0
301.0
266.0
283.0
252.0
241.0
250.0
284.0
266.0
298.0
262.0
253.0
283.0
284.0
256.0
253.0
262.0
230.0
259.0
262.0
241.0
234.0
266.0
303.0
240.0
263.0
246.0
276.0
249.0
238.0
284.0
292.0
268.0
281.0
243.0
270.0
287.0
230.0
296.0
268.0
232.0
256.0
274.0
310.0
243.0
270.0
317.0
290.0
249.0
245.0
243.0
251.0
235.0
236.0
260.0
259.0
265.0
256.0
264.0
266.0
291.0
284.0
293.0
256.0
267.0
303.0
276.0
253.0
272.0
306.0
271.0
297.0
246.0
241.0
261.0
279.0
256.0
289.0
253.0
246.0
237.0
231.0
262.0
295.0
246.0
288.0
292.0
289.0
286.0
256.0
265.0
284.0
220.0
250.0
307.0
248.0
256.0
255.0
231.0
234.0
286.0
254.0
297.0
221.0
283.0
284.0
256.0
251.0
323.0
274.0
271.0
239.0
275.0
264.0
222.0
270.0
248.0
239.0
259.0
286.0
284.0
277.0
280.0
248.0
248.0
247.0
276.0
269.0
278.0
216.0
262.0
302.0
301.0
299.0
248.0
267.0
280.0
229.0
262.0
316.0
261.0
314.0
295.0
324.0
248.0
240.0
269.0
258.0
241.0
255.0
234.0
301.0
265.0
315.0
260.0
246.0
310.0
247.0
324.0
242.0
264.0
287.0
250.0
254.0
250.0
238.0
262.0
265.0
288.0
257.0
291.0
293.0
291.0
