142.0
188.0
238.0
158.0
228.0
165.0
166.0
156.0
150.0
156.0
174.0
184.0
153.0
148.0
164.0
155.0
166.0
223.0
136.0
157.0
215.0
185.0
146.0
157.0
172.0
167.0
152.0
223.0
146.0
203.0
145.0
211.0
217.0
165.0
150.0
141.0
191.0
195.0
151.0
150.0
156.0
189.0
149.0
133.0
162.0
148.0
245.0
177.0
159.0
153.0
142.0
168.0
193.0
160.0
161.0
200.0
184.0
141.0
161.0
171.0
165.0
172.0
145.0
173.0
143.0
212.0
158.0
169.0
148.0
145.0
151.0
146.0
144.0
169.0
225.0
397.0
156.0
137.0
151.0
159.0
145.0
145.0
169.0
200.0
160.0
168.0
139.0
189.0
162.0
200.0
170.0
160.0
160.0
189.0
154.0
156.0
163.0
190.0
210.0
154.0
159.0
140.0
135.0
137.0
142.0
146.0
150.0
195.0
162.0
158.0
170.0
151.0
146.0
167.0
152.0
148.0
179.0
221.0
218.0
145.0
262.0
146.0
159.0
156.0
152.0
157.0
148.0
173.0
174.0
172.0
171.0
150.0
144.0
173.0
154.0
169.0
179.0
154.0
183.0
190.0
160.0
135.0
146.0
252.0
195.0
167.0
183.0
205.0
155.0
155.0
159.0
162.0
163.0
158.0
147.0
167.0
170.0
199.0
237.0
174.0
142.0
176.0
177.0
154.0
213.0
157.0
187.0
158.0
167.0
150.0
179.0
218.0
190.0
186.0
164.0
177.0
201.0
158.0
184.0
187.0
151.0
165.0
154.0
187.0
150.0
184.0
142.0
136.0
145.0
167.0
148.0
174.0
164.0
149.0
199.0
165.0
168.0
153.0
150.0
129.0
