137.0
158.0
151.0
137.0
204.0
175.0
137.0
249.0
138.0
151.0
139.0
145.0
168.0
154.0
146.0
146.0
122.0
162.0
140.0
156.0
221.0
209.0
196.0
151.0
153.0
158.0
151.0
251.0
170.0
164.0
211.0
150.0
250.0
186.0
173.0
166.0
142.0
134.0
143.0
142.0
269.0
181.0
166.0
209.0
140.0
273.0
138.0
146.0
133.0
128.0
146.0
141.0
145.0
185.0
155.0
165.0
172.0
145.0
157.0
227.0
168.0
166.0
155.0
167.0
137.0
149.0
154.0
132.0
140.0
147.0
147.0
185.0
185.0
139.0
153.0
169.0
155.0
153.0
157.0
151.0
168.0
163.0
206.0
156.0
143.0
178.0
158.0
157.0
163.0
171.0
153.0
184.0
179.0
193.0
157.0
212.0
145.0
140.0
157.0
141.0
168.0
157.0
144.0
165.0
143.0
206.0
137.0
128.0
161.0
180.0
153.0
179.0
139.0
151.0
161.0
165.0
147.0
140.0
141.0
152.0
154.0
144.0
162.0
161.0
132.0
127.0
163.0
149.0
151.0
166.0
189.0
176.0
161.0
210.0
137.0
169.0
155.0
161.0
152.0
167.0
168.0
183.0
161.0
173.0
159.0
199.0
183.0
185.0
204.0
166.0
166.0
152.0
195.0
167.0
152.0
151.0
181.0
160.0
154.0
163.0
151.0
158.0
140.0
159.0
148.0
136.0
156.0
157.0
175.0
220.0
147.0
186.0
189.0
235.0
142.0
155.0
141.0
219.0
208.0
143.0
159.0
139.0
152.0
159.0
151.0
160.0
174.0
145.0
160.0
146.0
158.0
165.0
151.0
149.0
129.0
211.0
144.0
189.0
163.0
156.0
