294.0
277.0
267.0
278.0
223.0
274.0
231.0
289.0
302.0
237.0
246.0
270.0
261.0
246.0
270.0
237.0
282.0
269.0
272.0
291.0
240.0
242.0
298.0
253.0
222.0
262.0
274.0
262.0
308.0
245.0
226.0
274.0
301.0
256.0
262.0
354.0
294.0
272.0
294.0
256.0
247.0
275.0
320.0
298.0
277.0
302.0
243.0
272.0
272.0
251.0
253.0
252.0
258.0
254.0
248.0
307.0
258.0
276.0
294.0
312.0
233.0
290.0
268.0
262.0
279.0
256.0
240.0
312.0
248.0
252.0
277.0
274.0
277.0
266.0
280.0
232.0
213.0
310.0
294.0
277.0
238.0
286.0
267.0
240.0
307.0
327.0
298.0
263.0
268.0
247.0
265.0
276.0
261.0
255.0
280.0
300.0
319.0
240.0
284.0
259.0
259.0
296.0
288.0
232.0
243.0
276.0
304.0
246.0
262.0
245.0
277.0
254.0
280.0
258.0
268.0
229.0
263.0
286.0
297.0
278.0
251.0
227.0
243.0
233.0
230.0
241.0
253.0
259.0
289.0
253.0
290.0
269.0
254.0
276.0
286.0
295.0
257.0
295.0
251.0
266.0
323.0
424.0
295.0
309.0
277.0
227.0
248.0
259.0
230.0
279.0
237.0
281.0
266.0
249.0
246.0
258.0
248.0
238.0
252.0
258.0
261.0
253.0
265.0
249.0
267.0
215.0
260.0
266.0
228.0
274.0
233.0
291.0
265.0
276.0
286.0
243.0
235.0
271.0
256.0
322.0
269.0
259.0
241.0
289.0
246.0
290.0
344.0
263.0
291.0
290.0
284.0
279.0
320.0
250.0
243.0
296.0
304.0
243.0
260.0
282.0
