257.0
247.0
238.0
250.0
316.0
268.0
293.0
341.0
257.0
281.0
240.0
263.0
251.0
283.0
244.0
288.0
346.0
270.0
240.0
235.0
341.0
235.0
276.0
285.0
279.0
243.0
252.0
309.0
250.0
276.0
264.0
263.0
245.0
269.0
283.0
281.0
329.0
256.0
277.0
265.0
254.0
284.0
299.0
239.0
315.0
297.0
282.0
302.0
271.0
227.0
268.0
279.0
291.0
286.0
290.0
286.0
253.0
308.0
295.0
292.0
249.0
307.0
297.0
268.0
351.0
316.0
279.0
251.0
246.0
267.0
331.0
238.0
304.0
266.0
260.0
290.0
278.0
250.0
236.0
291.0
228.0
303.0
260.0
279.0
261.0
292.0
286.0
269.0
303.0
254.0
306.0
278.0
240.0
265.0
238.0
247.0
273.0
259.0
305.0
208.0
251.0
256.0
290.0
292.0
247.0
246.0
277.0
274.0
266.0
260.0
236.0
397.0
279.0
242.0
234.0
265.0
241.0
284.0
262.0
289.0
263.0
326.0
291.0
268.0
289.0
274.0
244.0
272.0
272.0
275.0
270.0
257.0
239.0
278.0
305.0
256.0
242.0
268.0
253.0
350.0
271.0
262.0
252.0
316.0
253.0
271.0
270.0
311.0
278.0
260.0
261.0
322.0
278.0
262.0
244.0
292.0
271.0
236.0
280.0
253.0
284.0
271.0
231.0
289.0
259.0
272.0
306.0
264.0
253.0
220.0
233.0
303.0
261.0
266.0
308.0
254.0
294.0
360.0
275.0
279.0
323.0
288.0
279.0
290.0
259.0
310.0
330.0
277.0
259.0
241.0
271.0
270.0
249.0
218.0
309.0
318.0
267.0
290.0
295.0
263.0
