133.0
184.0
152.0
160.0
190.0
195.0
139.0
144.0
163.0
170.0
144.0
154.0
146.0
151.0
177.0
157.0
189.0
138.0
179.0
154.0
214.0
178.0
134.0
179.0
202.0
146.0
203.0
183.0
172.0
155.0
155.0
157.0
171.0
165.0
179.0
161.0
172.0
186.0
184.0
189.0
346.0
175.0
177.0
156.0
179.0
145.0
200.0
134.0
169.0
186.0
148.0
137.0
152.0
158.0
157.0
167.0
180.0
146.0
147.0
159.0
151.0
152.0
148.0
252.0
166.0
145.0
199.0
155.0
138.0
173.0
183.0
150.0
152.0
145.0
170.0
162.0
158.0
156.0
179.0
151.0
155.0
137.0
159.0
151.0
145.0
149.0
162.0
154.0
164.0
185.0
153.0
159.0
169.0
165.0
138.0
241.0
163.0
179.0
163.0
150.0
149.0
163.0
147.0
166.0
172.0
205.0
232.0
155.0
152.0
156.0
162.0
150.0
148.0
158.0
142.0
154.0
155.0
163.0
240.0
176.0
141.0
160.0
260.0
168.0
166.0
167.0
175.0
158.0
205.0
143.0
149.0
273.0
179.0
157.0
161.0
137.0
189.0
154.0
157.0
137.0
158.0
137.0
162.0
208.0
148.0
158.0
190.0
174.0
164.0
163.0
148.0
177.0
178.0
160.0
173.0
164.0
262.0
179.0
153.0
174.0
182.0
200.0
158.0
141.0
154.0
142.0
149.0
147.0
155.0
147.0
172.0
151.0
151.0
149.0
152.0
150.0
195.0
160.0
170.0
146.0
136.0
140.0
180.0
172.0
171.0
223.0
177.0
153.0
153.0
174.0
197.0
171.0
169.0
179.0
178.0
221.0
169.0
191.0
148.0
157.0
