231.0
154.0
370.0
198.0
160.0
151.0
142.0
169.0
156.0
176.0
141.0
173.0
168.0
166.0
244.0
156.0
227.0
210.0
161.0
182.0
148.0
141.0
176.0
221.0
182.0
183.0
163.0
167.0
140.0
158.0
145.0
146.0
153.0
180.0
164.0
205.0
221.0
207.0
176.0
165.0
190.0
187.0
156.0
144.0
137.0
160.0
164.0
143.0
135.0
152.0
215.0
284.0
147.0
164.0
174.0
150.0
163.0
155.0
185.0
147.0
152.0
182.0
186.0
375.0
253.0
144.0
152.0
159.0
168.0
182.0
150.0
185.0
135.0
146.0
165.0
186.0
170.0
132.0
204.0
167.0
152.0
147.0
143.0
155.0
161.0
219.0
129.0
158.0
194.0
153.0
150.0
158.0
176.0
168.0
144.0
262.0
156.0
136.0
155.0
189.0
186.0
158.0
181.0
279.0
173.0
184.0
155.0
151.0
152.0
172.0
148.0
142.0
155.0
159.0
175.0
174.0
235.0
134.0
159.0
232.0
178.0
159.0
169.0
138.0
212.0
135.0
177.0
137.0
159.0
140.0
146.0
148.0
166.0
130.0
205.0
158.0
187.0
201.0
153.0
157.0
175.0
222.0
146.0
158.0
182.0
161.0
181.0
125.0
153.0
147.0
156.0
200.0
144.0
167.0
155.0
218.0
216.0
144.0
178.0
165.0
160.0
162.0
188.0
151.0
172.0
152.0
165.0
161.0
161.0
174.0
150.0
153.0
164.0
328.0
182.0
169.0
154.0
193.0
171.0
145.0
143.0
166.0
165.0
177.0
197.0
178.0
155.0
174.0
160.0
191.0
195.0
156.0
178.0
160.0
170.0
180.0
173.0
160.0
181.0
151.0
