193.0
177.0
166.0
199.0
173.0
182.0
296.0
223.0
209.0
215.0
207.0
217.0
166.0
171.0
182.0
162.0
149.0
207.0
164.0
198.0
157.0
169.0
149.0
202.0
193.0
181.0
448.0
336.0
264.0
218.0
221.0
186.0
172.0
194.0
268.0
171.0
141.0
172.0
214.0
203.0
151.0
187.0
171.0
210.0
292.0
166.0
194.0
149.0
204.0
171.0
220.0
191.0
252.0
278.0
192.0
222.0
169.0
181.0
211.0
182.0
179.0
204.0
214.0
212.0
228.0
200.0
177.0
207.0
175.0
232.0
164.0
184.0
182.0
174.0
176.0
216.0
174.0
209.0
193.0
264.0
161.0
213.0
162.0
200.0
165.0
181.0
175.0
150.0
168.0
220.0
185.0
171.0
216.0
171.0
211.0
223.0
214.0
240.0
176.0
300.0
301.0
309.0
202.0
364.0
212.0
213.0
154.0
185.0
157.0
246.0
197.0
270.0
207.0
186.0
244.0
226.0
160.0
187.0
185.0
199.0
185.0
170.0
191.0
183.0
183.0
253.0
236.0
218.0
196.0
172.0
169.0
230.0
195.0
174.0
222.0
164.0
151.0
158.0
225.0
186.0
209.0
190.0
166.0
195.0
176.0
182.0
297.0
209.0
152.0
142.0
208.0
242.0
181.0
156.0
187.0
194.0
223.0
197.0
209.0
172.0
231.0
225.0
207.0
236.0
198.0
283.0
245.0
213.0
210.0
230.0
220.0
179.0
152.0
248.0
228.0
168.0
188.0
232.0
178.0
142.0
172.0
176.0
192.0
152.0
206.0
164.0
179.0
184.0
152.0
198.0
162.0
169.0
180.0
167.0
179.0
161.0
176.0
172.0
200.0
162.0
