152.0
174.0
174.0
130.0
141.0
144.0
154.0
189.0
152.0
140.0
147.0
160.0
162.0
164.0
149.0
176.0
148.0
145.0
153.0
149.0
163.0
166.0
165.0
157.0
171.0
155.0
158.0
235.0
136.0
158.0
160.0
150.0
182.0
145.0
155.0
140.0
200.0
157.0
158.0
177.0
161.0
149.0
161.0
177.0
205.0
176.0
154.0
183.0
240.0
143.0
182.0
145.0
209.0
142.0
129.0
183.0
142.0
210.0
123.0
169.0
179.0
151.0
137.0
145.0
182.0
185.0
172.0
151.0
144.0
161.0
157.0
159.0
151.0
132.0
147.0
161.0
190.0
162.0
152.0
149.0
272.0
173.0
224.0
157.0
138.0
176.0
156.0
158.0
153.0
196.0
190.0
169.0
161.0
180.0
165.0
153.0
167.0
148.0
155.0
169.0
145.0
188.0
135.0
151.0
151.0
164.0
154.0
190.0
143.0
180.0
151.0
162.0
175.0
127.0
163.0
139.0
151.0
164.0
168.0
168.0
173.0
158.0
155.0
158.0
173.0
192.0
272.0
153.0
198.0
130.0
125.0
145.0
167.0
166.0
153.0
151.0
150.0
189.0
182.0
201.0
164.0
137.0
164.0
162.0
192.0
174.0
160.0
161.0
144.0
173.0
153.0
136.0
135.0
156.0
152.0
165.0
159.0
167.0
163.0
142.0
162.0
148.0
157.0
243.0
170.0
174.0
165.0
140.0
143.0
164.0
184.0
168.0
151.0
152.0
154.0
148.0
179.0
151.0
160.0
169.0
232.0
140.0
182.0
153.0
209.0
162.0
220.0
149.0
181.0
160.0
162.0
142.0
167.0
177.0
166.0
174.0
198.0
189.0
203.0
189.0
