171.0
170.0
167.0
262.0
251.0
158.0
220.0
214.0
162.0
209.0
186.0
197.0
172.0
173.0
151.0
154.0
170.0
246.0
190.0
239.0
328.0
217.0
164.0
171.0
145.0
259.0
204.0
162.0
164.0
169.0
176.0
230.0
212.0
142.0
170.0
182.0
165.0
185.0
158.0
207.0
173.0
194.0
153.0
160.0
165.0
186.0
164.0
166.0
144.0
170.0
188.0
155.0
154.0
190.0
160.0
154.0
166.0
162.0
216.0
176.0
207.0
185.0
183.0
218.0
191.0
160.0
145.0
146.0
155.0
153.0
190.0
157.0
186.0
250.0
179.0
197.0
159.0
179.0
212.0
202.0
176.0
152.0
228.0
176.0
160.0
194.0
148.0
181.0
166.0
201.0
143.0
269.0
230.0
166.0
169.0
180.0
149.0
165.0
180.0
181.0
168.0
181.0
177.0
165.0
165.0
174.0
167.0
145.0
147.0
210.0
154.0
161.0
139.0
323.0
153.0
148.0
173.0
215.0
159.0
162.0
200.0
161.0
190.0
182.0
176.0
165.0
154.0
173.0
131.0
154.0
201.0
240.0
185.0
154.0
208.0
160.0
156.0
231.0
152.0
188.0
187.0
231.0
193.0
339.0
167.0
155.0
194.0
287.0
185.0
143.0
153.0
163.0
162.0
180.0
231.0
178.0
164.0
188.0
154.0
185.0
156.0
168.0
179.0
257.0
173.0
182.0
160.0
185.0
209.0
156.0
198.0
178.0
158.0
171.0
166.0
152.0
144.0
241.0
168.0
161.0
245.0
186.0
171.0
174.0
173.0
184.0
182.0
161.0
200.0
184.0
153.0
290.0
181.0
163.0
177.0
255.0
161.0
164.0
172.0
144.0
