134.0
158.0
161.0
154.0
145.0
138.0
174.0
132.0
128.0
145.0
137.0
156.0
131.0
149.0
152.0
138.0
144.0
135.0
171.0
142.0
134.0
149.0
146.0
132.0
135.0
129.0
128.0
172.0
154.0
149.0
149.0
164.0
135.0
151.0
149.0
153.0
154.0
148.0
131.0
137.0
152.0
149.0
124.0
132.0
125.0
165.0
159.0
152.0
152.0
158.0
190.0
149.0
157.0
160.0
136.0
176.0
157.0
169.0
147.0
147.0
137.0
167.0
179.0
141.0
138.0
150.0
151.0
164.0
185.0
131.0
166.0
222.0
141.0
152.0
141.0
136.0
138.0
141.0
133.0
137.0
143.0
131.0
177.0
141.0
133.0
150.0
144.0
143.0
140.0
168.0
143.0
150.0
170.0
151.0
147.0
137.0
155.0
154.0
147.0
132.0
166.0
145.0
152.0
131.0
145.0
159.0
144.0
133.0
139.0
164.0
130.0
143.0
191.0
134.0
145.0
144.0
152.0
151.0
163.0
182.0
149.0
135.0
156.0
144.0
181.0
134.0
156.0
146.0
148.0
135.0
148.0
151.0
141.0
153.0
138.0
145.0
149.0
149.0
192.0
146.0
147.0
150.0
146.0
188.0
153.0
165.0
147.0
234.0
149.0
167.0
150.0
141.0
166.0
190.0
146.0
160.0
144.0
140.0
149.0
153.0
149.0
125.0
157.0
153.0
149.0
140.0
164.0
161.0
146.0
141.0
174.0
141.0
168.0
147.0
152.0
155.0
143.0
186.0
157.0
151.0
135.0
134.0
132.0
160.0
131.0
154.0
150.0
121.0
168.0
130.0
155.0
150.0
133.0
156.0
152.0
170.0
158.0
159.0
167.0
141.0
