267.0
253.0
240.0
239.0
230.0
254.0
260.0
235.0
250.0
273.0
250.0
233.0
268.0
282.0
236.0
283.0
268.0
290.0
305.0
265.0
214.0
221.0
235.0
261.0
231.0
220.0
254.0
251.0
253.0
271.0
312.0
283.0
226.0
278.0
243.0
217.0
249.0
266.0
271.0
245.0
306.0
220.0
264.0
231.0
244.0
242.0
267.0
258.0
271.0
221.0
276.0
254.0
249.0
216.0
302.0
234.0
267.0
263.0
257.0
274.0
275.0
274.0
265.0
241.0
255.0
250.0
213.0
282.0
257.0
256.0
254.0
288.0
288.0
234.0
265.0
245.0
218.0
232.0
253.0
238.0
234.0
248.0
258.0
265.0
248.0
249.0
258.0
239.0
226.0
269.0
234.0
256.0
220.0
264.0
261.0
220.0
220.0
254.0
260.0
254.0
315.0
280.0
270.0
284.0
256.0
241.0
235.0
235.0
267.0
218.0
280.0
283.0
231.0
236.0
283.0
345.0
299.0
253.0
277.0
257.0
378.0
258.0
250.0
257.0
276.0
255.0
243.0
281.0
256.0
245.0
224.0
243.0
262.0
254.0
257.0
268.0
287.0
271.0
253.0
307.0
236.0
232.0
268.0
267.0
248.0
210.0
316.0
294.0
281.0
287.0
246.0
283.0
264.0
295.0
252.0
289.0
248.0
265.0
273.0
297.0
243.0
268.0
247.0
239.0
238.0
226.0
238.0
226.0
255.0
245.0
277.0
268.0
301.0
250.0
278.0
241.0
235.0
232.0
242.0
275.0
279.0
227.0
289.0
307.0
245.0
300.0
237.0
262.0
249.0
264.0
281.0
244.0
269.0
246.0
228.0
289.0
279.0
236.0
222.0
277.0
