147.0
137.0
158.0
141.0
148.0
195.0
171.0
151.0
141.0
169.0
214.0
154.0
135.0
161.0
149.0
148.0
147.0
129.0
160.0
133.0
154.0
145.0
140.0
132.0
136.0
171.0
145.0
149.0
152.0
132.0
193.0
115.0
162.0
152.0
161.0
178.0
157.0
156.0
154.0
155.0
146.0
359.0
153.0
160.0
172.0
137.0
147.0
157.0
155.0
165.0
147.0
134.0
168.0
135.0
140.0
200.0
176.0
152.0
142.0
158.0
145.0
124.0
156.0
156.0
176.0
157.0
160.0
158.0
130.0
188.0
209.0
147.0
162.0
160.0
141.0
151.0
212.0
228.0
197.0
145.0
159.0
144.0
155.0
177.0
153.0
142.0
157.0
145.0
138.0
215.0
142.0
135.0
170.0
146.0
127.0
158.0
237.0
165.0
139.0
193.0
169.0
139.0
141.0
165.0
148.0
149.0
167.0
136.0
133.0
151.0
157.0
159.0
156.0
151.0
140.0
163.0
150.0
140.0
147.0
144.0
171.0
176.0
143.0
165.0
154.0
163.0
177.0
141.0
120.0
185.0
145.0
164.0
185.0
150.0
140.0
162.0
141.0
148.0
187.0
152.0
160.0
135.0
144.0
137.0
147.0
149.0
151.0
137.0
132.0
145.0
145.0
134.0
181.0
165.0
137.0
140.0
164.0
155.0
149.0
142.0
150.0
149.0
235.0
135.0
172.0
150.0
159.0
169.0
145.0
132.0
149.0
158.0
140.0
159.0
151.0
125.0
157.0
173.0
168.0
155.0
145.0
182.0
152.0
154.0
157.0
136.0
164.0
154.0
145.0
141.0
149.0
129.0
149.0
150.0
150.0
120.0
172.0
152.0
169.0
144.0
