295.0
283.0
273.0
293.0
289.0
244.0
259.0
248.0
298.0
233.0
277.0
254.0
251.0
250.0
247.0
286.0
292.0
279.0
272.0
312.0
235.0
247.0
305.0
254.0
259.0
265.0
244.0
299.0
315.0
310.0
255.0
250.0
264.0
308.0
275.0
244.0
281.0
262.0
229.0
248.0
237.0
260.0
266.0
290.0
278.0
264.0
271.0
315.0
270.0
271.0
291.0
242.0
298.0
301.0
278.0
360.0
219.0
262.0
250.0
364.0
289.0
252.0
240.0
274.0
278.0
317.0
276.0
237.0
289.0
245.0
321.0
262.0
259.0
231.0
239.0
236.0
283.0
251.0
271.0
281.0
317.0
243.0
244.0
259.0
245.0
265.0
300.0
417.0
273.0
315.0
259.0
244.0
256.0
262.0
239.0
327.0
292.0
252.0
268.0
400.0
261.0
285.0
250.0
250.0
245.0
282.0
270.0
243.0
266.0
273.0
285.0
266.0
249.0
269.0
250.0
255.0
253.0
302.0
276.0
248.0
258.0
326.0
250.0
308.0
268.0
243.0
250.0
350.0
309.0
299.0
247.0
280.0
293.0
284.0
239.0
288.0
226.0
278.0
275.0
270.0
245.0
268.0
266.0
252.0
324.0
249.0
306.0
341.0
251.0
264.0
294.0
309.0
252.0
354.0
260.0
262.0
270.0
280.0
285.0
270.0
297.0
272.0
257.0
269.0
272.0
257.0
281.0
276.0
272.0
274.0
252.0
268.0
284.0
264.0
260.0
248.0
274.0
284.0
284.0
263.0
288.0
275.0
300.0
277.0
248.0
269.0
276.0
263.0
281.0
266.0
288.0
268.0
262.0
312.0
268.0
291.0
249.0
253.0
263.0
270.0
