148.0
137.0
160.0
133.0
142.0
140.0
171.0
162.0
204.0
142.0
132.0
139.0
168.0
258.0
161.0
143.0
148.0
152.0
145.0
170.0
168.0
142.0
202.0
232.0
166.0
164.0
150.0
154.0
180.0
134.0
153.0
165.0
184.0
157.0
227.0
179.0
178.0
198.0
152.0
153.0
161.0
153.0
159.0
141.0
190.0
155.0
146.0
151.0
163.0
182.0
189.0
150.0
170.0
164.0
178.0
151.0
239.0
169.0
164.0
164.0
166.0
212.0
145.0
145.0
136.0
141.0
150.0
169.0
142.0
157.0
151.0
158.0
141.0
154.0
143.0
144.0
176.0
287.0
157.0
149.0
150.0
149.0
156.0
174.0
144.0
160.0
147.0
165.0
138.0
147.0
139.0
196.0
165.0
137.0
268.0
165.0
158.0
148.0
147.0
180.0
169.0
185.0
148.0
178.0
161.0
197.0
144.0
139.0
147.0
237.0
151.0
136.0
153.0
165.0
149.0
176.0
190.0
152.0
165.0
158.0
148.0
138.0
160.0
141.0
149.0
166.0
185.0
177.0
156.0
201.0
153.0
137.0
176.0
151.0
278.0
176.0
133.0
159.0
172.0
135.0
207.0
190.0
168.0
175.0
164.0
215.0
159.0
151.0
153.0
210.0
141.0
156.0
143.0
177.0
162.0
156.0
171.0
143.0
150.0
158.0
167.0
159.0
192.0
128.0
168.0
152.0
154.0
149.0
154.0
179.0
314.0
146.0
149.0
145.0
245.0
172.0
175.0
138.0
136.0
145.0
165.0
150.0
153.0
169.0
157.0
140.0
156.0
158.0
147.0
161.0
143.0
147.0
141.0
157.0
161.0
146.0
142.0
125.0
216.0
150.0
