235.0
344.0
308.0
261.0
252.0
262.0
275.0
255.0
267.0
352.0
292.0
265.0
299.0
277.0
261.0
271.0
262.0
237.0
255.0
250.0
246.0
241.0
268.0
280.0
275.0
256.0
283.0
295.0
245.0
309.0
262.0
279.0
269.0
266.0
265.0
275.0
276.0
308.0
231.0
257.0
286.0
268.0
264.0
297.0
257.0
317.0
256.0
249.0
436.0
280.0
266.0
259.0
267.0
253.0
238.0
371.0
304.0
299.0
254.0
235.0
230.0
271.0
364.0
279.0
286.0
355.0
246.0
315.0
252.0
302.0
256.0
264.0
249.0
298.0
285.0
303.0
316.0
310.0
326.0
255.0
256.0
287.0
309.0
230.0
260.0
259.0
326.0
251.0
226.0
270.0
248.0
238.0
229.0
250.0
247.0
290.0
269.0
272.0
321.0
283.0
282.0
259.0
273.0
229.0
419.0
260.0
272.0
266.0
267.0
271.0
265.0
277.0
247.0
281.0
260.0
226.0
279.0
277.0
245.0
248.0
304.0
244.0
276.0
238.0
259.0
267.0
274.0
245.0
298.0
269.0
276.0
208.0
279.0
253.0
295.0
301.0
285.0
239.0
285.0
267.0
305.0
241.0
293.0
254.0
249.0
272.0
245.0
255.0
331.0
299.0
263.0
278.0
267.0
257.0
294.0
284.0
257.0
248.0
273.0
290.0
261.0
278.0
267.0
312.0
267.0
269.0
300.0
356.0
263.0
252.0
361.0
285.0
257.0
280.0
247.0
265.0
283.0
265.0
292.0
301.0
300.0
274.0
244.0
272.0
321.0
281.0
274.0
270.0
245.0
263.0
320.0
221.0
260.0
245.0
317.0
267.0
268.0
247.0
313.0
387.0
