245.0
243.0
422.0
282.0
263.0
271.0
250.0
310.0
358.0
245.0
239.0
288.0
285.0
258.0
271.0
302.0
271.0
248.0
323.0
267.0
277.0
274.0
294.0
305.0
266.0
283.0
280.0
242.0
265.0
264.0
300.0
248.0
248.0
303.0
323.0
279.0
259.0
258.0
259.0
328.0
268.0
253.0
296.0
256.0
283.0
247.0
328.0
279.0
249.0
247.0
244.0
292.0
257.0
309.0
245.0
271.0
263.0
235.0
369.0
282.0
261.0
262.0
302.0
318.0
242.0
401.0
275.0
294.0
249.0
289.0
295.0
288.0
274.0
251.0
256.0
264.0
328.0
260.0
275.0
270.0
267.0
271.0
238.0
287.0
242.0
257.0
293.0
294.0
239.0
309.0
360.0
243.0
232.0
259.0
284.0
246.0
272.0
259.0
240.0
266.0
267.0
255.0
248.0
234.0
256.0
244.0
256.0
229.0
295.0
255.0
231.0
261.0
260.0
286.0
303.0
243.0
276.0
285.0
287.0
252.0
267.0
277.0
300.0
246.0
287.0
264.0
269.0
255.0
320.0
285.0
307.0
260.0
274.0
281.0
267.0
251.0
270.0
256.0
322.0
250.0
280.0
252.0
302.0
283.0
298.0
288.0
274.0
272.0
251.0
328.0
265.0
279.0
294.0
297.0
255.0
236.0
274.0
280.0
254.0
284.0
294.0
249.0
273.0
258.0
261.0
314.0
225.0
306.0
273.0
278.0
266.0
249.0
359.0
286.0
293.0
279.0
282.0
264.0
295.0
284.0
314.0
289.0
528.0
256.0
281.0
291.0
267.0
260.0
290.0
258.0
306.0
297.0
283.0
337.0
300.0
272.0
261.0
308.0
279.0
283.0
