239.0
210.0
267.0
319.0
412.0
326.0
245.0
177.0
181.0
249.0
169.0
156.0
142.0
179.0
187.0
184.0
184.0
199.0
189.0
154.0
244.0
201.0
149.0
162.0
176.0
183.0
202.0
179.0
239.0
236.0
166.0
164.0
216.0
184.0
175.0
169.0
197.0
179.0
171.0
152.0
232.0
215.0
238.0
200.0
178.0
213.0
248.0
225.0
261.0
186.0
228.0
301.0
300.0
216.0
233.0
179.0
172.0
207.0
161.0
175.0
204.0
207.0
194.0
197.0
182.0
166.0
236.0
219.0
246.0
217.0
152.0
156.0
177.0
169.0
164.0
227.0
204.0
214.0
195.0
169.0
224.0
191.0
180.0
158.0
159.0
164.0
194.0
180.0
258.0
233.0
171.0
246.0
180.0
243.0
195.0
210.0
259.0
343.0
284.0
203.0
193.0
169.0
187.0
226.0
187.0
154.0
201.0
258.0
246.0
228.0
161.0
183.0
213.0
254.0
181.0
164.0
178.0
197.0
191.0
234.0
160.0
163.0
178.0
166.0
183.0
187.0
212.0
184.0
164.0
203.0
208.0
158.0
189.0
183.0
250.0
235.0
180.0
172.0
186.0
207.0
163.0
201.0
172.0
154.0
162.0
203.0
213.0
215.0
147.0
190.0
195.0
162.0
216.0
197.0
165.0
159.0
279.0
274.0
383.0
220.0
264.0
310.0
197.0
173.0
182.0
194.0
176.0
212.0
153.0
188.0
168.0
218.0
187.0
147.0
283.0
230.0
201.0
156.0
207.0
172.0
181.0
172.0
171.0
154.0
190.0
166.0
148.0
183.0
239.0
166.0
141.0
263.0
223.0
148.0
175.0
210.0
166.0
185.0
232.0
151.0
