235.0
263.0
232.0
294.0
265.0
222.0
265.0
244.0
282.0
255.0
251.0
268.0
275.0
262.0
259.0
253.0
268.0
281.0
238.0
252.0
275.0
224.0
241.0
212.0
229.0
302.0
250.0
267.0
250.0
263.0
258.0
273.0
279.0
342.0
256.0
253.0
254.0
270.0
285.0
263.0
253.0
267.0
247.0
240.0
231.0
244.0
252.0
244.0
263.0
283.0
280.0
265.0
232.0
232.0
253.0
308.0
316.0
249.0
262.0
260.0
236.0
296.0
319.0
242.0
276.0
277.0
262.0
240.0
283.0
309.0
244.0
289.0
262.0
247.0
272.0
258.0
235.0
281.0
275.0
260.0
257.0
268.0
274.0
252.0
292.0
222.0
292.0
290.0
271.0
257.0
278.0
227.0
264.0
266.0
243.0
253.0
230.0
271.0
276.0
263.0
228.0
277.0
278.0
248.0
239.0
237.0
240.0
240.0
324.0
272.0
270.0
355.0
262.0
238.0
251.0
297.0
254.0
252.0
252.0
303.0
237.0
233.0
300.0
241.0
273.0
258.0
255.0
243.0
230.0
304.0
336.0
341.0
220.0
276.0
274.0
313.0
245.0
266.0
330.0
252.0
256.0
236.0
244.0
272.0
226.0
276.0
290.0
261.0
237.0
255.0
232.0
222.0
290.0
295.0
277.0
224.0
284.0
257.0
221.0
246.0
221.0
293.0
270.0
210.0
231.0
237.0
309.0
293.0
277.0
244.0
287.0
231.0
284.0
244.0
300.0
290.0
208.0
240.0
245.0
274.0
256.0
305.0
249.0
253.0
270.0
241.0
232.0
241.0
235.0
228.0
288.0
298.0
254.0
265.0
258.0
252.0
271.0
291.0
255.0
266.0
