175.0
172.0
184.0
218.0
175.0
193.0
169.0
170.0
163.0
185.0
169.0
181.0
227.0
211.0
143.0
179.0
153.0
191.0
154.0
181.0
176.0
222.0
204.0
201.0
191.0
214.0
167.0
174.0
206.0
398.0
275.0
243.0
258.0
194.0
180.0
191.0
147.0
184.0
158.0
149.0
204.0
157.0
198.0
166.0
182.0
152.0
173.0
219.0
299.0
254.0
180.0
162.0
146.0
157.0
135.0
227.0
232.0
322.0
238.0
196.0
170.0
172.0
176.0
202.0
141.0
166.0
175.0
154.0
220.0
203.0
147.0
164.0
225.0
206.0
202.0
199.0
259.0
217.0
194.0
170.0
169.0
175.0
160.0
158.0
194.0
282.0
208.0
224.0
180.0
168.0
179.0
184.0
198.0
160.0
139.0
186.0
176.0
193.0
234.0
216.0
174.0
169.0
305.0
261.0
277.0
224.0
186.0
188.0
203.0
202.0
187.0
202.0
144.0
180.0
170.0
210.0
176.0
172.0
159.0
171.0
163.0
199.0
233.0
175.0
269.0
209.0
225.0
183.0
166.0
170.0
170.0
245.0
175.0
229.0
255.0
214.0
188.0
204.0
154.0
167.0
232.0
193.0
172.0
182.0
148.0
188.0
154.0
222.0
238.0
157.0
176.0
188.0
230.0
175.0
215.0
194.0
155.0
168.0
155.0
173.0
172.0
226.0
189.0
173.0
209.0
167.0
208.0
189.0
227.0
203.0
150.0
190.0
171.0
218.0
259.0
283.0
308.0
253.0
203.0
163.0
271.0
398.0
285.0
199.0
177.0
170.0
171.0
197.0
176.0
180.0
157.0
148.0
268.0
142.0
163.0
159.0
210.0
148.0
172.0
176.0
