288.0
297.0
235.0
245.0
259.0
291.0
273.0
222.0
252.0
253.0
263.0
286.0
310.0
292.0
278.0
228.0
223.0
254.0
221.0
252.0
220.0
233.0
284.0
268.0
246.0
245.0
236.0
290.0
300.0
221.0
253.0
236.0
257.0
285.0
226.0
264.0
237.0
230.0
252.0
272.0
284.0
281.0
251.0
271.0
243.0
267.0
259.0
247.0
254.0
238.0
247.0
251.0
225.0
256.0
246.0
254.0
252.0
286.0
305.0
242.0
253.0
281.0
233.0
241.0
267.0
266.0
239.0
253.0
248.0
266.0
273.0
296.0
278.0
253.0
257.0
233.0
249.0
251.0
225.0
249.0
231.0
254.0
247.0
265.0
211.0
230.0
252.0
269.0
221.0
273.0
290.0
266.0
267.0
240.0
277.0
228.0
238.0
224.0
291.0
238.0
227.0
278.0
249.0
260.0
236.0
287.0
227.0
277.0
235.0
249.0
240.0
233.0
251.0
271.0
278.0
238.0
261.0
262.0
283.0
275.0
236.0
241.0
256.0
293.0
241.0
308.0
291.0
248.0
232.0
241.0
254.0
266.0
259.0
233.0
246.0
255.0
233.0
307.0
237.0
266.0
242.0
283.0
258.0
224.0
304.0
208.0
235.0
256.0
245.0
226.0
264.0
279.0
266.0
247.0
289.0
233.0
227.0
271.0
264.0
259.0
254.0
245.0
224.0
231.0
274.0
259.0
260.0
361.0
201.0
253.0
305.0
341.0
229.0
245.0
265.0
266.0
280.0
265.0
207.0
265.0
296.0
261.0
263.0
215.0
258.0
257.0
271.0
253.0
246.0
234.0
216.0
264.0
233.0
228.0
244.0
267.0
234.0
261.0
260.0
223.0
