165.0
202.0
169.0
251.0
164.0
167.0
133.0
152.0
162.0
163.0
149.0
189.0
146.0
177.0
124.0
131.0
186.0
153.0
128.0
145.0
136.0
317.0
140.0
166.0
142.0
139.0
157.0
146.0
145.0
143.0
185.0
176.0
162.0
147.0
123.0
165.0
139.0
159.0
149.0
147.0
158.0
131.0
153.0
144.0
193.0
155.0
170.0
147.0
143.0
203.0
206.0
229.0
149.0
155.0
166.0
132.0
159.0
142.0
128.0
168.0
134.0
165.0
152.0
152.0
145.0
146.0
203.0
157.0
170.0
152.0
159.0
206.0
146.0
146.0
130.0
163.0
148.0
143.0
159.0
143.0
158.0
148.0
226.0
130.0
153.0
177.0
146.0
157.0
159.0
185.0
140.0
158.0
130.0
136.0
157.0
140.0
166.0
155.0
136.0
137.0
145.0
129.0
151.0
158.0
138.0
159.0
168.0
138.0
138.0
169.0
165.0
150.0
185.0
157.0
182.0
137.0
159.0
210.0
174.0
172.0
162.0
134.0
156.0
158.0
137.0
149.0
148.0
130.0
162.0
148.0
157.0
175.0
151.0
161.0
172.0
130.0
140.0
147.0
152.0
154.0
140.0
149.0
158.0
179.0
143.0
238.0
150.0
191.0
181.0
155.0
166.0
154.0
144.0
154.0
153.0
138.0
174.0
136.0
134.0
180.0
158.0
141.0
139.0
133.0
190.0
145.0
204.0
145.0
158.0
158.0
138.0
139.0
155.0
143.0
155.0
148.0
149.0
130.0
146.0
166.0
158.0
141.0
160.0
143.0
165.0
134.0
140.0
161.0
153.0
166.0
142.0
135.0
125.0
139.0
138.0
134.0
156.0
138.0
139.0
170.0
