234.0
211.0
145.0
158.0
234.0
299.0
283.0
310.0
230.0
249.0
221.0
183.0
161.0
156.0
202.0
219.0
186.0
185.0
214.0
159.0
174.0
185.0
273.0
221.0
224.0
251.0
199.0
189.0
199.0
192.0
175.0
145.0
172.0
148.0
170.0
146.0
205.0
204.0
222.0
268.0
288.0
164.0
172.0
192.0
195.0
223.0
291.0
253.0
224.0
219.0
165.0
278.0
284.0
250.0
214.0
226.0
204.0
195.0
207.0
168.0
211.0
223.0
257.0
208.0
182.0
194.0
155.0
223.0
219.0
183.0
328.0
314.0
295.0
289.0
248.0
243.0
225.0
351.0
331.0
260.0
329.0
279.0
205.0
169.0
154.0
272.0
200.0
169.0
368.0
281.0
219.0
221.0
210.0
350.0
293.0
330.0
319.0
224.0
187.0
163.0
168.0
281.0
282.0
229.0
186.0
175.0
256.0
300.0
321.0
324.0
285.0
304.0
265.0
199.0
153.0
192.0
185.0
187.0
195.0
153.0
178.0
324.0
222.0
186.0
172.0
211.0
189.0
215.0
311.0
391.0
319.0
275.0
210.0
267.0
233.0
222.0
158.0
216.0
182.0
187.0
236.0
282.0
302.0
271.0
232.0
208.0
214.0
184.0
193.0
296.0
280.0
238.0
291.0
264.0
213.0
192.0
195.0
209.0
219.0
185.0
175.0
180.0
184.0
202.0
161.0
195.0
183.0
230.0
185.0
208.0
251.0
178.0
164.0
229.0
238.0
184.0
223.0
270.0
188.0
192.0
224.0
213.0
145.0
158.0
176.0
177.0
207.0
181.0
196.0
203.0
264.0
177.0
165.0
213.0
177.0
194.0
183.0
186.0
284.0
279.0
