139.0
138.0
136.0
156.0
157.0
144.0
141.0
145.0
127.0
143.0
156.0
155.0
158.0
154.0
165.0
133.0
152.0
161.0
142.0
173.0
142.0
150.0
173.0
158.0
163.0
140.0
129.0
134.0
144.0
150.0
149.0
169.0
153.0
162.0
139.0
141.0
160.0
148.0
128.0
151.0
144.0
182.0
168.0
132.0
136.0
158.0
169.0
161.0
133.0
131.0
138.0
143.0
134.0
163.0
178.0
140.0
145.0
163.0
115.0
140.0
216.0
151.0
162.0
166.0
130.0
140.0
153.0
151.0
153.0
139.0
147.0
153.0
145.0
150.0
149.0
158.0
166.0
148.0
143.0
170.0
143.0
149.0
186.0
150.0
140.0
148.0
168.0
149.0
155.0
142.0
152.0
138.0
148.0
171.0
144.0
146.0
170.0
139.0
144.0
139.0
134.0
166.0
146.0
126.0
153.0
126.0
146.0
150.0
132.0
163.0
125.0
157.0
147.0
142.0
144.0
152.0
136.0
135.0
149.0
138.0
161.0
130.0
153.0
161.0
186.0
153.0
149.0
156.0
145.0
129.0
147.0
134.0
140.0
164.0
189.0
129.0
158.0
135.0
137.0
151.0
127.0
190.0
132.0
144.0
139.0
143.0
223.0
123.0
135.0
138.0
186.0
149.0
164.0
157.0
144.0
147.0
156.0
181.0
131.0
145.0
168.0
140.0
131.0
138.0
126.0
151.0
155.0
160.0
159.0
161.0
160.0
132.0
147.0
133.0
159.0
152.0
156.0
145.0
190.0
144.0
145.0
137.0
154.0
124.0
154.0
142.0
163.0
165.0
177.0
177.0
133.0
136.0
162.0
167.0
150.0
186.0
153.0
159.0
138.0
130.0
