235.0
250.0
237.0
259.0
282.0
243.0
249.0
249.0
255.0
254.0
283.0
263.0
252.0
267.0
234.0
220.0
235.0
241.0
240.0
246.0
253.0
272.0
225.0
247.0
240.0
281.0
243.0
272.0
236.0
225.0
279.0
234.0
237.0
239.0
240.0
250.0
240.0
233.0
248.0
264.0
256.0
209.0
246.0
246.0
268.0
259.0
225.0
258.0
362.0
245.0
261.0
208.0
244.0
301.0
238.0
248.0
264.0
267.0
267.0
258.0
236.0
239.0
225.0
292.0
274.0
255.0
219.0
222.0
222.0
257.0
270.0
226.0
263.0
230.0
253.0
235.0
278.0
300.0
242.0
218.0
257.0
240.0
253.0
298.0
240.0
279.0
264.0
291.0
244.0
198.0
245.0
285.0
255.0
258.0
332.0
214.0
242.0
275.0
245.0
259.0
246.0
241.0
271.0
246.0
299.0
279.0
255.0
237.0
232.0
257.0
257.0
268.0
229.0
261.0
251.0
256.0
258.0
300.0
250.0
269.0
278.0
252.0
231.0
256.0
257.0
241.0
256.0
231.0
218.0
251.0
252.0
251.0
275.0
234.0
263.0
248.0
254.0
291.0
232.0
260.0
218.0
243.0
239.0
250.0
229.0
228.0
232.0
241.0
274.0
259.0
323.0
225.0
227.0
275.0
254.0
254.0
272.0
245.0
268.0
290.0
254.0
250.0
274.0
248.0
333.0
260.0
270.0
265.0
255.0
223.0
227.0
296.0
236.0
249.0
229.0
317.0
252.0
221.0
254.0
264.0
341.0
281.0
303.0
220.0
344.0
254.0
257.0
226.0
245.0
291.0
247.0
245.0
310.0
236.0
242.0
291.0
283.0
231.0
254.0
309.0
