561.0
723.0
835.0
682.0
679.0
878.0
876.0
664.0
827.0
865.0
798.0
714.0
844.0
675.0
782.0
788.0
697.0
755.0
755.0
771.0
881.0
877.0
919.0
821.0
748.0
832.0
745.0
871.0
716.0
865.0
796.0
933.0
855.0
702.0
805.0
805.0
813.0
869.0
746.0
819.0
770.0
805.0
735.0
744.0
784.0
832.0
712.0
843.0
759.0
753.0
795.0
849.0
865.0
660.0
843.0
718.0
791.0
805.0
837.0
755.0
824.0
835.0
798.0
774.0
721.0
839.0
817.0
733.0
1011.0
943.0
783.0
810.0
764.0
815.0
732.0
917.0
815.0
761.0
834.0
756.0
794.0
829.0
802.0
801.0
823.0
723.0
844.0
715.0
972.0
829.0
890.0
777.0
825.0
880.0
814.0
730.0
834.0
737.0
863.0
900.0
846.0
827.0
766.0
852.0
762.0
794.0
799.0
819.0
782.0
842.0
759.0
751.0
753.0
806.0
777.0
833.0
853.0
834.0
773.0
754.0
695.0
785.0
763.0
944.0
693.0
744.0
826.0
837.0
845.0
756.0
760.0
859.0
865.0
680.0
709.0
805.0
839.0
851.0
735.0
926.0
748.0
804.0
761.0
712.0
761.0
813.0
855.0
818.0
876.0
762.0
757.0
655.0
695.0
774.0
858.0
798.0
737.0
683.0
802.0
1037.0
717.0
827.0
775.0
784.0
795.0
856.0
871.0
842.0
835.0
669.0
841.0
823.0
937.0
710.0
837.0
778.0
860.0
751.0
753.0
674.0
866.0
800.0
779.0
682.0
763.0
806.0
1097.0
857.0
763.0
876.0
811.0
1043.0
898.0
864.0
726.0
953.0
778.0
765.0
848.0
781.0
