299.0
277.0
291.0
257.0
248.0
256.0
242.0
232.0
267.0
281.0
239.0
235.0
287.0
227.0
258.0
329.0
271.0
279.0
300.0
294.0
251.0
214.0
237.0
241.0
262.0
281.0
262.0
267.0
277.0
246.0
252.0
229.0
241.0
257.0
255.0
246.0
244.0
277.0
268.0
236.0
237.0
257.0
293.0
259.0
253.0
254.0
238.0
233.0
265.0
208.0
300.0
249.0
287.0
243.0
252.0
239.0
228.0
229.0
248.0
272.0
260.0
223.0
257.0
246.0
275.0
245.0
226.0
289.0
254.0
245.0
239.0
261.0
318.0
240.0
258.0
241.0
255.0
279.0
252.0
229.0
259.0
262.0
247.0
323.0
259.0
295.0
284.0
269.0
224.0
238.0
298.0
246.0
302.0
227.0
269.0
271.0
258.0
233.0
285.0
234.0
248.0
255.0
336.0
318.0
260.0
262.0
261.0
283.0
307.0
248.0
254.0
269.0
251.0
276.0
255.0
254.0
221.0
290.0
253.0
230.0
232.0
286.0
257.0
249.0
228.0
240.0
251.0
245.0
297.0
279.0
285.0
239.0
257.0
266.0
283.0
273.0
273.0
212.0
222.0
273.0
277.0
273.0
289.0
278.0
239.0
297.0
261.0
326.0
242.0
269.0
239.0
251.0
245.0
238.0
234.0
307.0
293.0
265.0
237.0
308.0
278.0
243.0
253.0
274.0
257.0
218.0
321.0
300.0
259.0
277.0
255.0
214.0
238.0
269.0
238.0
267.0
264.0
243.0
267.0
265.0
271.0
230.0
237.0
265.0
280.0
233.0
261.0
293.0
237.0
265.0
299.0
259.0
272.0
286.0
233.0
223.0
269.0
293.0
257.0
269.0
