152.0
141.0
170.0
151.0
147.0
132.0
144.0
198.0
154.0
153.0
143.0
153.0
133.0
165.0
144.0
129.0
167.0
150.0
136.0
176.0
156.0
162.0
148.0
151.0
167.0
138.0
159.0
163.0
137.0
154.0
129.0
152.0
177.0
149.0
150.0
156.0
136.0
171.0
166.0
138.0
156.0
156.0
165.0
138.0
144.0
138.0
140.0
139.0
158.0
140.0
164.0
163.0
144.0
135.0
134.0
169.0
138.0
138.0
145.0
148.0
150.0
142.0
141.0
150.0
140.0
185.0
152.0
136.0
171.0
167.0
153.0
176.0
157.0
173.0
162.0
164.0
123.0
175.0
150.0
154.0
179.0
168.0
148.0
144.0
136.0
159.0
142.0
156.0
146.0
153.0
163.0
151.0
167.0
136.0
140.0
159.0
153.0
150.0
142.0
152.0
141.0
164.0
150.0
163.0
174.0
145.0
153.0
148.0
150.0
146.0
162.0
138.0
156.0
163.0
141.0
196.0
145.0
190.0
166.0
153.0
255.0
150.0
191.0
128.0
143.0
135.0
161.0
141.0
150.0
215.0
152.0
142.0
143.0
139.0
156.0
139.0
166.0
124.0
169.0
144.0
168.0
148.0
138.0
140.0
135.0
163.0
148.0
165.0
172.0
149.0
183.0
144.0
139.0
168.0
159.0
172.0
174.0
152.0
139.0
154.0
146.0
137.0
162.0
146.0
157.0
139.0
174.0
164.0
142.0
146.0
146.0
140.0
146.0
132.0
149.0
190.0
132.0
139.0
159.0
135.0
153.0
149.0
150.0
148.0
174.0
176.0
141.0
196.0
177.0
181.0
151.0
133.0
141.0
141.0
167.0
134.0
115.0
127.0
137.0
141.0
