167.0
290.0
280.0
189.0
245.0
234.0
210.0
175.0
175.0
215.0
170.0
152.0
165.0
154.0
293.0
187.0
147.0
164.0
255.0
247.0
165.0
187.0
167.0
163.0
173.0
184.0
218.0
202.0
139.0
164.0
171.0
183.0
198.0
252.0
201.0
189.0
150.0
177.0
217.0
206.0
170.0
180.0
195.0
182.0
155.0
172.0
155.0
178.0
182.0
188.0
168.0
193.0
173.0
153.0
173.0
197.0
134.0
184.0
161.0
213.0
206.0
178.0
160.0
184.0
155.0
167.0
169.0
148.0
190.0
162.0
160.0
210.0
273.0
206.0
156.0
190.0
176.0
155.0
221.0
176.0
163.0
169.0
150.0
200.0
181.0
196.0
171.0
201.0
172.0
154.0
148.0
187.0
198.0
209.0
202.0
195.0
139.0
251.0
159.0
181.0
180.0
253.0
200.0
167.0
167.0
230.0
209.0
176.0
356.0
293.0
293.0
224.0
320.0
359.0
234.0
253.0
245.0
192.0
212.0
204.0
230.0
226.0
149.0
209.0
176.0
166.0
208.0
179.0
233.0
262.0
213.0
190.0
144.0
162.0
164.0
219.0
268.0
188.0
167.0
199.0
201.0
225.0
234.0
175.0
157.0
187.0
176.0
197.0
155.0
189.0
164.0
169.0
158.0
198.0
143.0
251.0
141.0
179.0
187.0
183.0
206.0
189.0
165.0
177.0
177.0
197.0
219.0
184.0
226.0
198.0
198.0
175.0
195.0
178.0
264.0
230.0
217.0
241.0
181.0
182.0
295.0
197.0
150.0
177.0
193.0
186.0
182.0
160.0
174.0
148.0
175.0
228.0
151.0
215.0
168.0
234.0
204.0
150.0
208.0
166.0
