188.0
316.0
261.0
214.0
161.0
164.0
167.0
187.0
204.0
187.0
250.0
209.0
178.0
206.0
164.0
162.0
173.0
150.0
228.0
164.0
181.0
210.0
220.0
149.0
149.0
177.0
292.0
237.0
184.0
218.0
204.0
169.0
197.0
182.0
236.0
170.0
171.0
196.0
162.0
165.0
154.0
176.0
160.0
159.0
183.0
163.0
267.0
302.0
188.0
163.0
167.0
158.0
163.0
222.0
232.0
177.0
294.0
211.0
221.0
192.0
244.0
210.0
200.0
173.0
177.0
218.0
193.0
195.0
138.0
159.0
162.0
199.0
234.0
184.0
202.0
192.0
199.0
191.0
215.0
148.0
153.0
369.0
269.0
252.0
262.0
202.0
160.0
176.0
151.0
170.0
148.0
197.0
176.0
236.0
239.0
246.0
208.0
233.0
198.0
212.0
229.0
169.0
322.0
292.0
197.0
198.0
211.0
164.0
179.0
167.0
190.0
170.0
177.0
280.0
211.0
189.0
168.0
213.0
165.0
202.0
159.0
191.0
177.0
201.0
231.0
179.0
228.0
195.0
189.0
181.0
213.0
198.0
165.0
184.0
173.0
165.0
274.0
236.0
176.0
166.0
207.0
163.0
169.0
170.0
180.0
201.0
213.0
178.0
296.0
234.0
172.0
167.0
191.0
255.0
219.0
331.0
282.0
236.0
201.0
174.0
272.0
255.0
215.0
288.0
365.0
252.0
183.0
254.0
227.0
181.0
209.0
148.0
170.0
194.0
176.0
160.0
206.0
200.0
177.0
160.0
169.0
150.0
260.0
200.0
217.0
161.0
226.0
192.0
214.0
197.0
166.0
165.0
179.0
204.0
167.0
194.0
177.0
174.0
168.0
155.0
