280.0
259.0
290.0
255.0
299.0
238.0
263.0
250.0
238.0
263.0
296.0
298.0
243.0
274.0
237.0
267.0
283.0
240.0
265.0
260.0
301.0
255.0
264.0
232.0
238.0
272.0
310.0
233.0
271.0
299.0
245.0
277.0
289.0
301.0
261.0
334.0
266.0
296.0
256.0
266.0
236.0
237.0
227.0
256.0
257.0
242.0
274.0
225.0
260.0
284.0
319.0
272.0
241.0
266.0
257.0
222.0
305.0
308.0
305.0
233.0
318.0
233.0
263.0
296.0
300.0
239.0
234.0
253.0
290.0
253.0
278.0
266.0
257.0
245.0
323.0
269.0
270.0
262.0
223.0
246.0
330.0
245.0
307.0
267.0
268.0
274.0
252.0
282.0
252.0
247.0
293.0
244.0
310.0
268.0
294.0
310.0
288.0
253.0
269.0
243.0
289.0
301.0
337.0
260.0
244.0
288.0
285.0
268.0
237.0
260.0
283.0
249.0
289.0
269.0
276.0
239.0
319.0
354.0
253.0
252.0
240.0
298.0
323.0
233.0
234.0
241.0
252.0
257.0
272.0
255.0
264.0
284.0
241.0
273.0
264.0
298.0
278.0
245.0
291.0
265.0
265.0
242.0
278.0
219.0
251.0
283.0
328.0
300.0
271.0
289.0
234.0
251.0
254.0
266.0
262.0
232.0
227.0
260.0
292.0
265.0
286.0
276.0
284.0
376.0
284.0
244.0
302.0
291.0
241.0
279.0
273.0
281.0
250.0
243.0
264.0
310.0
263.0
262.0
282.0
235.0
298.0
260.0
270.0
244.0
255.0
283.0
264.0
242.0
247.0
272.0
216.0
265.0
249.0
246.0
265.0
265.0
273.0
263.0
234.0
273.0
