267.0
263.0
275.0
256.0
275.0
289.0
258.0
261.0
247.0
277.0
255.0
242.0
262.0
303.0
283.0
334.0
259.0
278.0
228.0
285.0
282.0
312.0
287.0
241.0
208.0
278.0
248.0
302.0
237.0
280.0
230.0
225.0
281.0
266.0
243.0
279.0
280.0
256.0
221.0
252.0
257.0
254.0
238.0
285.0
231.0
267.0
263.0
238.0
295.0
247.0
252.0
222.0
274.0
237.0
277.0
243.0
307.0
234.0
237.0
278.0
264.0
297.0
263.0
282.0
247.0
269.0
305.0
343.0
249.0
279.0
261.0
241.0
289.0
239.0
225.0
278.0
275.0
242.0
290.0
257.0
327.0
266.0
258.0
270.0
235.0
280.0
266.0
260.0
275.0
272.0
225.0
277.0
227.0
264.0
264.0
241.0
271.0
277.0
251.0
249.0
269.0
273.0
241.0
258.0
272.0
293.0
308.0
257.0
253.0
291.0
269.0
239.0
270.0
259.0
263.0
260.0
251.0
290.0
237.0
274.0
243.0
227.0
245.0
317.0
237.0
233.0
257.0
275.0
266.0
266.0
267.0
271.0
303.0
251.0
285.0
280.0
269.0
267.0
247.0
298.0
295.0
229.0
280.0
257.0
263.0
248.0
260.0
255.0
280.0
265.0
248.0
257.0
282.0
260.0
243.0
269.0
262.0
232.0
337.0
278.0
278.0
284.0
233.0
249.0
258.0
258.0
269.0
235.0
260.0
228.0
250.0
307.0
270.0
282.0
280.0
306.0
276.0
270.0
222.0
285.0
281.0
238.0
285.0
289.0
262.0
262.0
257.0
236.0
302.0
259.0
251.0
260.0
237.0
240.0
339.0
280.0
282.0
271.0
252.0
249.0
