234.0
235.0
250.0
312.0
284.0
230.0
318.0
209.0
244.0
237.0
279.0
248.0
247.0
255.0
208.0
244.0
276.0
249.0
246.0
219.0
236.0
323.0
254.0
248.0
289.0
249.0
276.0
251.0
269.0
242.0
338.0
285.0
279.0
239.0
237.0
265.0
244.0
232.0
227.0
282.0
267.0
293.0
265.0
268.0
256.0
307.0
248.0
242.0
268.0
319.0
267.0
251.0
284.0
259.0
238.0
238.0
226.0
250.0
245.0
222.0
262.0
277.0
247.0
229.0
286.0
277.0
289.0
238.0
305.0
312.0
274.0
229.0
256.0
296.0
243.0
248.0
321.0
268.0
252.0
246.0
277.0
324.0
262.0
253.0
275.0
302.0
240.0
222.0
271.0
259.0
258.0
239.0
326.0
281.0
230.0
237.0
301.0
257.0
259.0
304.0
223.0
220.0
246.0
270.0
264.0
231.0
288.0
233.0
237.0
245.0
261.0
244.0
254.0
286.0
260.0
279.0
226.0
274.0
246.0
231.0
247.0
227.0
246.0
232.0
241.0
242.0
289.0
309.0
288.0
271.0
247.0
229.0
217.0
249.0
287.0
284.0
254.0
244.0
277.0
241.0
278.0
280.0
259.0
201.0
230.0
240.0
315.0
241.0
263.0
274.0
253.0
264.0
292.0
233.0
286.0
276.0
262.0
316.0
286.0
253.0
237.0
294.0
266.0
230.0
278.0
226.0
249.0
260.0
255.0
245.0
244.0
320.0
271.0
304.0
349.0
236.0
269.0
271.0
242.0
258.0
266.0
291.0
257.0
285.0
263.0
240.0
309.0
300.0
249.0
304.0
266.0
261.0
220.0
244.0
241.0
259.0
233.0
252.0
243.0
271.0
