163.0
154.0
135.0
141.0
140.0
148.0
164.0
154.0
127.0
143.0
149.0
161.0
173.0
157.0
153.0
130.0
127.0
129.0
145.0
127.0
146.0
143.0
149.0
126.0
161.0
141.0
151.0
135.0
141.0
139.0
147.0
160.0
168.0
128.0
143.0
146.0
146.0
161.0
131.0
141.0
150.0
132.0
143.0
148.0
154.0
163.0
158.0
158.0
140.0
142.0
149.0
139.0
153.0
148.0
148.0
144.0
135.0
140.0
145.0
143.0
150.0
129.0
149.0
145.0
140.0
144.0
143.0
183.0
156.0
135.0
139.0
145.0
159.0
139.0
150.0
152.0
162.0
144.0
138.0
156.0
166.0
134.0
145.0
133.0
156.0
126.0
144.0
146.0
136.0
133.0
140.0
143.0
139.0
128.0
141.0
174.0
132.0
144.0
142.0
138.0
151.0
122.0
143.0
133.0
145.0
150.0
127.0
130.0
194.0
163.0
150.0
141.0
151.0
146.0
156.0
137.0
131.0
129.0
164.0
136.0
146.0
130.0
139.0
157.0
145.0
141.0
147.0
154.0
135.0
161.0
130.0
157.0
135.0
141.0
137.0
135.0
142.0
143.0
135.0
154.0
156.0
136.0
162.0
149.0
151.0
160.0
157.0
137.0
145.0
171.0
141.0
166.0
136.0
174.0
153.0
164.0
133.0
137.0
141.0
148.0
151.0
148.0
140.0
146.0
133.0
135.0
137.0
138.0
158.0
146.0
130.0
171.0
138.0
144.0
150.0
120.0
132.0
134.0
140.0
129.0
150.0
129.0
158.0
150.0
139.0
162.0
133.0
130.0
152.0
144.0
149.0
147.0
143.0
144.0
141.0
129.0
163.0
148.0
165.0
202.0
