127.0
128.0
144.0
145.0
126.0
134.0
151.0
140.0
139.0
135.0
146.0
160.0
163.0
151.0
145.0
146.0
130.0
144.0
149.0
135.0
132.0
143.0
147.0
155.0
160.0
158.0
141.0
149.0
162.0
140.0
135.0
146.0
143.0
150.0
149.0
141.0
143.0
162.0
161.0
133.0
151.0
152.0
143.0
152.0
165.0
144.0
134.0
156.0
147.0
136.0
134.0
137.0
129.0
175.0
138.0
150.0
131.0
143.0
145.0
153.0
132.0
127.0
156.0
130.0
162.0
145.0
139.0
136.0
156.0
130.0
136.0
158.0
163.0
146.0
141.0
157.0
142.0
135.0
162.0
153.0
158.0
134.0
141.0
142.0
135.0
157.0
161.0
152.0
160.0
138.0
170.0
173.0
154.0
142.0
134.0
136.0
142.0
143.0
149.0
148.0
141.0
173.0
135.0
137.0
159.0
171.0
149.0
121.0
133.0
149.0
160.0
135.0
152.0
150.0
144.0
155.0
147.0
203.0
115.0
144.0
222.0
151.0
129.0
149.0
147.0
158.0
131.0
138.0
167.0
149.0
146.0
153.0
144.0
148.0
161.0
134.0
149.0
139.0
134.0
149.0
128.0
154.0
149.0
140.0
149.0
152.0
139.0
147.0
140.0
132.0
123.0
148.0
164.0
174.0
154.0
145.0
153.0
151.0
143.0
155.0
128.0
143.0
149.0
132.0
146.0
152.0
148.0
130.0
143.0
149.0
149.0
151.0
126.0
152.0
160.0
132.0
146.0
143.0
143.0
155.0
177.0
135.0
169.0
139.0
146.0
157.0
132.0
146.0
132.0
130.0
147.0
131.0
119.0
138.0
144.0
134.0
151.0
168.0
133.0
150.0
