259.0
254.0
221.0
242.0
257.0
233.0
258.0
291.0
268.0
226.0
225.0
269.0
254.0
324.0
243.0
293.0
250.0
257.0
280.0
227.0
281.0
264.0
251.0
233.0
228.0
274.0
252.0
237.0
314.0
247.0
259.0
263.0
255.0
247.0
281.0
253.0
238.0
294.0
289.0
271.0
245.0
289.0
299.0
246.0
271.0
234.0
296.0
276.0
231.0
312.0
303.0
240.0
221.0
276.0
267.0
250.0
246.0
259.0
254.0
250.0
244.0
266.0
231.0
260.0
261.0
257.0
288.0
288.0
243.0
239.0
241.0
261.0
254.0
239.0
270.0
297.0
308.0
243.0
245.0
238.0
254.0
217.0
352.0
274.0
297.0
271.0
277.0
251.0
296.0
271.0
245.0
245.0
244.0
270.0
242.0
266.0
268.0
281.0
231.0
292.0
247.0
302.0
282.0
241.0
303.0
262.0
217.0
273.0
281.0
312.0
267.0
272.0
274.0
220.0
239.0
258.0
272.0
263.0
285.0
254.0
293.0
279.0
261.0
239.0
302.0
285.0
255.0
245.0
271.0
262.0
263.0
265.0
241.0
270.0
250.0
259.0
251.0
278.0
244.0
249.0
292.0
263.0
253.0
233.0
307.0
352.0
237.0
272.0
250.0
308.0
240.0
266.0
237.0
244.0
306.0
288.0
333.0
224.0
253.0
254.0
265.0
280.0
237.0
236.0
256.0
284.0
260.0
296.0
254.0
346.0
233.0
317.0
243.0
232.0
280.0
257.0
255.0
244.0
237.0
270.0
291.0
269.0
226.0
306.0
299.0
250.0
292.0
264.0
270.0
277.0
223.0
227.0
258.0
283.0
260.0
217.0
252.0
261.0
249.0
287.0
