228.0
258.0
332.0
298.0
217.0
197.0
159.0
229.0
173.0
194.0
202.0
160.0
182.0
222.0
302.0
250.0
247.0
234.0
230.0
276.0
277.0
252.0
260.0
222.0
200.0
170.0
197.0
239.0
248.0
223.0
176.0
170.0
229.0
281.0
302.0
263.0
205.0
199.0
226.0
208.0
208.0
203.0
219.0
229.0
198.0
204.0
193.0
177.0
200.0
213.0
239.0
187.0
185.0
194.0
182.0
218.0
287.0
244.0
299.0
336.0
283.0
272.0
253.0
297.0
311.0
261.0
205.0
205.0
190.0
272.0
209.0
179.0
216.0
195.0
195.0
197.0
192.0
180.0
204.0
242.0
244.0
255.0
225.0
283.0
282.0
281.0
328.0
255.0
225.0
188.0
193.0
236.0
252.0
183.0
164.0
167.0
248.0
337.0
290.0
238.0
220.0
191.0
240.0
198.0
180.0
196.0
210.0
197.0
198.0
216.0
220.0
187.0
299.0
271.0
184.0
217.0
243.0
257.0
258.0
297.0
262.0
377.0
329.0
344.0
313.0
200.0
247.0
182.0
363.0
341.0
319.0
303.0
261.0
246.0
203.0
184.0
191.0
283.0
277.0
277.0
252.0
217.0
201.0
220.0
262.0
258.0
237.0
195.0
195.0
207.0
171.0
192.0
217.0
187.0
169.0
202.0
177.0
293.0
296.0
270.0
260.0
269.0
232.0
171.0
196.0
236.0
259.0
228.0
243.0
322.0
318.0
287.0
266.0
252.0
197.0
255.0
226.0
314.0
316.0
239.0
512.0
402.0
364.0
311.0
288.0
213.0
251.0
233.0
216.0
179.0
256.0
178.0
223.0
243.0
193.0
197.0
272.0
254.0
282.0
344.0
