325.0
243.0
257.0
244.0
325.0
237.0
316.0
289.0
284.0
244.0
300.0
241.0
281.0
278.0
301.0
248.0
252.0
277.0
319.0
278.0
275.0
299.0
277.0
239.0
249.0
253.0
266.0
235.0
376.0
280.0
291.0
232.0
232.0
248.0
308.0
274.0
273.0
278.0
311.0
263.0
342.0
231.0
338.0
257.0
260.0
257.0
245.0
259.0
261.0
268.0
334.0
266.0
288.0
254.0
258.0
361.0
271.0
276.0
227.0
321.0
261.0
251.0
258.0
263.0
284.0
297.0
260.0
244.0
263.0
266.0
269.0
273.0
347.0
285.0
261.0
242.0
236.0
279.0
244.0
261.0
335.0
269.0
291.0
247.0
289.0
240.0
275.0
241.0
275.0
239.0
260.0
329.0
301.0
219.0
270.0
323.0
258.0
264.0
272.0
238.0
279.0
307.0
255.0
259.0
270.0
242.0
298.0
265.0
238.0
241.0
289.0
279.0
264.0
246.0
281.0
275.0
242.0
252.0
275.0
255.0
321.0
266.0
298.0
283.0
232.0
247.0
260.0
244.0
303.0
303.0
298.0
264.0
295.0
270.0
218.0
260.0
261.0
288.0
300.0
257.0
236.0
246.0
292.0
314.0
241.0
251.0
256.0
269.0
277.0
224.0
262.0
252.0
283.0
281.0
273.0
241.0
236.0
304.0
273.0
266.0
289.0
245.0
277.0
270.0
282.0
272.0
291.0
273.0
250.0
310.0
253.0
218.0
263.0
249.0
276.0
230.0
267.0
273.0
263.0
290.0
264.0
306.0
271.0
283.0
257.0
284.0
285.0
254.0
263.0
295.0
263.0
226.0
315.0
251.0
256.0
263.0
269.0
264.0
239.0
265.0
