287.0
252.0
279.0
287.0
281.0
251.0
235.0
244.0
266.0
255.0
270.0
262.0
254.0
271.0
257.0
252.0
216.0
236.0
296.0
277.0
273.0
285.0
288.0
261.0
289.0
277.0
246.0
282.0
226.0
254.0
237.0
254.0
323.0
235.0
254.0
265.0
234.0
291.0
282.0
259.0
292.0
231.0
246.0
245.0
278.0
276.0
266.0
245.0
296.0
230.0
236.0
243.0
225.0
311.0
260.0
268.0
296.0
281.0
216.0
241.0
281.0
237.0
218.0
241.0
242.0
223.0
247.0
354.0
255.0
226.0
247.0
246.0
305.0
324.0
341.0
272.0
220.0
270.0
253.0
273.0
250.0
278.0
250.0
236.0
231.0
237.0
263.0
283.0
236.0
245.0
261.0
287.0
242.0
270.0
282.0
276.0
232.0
227.0
294.0
326.0
266.0
274.0
268.0
263.0
246.0
259.0
265.0
276.0
270.0
272.0
227.0
254.0
252.0
234.0
283.0
226.0
227.0
254.0
281.0
266.0
295.0
242.0
248.0
277.0
264.0
290.0
322.0
264.0
233.0
281.0
259.0
309.0
294.0
290.0
233.0
300.0
290.0
238.0
297.0
253.0
238.0
295.0
257.0
222.0
245.0
223.0
275.0
247.0
293.0
227.0
260.0
314.0
267.0
234.0
258.0
279.0
239.0
277.0
239.0
226.0
255.0
259.0
276.0
254.0
249.0
268.0
228.0
259.0
252.0
242.0
273.0
254.0
307.0
251.0
280.0
242.0
266.0
208.0
270.0
259.0
255.0
216.0
222.0
254.0
259.0
313.0
245.0
281.0
261.0
263.0
262.0
288.0
272.0
254.0
294.0
251.0
249.0
245.0
315.0
304.0
