142.0
133.0
154.0
157.0
143.0
147.0
140.0
135.0
143.0
150.0
145.0
146.0
173.0
138.0
135.0
150.0
153.0
142.0
166.0
133.0
145.0
136.0
142.0
137.0
175.0
142.0
122.0
146.0
195.0
144.0
151.0
137.0
126.0
146.0
139.0
143.0
136.0
162.0
150.0
138.0
141.0
158.0
156.0
154.0
164.0
138.0
142.0
150.0
134.0
134.0
156.0
137.0
121.0
146.0
150.0
162.0
152.0
143.0
132.0
147.0
179.0
202.0
151.0
157.0
119.0
166.0
176.0
143.0
125.0
149.0
151.0
137.0
140.0
139.0
147.0
137.0
149.0
127.0
154.0
145.0
151.0
139.0
162.0
148.0
130.0
161.0
149.0
150.0
167.0
152.0
124.0
145.0
130.0
176.0
157.0
181.0
161.0
129.0
119.0
148.0
151.0
165.0
149.0
190.0
156.0
140.0
144.0
139.0
140.0
138.0
164.0
156.0
156.0
150.0
148.0
166.0
157.0
145.0
123.0
165.0
143.0
148.0
154.0
135.0
146.0
135.0
153.0
126.0
139.0
157.0
144.0
206.0
145.0
134.0
157.0
142.0
142.0
146.0
151.0
124.0
146.0
169.0
127.0
140.0
146.0
154.0
163.0
168.0
155.0
146.0
156.0
167.0
169.0
148.0
148.0
131.0
134.0
118.0
139.0
157.0
167.0
146.0
158.0
156.0
139.0
130.0
148.0
160.0
145.0
130.0
160.0
160.0
143.0
148.0
149.0
152.0
169.0
140.0
173.0
186.0
141.0
144.0
136.0
146.0
143.0
133.0
146.0
148.0
161.0
161.0
135.0
133.0
134.0
148.0
147.0
140.0
148.0
130.0
156.0
165.0
