326.0
236.0
304.0
291.0
252.0
318.0
278.0
254.0
346.0
264.0
290.0
276.0
336.0
251.0
253.0
272.0
299.0
244.0
237.0
275.0
240.0
265.0
255.0
273.0
267.0
268.0
258.0
255.0
267.0
316.0
264.0
228.0
277.0
262.0
252.0
239.0
300.0
290.0
267.0
271.0
319.0
311.0
267.0
268.0
260.0
269.0
277.0
273.0
255.0
290.0
299.0
279.0
285.0
257.0
234.0
256.0
265.0
247.0
272.0
350.0
255.0
252.0
325.0
276.0
250.0
305.0
273.0
304.0
251.0
304.0
278.0
298.0
276.0
263.0
261.0
346.0
308.0
265.0
244.0
270.0
284.0
272.0
276.0
276.0
279.0
248.0
315.0
289.0
263.0
264.0
264.0
525.0
248.0
233.0
247.0
279.0
232.0
280.0
283.0
259.0
305.0
298.0
275.0
272.0
258.0
252.0
267.0
265.0
281.0
302.0
302.0
235.0
260.0
249.0
243.0
292.0
270.0
258.0
238.0
325.0
296.0
287.0
277.0
307.0
239.0
287.0
262.0
311.0
291.0
305.0
338.0
247.0
273.0
258.0
262.0
255.0
296.0
249.0
235.0
335.0
250.0
317.0
269.0
284.0
277.0
264.0
353.0
236.0
274.0
316.0
281.0
314.0
269.0
264.0
263.0
261.0
246.0
292.0
258.0
249.0
261.0
266.0
258.0
288.0
284.0
284.0
275.0
275.0
255.0
273.0
279.0
274.0
244.0
301.0
253.0
294.0
254.0
298.0
257.0
287.0
268.0
305.0
270.0
281.0
263.0
257.0
305.0
276.0
287.0
258.0
248.0
263.0
298.0
267.0
318.0
390.0
269.0
263.0
316.0
346.0
