264.0
226.0
233.0
262.0
336.0
258.0
232.0
279.0
246.0
272.0
210.0
270.0
278.0
253.0
227.0
238.0
256.0
280.0
247.0
262.0
266.0
240.0
226.0
277.0
233.0
215.0
282.0
246.0
255.0
218.0
282.0
234.0
269.0
257.0
284.0
244.0
268.0
256.0
293.0
316.0
253.0
245.0
240.0
295.0
320.0
289.0
240.0
275.0
281.0
230.0
237.0
221.0
256.0
237.0
275.0
243.0
291.0
256.0
274.0
237.0
280.0
258.0
275.0
300.0
252.0
241.0
249.0
257.0
237.0
258.0
212.0
257.0
293.0
259.0
258.0
279.0
253.0
256.0
270.0
235.0
219.0
264.0
226.0
261.0
272.0
298.0
294.0
286.0
283.0
250.0
224.0
266.0
276.0
266.0
243.0
284.0
235.0
245.0
289.0
212.0
260.0
250.0
259.0
284.0
289.0
254.0
251.0
254.0
250.0
361.0
241.0
240.0
240.0
236.0
307.0
262.0
255.0
228.0
305.0
273.0
311.0
245.0
258.0
303.0
252.0
247.0
287.0
249.0
258.0
247.0
341.0
238.0
265.0
272.0
272.0
271.0
261.0
266.0
229.0
271.0
325.0
259.0
258.0
298.0
275.0
211.0
234.0
237.0
270.0
262.0
259.0
256.0
250.0
270.0
240.0
279.0
295.0
239.0
236.0
215.0
240.0
274.0
263.0
308.0
265.0
285.0
230.0
244.0
260.0
226.0
259.0
252.0
283.0
250.0
243.0
283.0
301.0
266.0
258.0
262.0
293.0
280.0
288.0
294.0
264.0
262.0
261.0
256.0
242.0
288.0
234.0
252.0
269.0
248.0
244.0
269.0
234.0
255.0
241.0
283.0
