321.0
349.0
256.0
260.0
289.0
268.0
308.0
324.0
255.0
337.0
347.0
283.0
270.0
276.0
300.0
277.0
228.0
290.0
263.0
308.0
250.0
231.0
245.0
261.0
232.0
258.0
295.0
363.0
305.0
275.0
255.0
266.0
246.0
269.0
278.0
352.0
258.0
251.0
261.0
254.0
289.0
256.0
276.0
240.0
318.0
293.0
236.0
255.0
264.0
291.0
250.0
279.0
273.0
294.0
285.0
271.0
259.0
268.0
281.0
275.0
267.0
283.0
257.0
271.0
263.0
270.0
260.0
311.0
281.0
280.0
261.0
239.0
257.0
276.0
238.0
268.0
255.0
274.0
235.0
258.0
283.0
265.0
266.0
273.0
269.0
363.0
231.0
332.0
223.0
316.0
262.0
259.0
243.0
275.0
278.0
266.0
243.0
292.0
246.0
263.0
280.0
281.0
222.0
268.0
277.0
252.0
306.0
324.0
318.0
292.0
258.0
258.0
252.0
266.0
298.0
258.0
276.0
383.0
288.0
262.0
240.0
258.0
270.0
338.0
248.0
242.0
244.0
271.0
300.0
264.0
264.0
268.0
253.0
255.0
282.0
241.0
250.0
276.0
267.0
267.0
258.0
263.0
271.0
261.0
322.0
231.0
245.0
284.0
268.0
285.0
240.0
221.0
255.0
301.0
252.0
259.0
308.0
271.0
270.0
289.0
288.0
236.0
265.0
273.0
254.0
247.0
269.0
263.0
274.0
269.0
236.0
230.0
267.0
284.0
262.0
269.0
290.0
306.0
258.0
308.0
256.0
272.0
290.0
266.0
277.0
391.0
240.0
256.0
263.0
270.0
252.0
251.0
318.0
249.0
261.0
274.0
248.0
325.0
273.0
260.0
