242.0
268.0
252.0
288.0
299.0
239.0
303.0
239.0
266.0
336.0
259.0
260.0
288.0
275.0
263.0
309.0
227.0
275.0
311.0
257.0
256.0
269.0
245.0
256.0
280.0
250.0
362.0
281.0
238.0
301.0
273.0
282.0
296.0
255.0
260.0
276.0
265.0
346.0
299.0
245.0
249.0
248.0
287.0
291.0
280.0
272.0
311.0
371.0
291.0
278.0
278.0
303.0
252.0
258.0
342.0
319.0
300.0
267.0
296.0
244.0
249.0
242.0
263.0
251.0
279.0
347.0
248.0
271.0
220.0
267.0
261.0
273.0
292.0
306.0
261.0
257.0
296.0
319.0
274.0
262.0
264.0
267.0
331.0
283.0
252.0
282.0
323.0
261.0
297.0
281.0
292.0
376.0
263.0
300.0
281.0
297.0
255.0
285.0
384.0
256.0
299.0
232.0
301.0
283.0
340.0
277.0
243.0
247.0
269.0
339.0
231.0
243.0
262.0
275.0
284.0
267.0
226.0
280.0
262.0
282.0
287.0
263.0
242.0
305.0
289.0
247.0
303.0
293.0
320.0
251.0
248.0
307.0
285.0
292.0
266.0
323.0
307.0
284.0
360.0
312.0
257.0
282.0
262.0
260.0
242.0
254.0
230.0
268.0
306.0
281.0
316.0
258.0
238.0
284.0
246.0
310.0
297.0
229.0
319.0
269.0
240.0
271.0
271.0
276.0
249.0
238.0
315.0
265.0
235.0
242.0
272.0
377.0
244.0
248.0
287.0
297.0
308.0
254.0
261.0
275.0
282.0
261.0
246.0
310.0
284.0
261.0
332.0
238.0
225.0
224.0
261.0
277.0
314.0
292.0
264.0
288.0
257.0
250.0
307.0
315.0
