268.0
269.0
257.0
245.0
208.0
254.0
238.0
237.0
300.0
254.0
247.0
253.0
274.0
273.0
275.0
241.0
243.0
268.0
264.0
282.0
252.0
270.0
262.0
327.0
238.0
233.0
255.0
235.0
243.0
235.0
275.0
255.0
275.0
306.0
249.0
248.0
240.0
227.0
273.0
251.0
230.0
220.0
272.0
360.0
257.0
250.0
281.0
264.0
255.0
230.0
304.0
269.0
222.0
274.0
234.0
225.0
275.0
252.0
260.0
232.0
267.0
262.0
272.0
293.0
270.0
291.0
263.0
297.0
277.0
237.0
229.0
243.0
269.0
308.0
285.0
273.0
293.0
267.0
273.0
289.0
266.0
239.0
277.0
239.0
271.0
242.0
261.0
266.0
212.0
253.0
285.0
222.0
244.0
248.0
255.0
230.0
251.0
252.0
229.0
234.0
308.0
270.0
266.0
278.0
259.0
234.0
239.0
229.0
235.0
245.0
245.0
258.0
232.0
221.0
255.0
206.0
239.0
296.0
314.0
227.0
272.0
278.0
255.0
244.0
253.0
284.0
253.0
317.0
271.0
249.0
254.0
240.0
239.0
267.0
227.0
260.0
245.0
243.0
240.0
269.0
244.0
272.0
292.0
247.0
282.0
300.0
307.0
249.0
243.0
221.0
227.0
292.0
259.0
284.0
263.0
262.0
268.0
256.0
317.0
242.0
241.0
242.0
256.0
261.0
255.0
268.0
333.0
255.0
269.0
265.0
283.0
223.0
271.0
221.0
295.0
308.0
240.0
309.0
222.0
287.0
323.0
285.0
235.0
259.0
286.0
242.0
254.0
247.0
295.0
257.0
253.0
255.0
250.0
223.0
297.0
296.0
267.0
284.0
226.0
293.0
