148.0
187.0
176.0
190.0
150.0
151.0
232.0
147.0
204.0
153.0
173.0
137.0
169.0
161.0
178.0
165.0
210.0
161.0
159.0
160.0
177.0
192.0
147.0
160.0
191.0
143.0
194.0
299.0
159.0
197.0
139.0
153.0
195.0
163.0
169.0
175.0
179.0
151.0
152.0
167.0
178.0
217.0
217.0
281.0
168.0
147.0
187.0
148.0
153.0
161.0
183.0
201.0
222.0
184.0
167.0
156.0
150.0
161.0
178.0
192.0
153.0
150.0
148.0
224.0
212.0
157.0
158.0
179.0
178.0
173.0
325.0
193.0
136.0
149.0
159.0
155.0
177.0
168.0
211.0
183.0
164.0
175.0
173.0
161.0
233.0
177.0
232.0
160.0
197.0
172.0
169.0
160.0
169.0
237.0
210.0
191.0
175.0
197.0
145.0
153.0
162.0
208.0
216.0
225.0
165.0
298.0
161.0
139.0
199.0
157.0
146.0
170.0
165.0
210.0
188.0
159.0
166.0
186.0
146.0
191.0
149.0
193.0
169.0
160.0
175.0
161.0
175.0
165.0
203.0
187.0
162.0
160.0
145.0
142.0
175.0
174.0
143.0
235.0
174.0
179.0
170.0
158.0
185.0
146.0
193.0
183.0
203.0
277.0
180.0
190.0
229.0
162.0
191.0
321.0
230.0
147.0
187.0
186.0
170.0
171.0
176.0
159.0
154.0
166.0
179.0
174.0
165.0
246.0
189.0
172.0
159.0
192.0
183.0
155.0
157.0
136.0
159.0
243.0
254.0
168.0
153.0
242.0
195.0
185.0
266.0
256.0
172.0
232.0
179.0
166.0
152.0
135.0
185.0
226.0
270.0
170.0
192.0
176.0
141.0
149.0
