247.0
276.0
310.0
275.0
231.0
278.0
290.0
278.0
236.0
278.0
254.0
261.0
274.0
253.0
244.0
282.0
240.0
235.0
256.0
242.0
270.0
251.0
248.0
268.0
249.0
336.0
255.0
270.0
285.0
266.0
250.0
226.0
262.0
250.0
229.0
251.0
253.0
258.0
240.0
262.0
224.0
288.0
259.0
240.0
289.0
329.0
291.0
231.0
231.0
246.0
241.0
361.0
252.0
265.0
227.0
281.0
258.0
267.0
247.0
243.0
235.0
246.0
283.0
232.0
291.0
241.0
264.0
312.0
254.0
285.0
251.0
275.0
285.0
276.0
275.0
377.0
299.0
234.0
241.0
245.0
260.0
241.0
243.0
271.0
231.0
276.0
252.0
300.0
254.0
249.0
250.0
245.0
277.0
241.0
256.0
252.0
240.0
343.0
248.0
244.0
264.0
222.0
222.0
255.0
225.0
231.0
258.0
269.0
270.0
245.0
274.0
295.0
250.0
253.0
307.0
307.0
246.0
293.0
264.0
234.0
303.0
249.0
289.0
261.0
268.0
240.0
266.0
254.0
283.0
240.0
286.0
257.0
246.0
317.0
292.0
275.0
257.0
244.0
341.0
233.0
249.0
256.0
231.0
281.0
246.0
241.0
267.0
243.0
233.0
262.0
246.0
310.0
293.0
294.0
250.0
274.0
246.0
315.0
248.0
246.0
242.0
272.0
235.0
308.0
324.0
266.0
237.0
290.0
280.0
303.0
276.0
320.0
301.0
255.0
244.0
275.0
222.0
269.0
257.0
245.0
257.0
232.0
252.0
274.0
268.0
270.0
252.0
254.0
271.0
311.0
308.0
267.0
226.0
270.0
238.0
263.0
259.0
252.0
284.0
220.0
