271.0
270.0
231.0
241.0
246.0
247.0
268.0
298.0
228.0
259.0
272.0
296.0
236.0
304.0
255.0
234.0
244.0
245.0
254.0
337.0
245.0
228.0
232.0
239.0
251.0
223.0
255.0
288.0
232.0
244.0
275.0
276.0
256.0
256.0
264.0
275.0
219.0
201.0
258.0
243.0
253.0
260.0
254.0
229.0
292.0
255.0
266.0
227.0
229.0
245.0
294.0
287.0
261.0
235.0
235.0
233.0
266.0
285.0
231.0
251.0
266.0
335.0
241.0
248.0
303.0
280.0
246.0
263.0
227.0
273.0
287.0
258.0
292.0
243.0
277.0
278.0
244.0
335.0
284.0
246.0
246.0
248.0
247.0
231.0
227.0
294.0
246.0
253.0
226.0
229.0
241.0
279.0
243.0
217.0
276.0
286.0
277.0
245.0
254.0
299.0
252.0
268.0
309.0
310.0
267.0
231.0
232.0
279.0
254.0
232.0
248.0
289.0
289.0
273.0
246.0
239.0
232.0
258.0
238.0
250.0
218.0
223.0
241.0
224.0
276.0
314.0
302.0
294.0
256.0
250.0
263.0
247.0
254.0
267.0
279.0
243.0
259.0
310.0
279.0
238.0
258.0
358.0
287.0
250.0
258.0
264.0
280.0
281.0
295.0
258.0
253.0
226.0
277.0
246.0
247.0
255.0
267.0
244.0
250.0
293.0
233.0
243.0
236.0
245.0
238.0
241.0
252.0
247.0
264.0
223.0
251.0
225.0
217.0
267.0
276.0
254.0
250.0
217.0
264.0
252.0
224.0
253.0
232.0
306.0
288.0
247.0
360.0
202.0
302.0
240.0
264.0
327.0
266.0
229.0
248.0
259.0
273.0
265.0
260.0
269.0
