246.0
297.0
280.0
319.0
358.0
254.0
271.0
369.0
328.0
328.0
320.0
267.0
322.0
483.0
439.0
401.0
344.0
278.0
224.0
239.0
290.0
236.0
278.0
361.0
322.0
251.0
280.0
280.0
286.0
305.0
315.0
308.0
283.0
318.0
289.0
269.0
234.0
232.0
235.0
203.0
187.0
202.0
201.0
180.0
200.0
187.0
278.0
196.0
194.0
193.0
176.0
197.0
236.0
299.0
274.0
227.0
156.0
196.0
241.0
258.0
201.0
179.0
253.0
236.0
364.0
296.0
240.0
243.0
220.0
237.0
227.0
197.0
261.0
273.0
224.0
208.0
224.0
318.0
239.0
170.0
188.0
174.0
239.0
255.0
226.0
214.0
299.0
255.0
272.0
302.0
278.0
288.0
316.0
311.0
323.0
233.0
180.0
249.0
217.0
276.0
293.0
325.0
325.0
298.0
326.0
247.0
268.0
277.0
313.0
452.0
500.0
422.0
405.0
385.0
379.0
368.0
301.0
258.0
214.0
172.0
202.0
221.0
232.0
204.0
190.0
201.0
196.0
163.0
175.0
237.0
205.0
185.0
239.0
225.0
146.0
235.0
220.0
224.0
239.0
242.0
225.0
259.0
272.0
228.0
216.0
163.0
220.0
185.0
370.0
325.0
321.0
296.0
260.0
196.0
201.0
172.0
194.0
215.0
240.0
209.0
198.0
379.0
394.0
377.0
336.0
351.0
402.0
415.0
399.0
386.0
320.0
326.0
318.0
242.0
171.0
290.0
374.0
417.0
460.0
471.0
475.0
376.0
399.0
374.0
420.0
408.0
422.0
373.0
284.0
356.0
375.0
461.0
534.0
534.0
550.0
486.0
485.0
401.0
295.0
217.0
