248.0
270.0
254.0
228.0
294.0
261.0
272.0
235.0
240.0
230.0
252.0
265.0
247.0
232.0
242.0
207.0
252.0
247.0
236.0
234.0
258.0
246.0
277.0
251.0
252.0
265.0
256.0
265.0
254.0
285.0
255.0
249.0
316.0
249.0
244.0
264.0
255.0
224.0
298.0
236.0
289.0
267.0
271.0
276.0
234.0
225.0
282.0
221.0
262.0
316.0
313.0
252.0
262.0
236.0
278.0
287.0
285.0
221.0
266.0
250.0
320.0
248.0
296.0
249.0
288.0
301.0
302.0
224.0
302.0
218.0
244.0
246.0
315.0
252.0
272.0
272.0
315.0
254.0
253.0
267.0
301.0
224.0
294.0
254.0
359.0
278.0
251.0
259.0
235.0
241.0
283.0
250.0
277.0
248.0
239.0
293.0
277.0
240.0
236.0
235.0
246.0
257.0
268.0
229.0
232.0
254.0
241.0
257.0
243.0
290.0
238.0
301.0
276.0
259.0
265.0
247.0
274.0
301.0
246.0
273.0
266.0
248.0
231.0
277.0
292.0
250.0
248.0
263.0
295.0
252.0
240.0
283.0
250.0
286.0
266.0
236.0
298.0
273.0
249.0
253.0
237.0
224.0
291.0
242.0
229.0
246.0
297.0
244.0
230.0
235.0
224.0
285.0
228.0
286.0
217.0
278.0
271.0
282.0
226.0
268.0
240.0
258.0
260.0
290.0
237.0
240.0
224.0
281.0
232.0
250.0
276.0
299.0
256.0
309.0
245.0
246.0
285.0
257.0
265.0
283.0
282.0
247.0
245.0
237.0
297.0
303.0
301.0
315.0
269.0
230.0
272.0
237.0
263.0
237.0
254.0
232.0
243.0
219.0
227.0
264.0
