273.0
256.0
230.0
278.0
248.0
253.0
250.0
243.0
265.0
254.0
240.0
264.0
306.0
303.0
254.0
270.0
355.0
269.0
272.0
278.0
339.0
296.0
292.0
231.0
265.0
250.0
251.0
308.0
254.0
306.0
231.0
231.0
258.0
260.0
312.0
258.0
282.0
269.0
303.0
294.0
305.0
278.0
287.0
248.0
289.0
251.0
273.0
315.0
245.0
329.0
269.0
230.0
276.0
310.0
270.0
310.0
273.0
326.0
232.0
302.0
289.0
263.0
274.0
294.0
280.0
282.0
306.0
232.0
290.0
256.0
305.0
274.0
261.0
272.0
278.0
333.0
241.0
255.0
240.0
299.0
233.0
278.0
284.0
255.0
217.0
309.0
311.0
258.0
299.0
283.0
292.0
235.0
272.0
275.0
285.0
250.0
246.0
261.0
278.0
332.0
250.0
240.0
245.0
294.0
254.0
324.0
249.0
292.0
289.0
241.0
280.0
292.0
270.0
268.0
242.0
263.0
251.0
237.0
296.0
251.0
250.0
339.0
216.0
270.0
256.0
247.0
319.0
254.0
252.0
272.0
265.0
253.0
272.0
292.0
260.0
282.0
257.0
290.0
292.0
258.0
266.0
226.0
308.0
234.0
262.0
359.0
237.0
319.0
280.0
274.0
249.0
248.0
255.0
313.0
273.0
244.0
243.0
234.0
300.0
244.0
252.0
282.0
340.0
271.0
320.0
257.0
266.0
282.0
222.0
434.0
257.0
305.0
280.0
284.0
258.0
245.0
289.0
274.0
235.0
308.0
288.0
245.0
245.0
242.0
262.0
248.0
282.0
248.0
291.0
274.0
261.0
303.0
291.0
253.0
274.0
267.0
241.0
308.0
270.0
299.0
