155.0
183.0
185.0
206.0
216.0
190.0
165.0
259.0
182.0
157.0
181.0
176.0
217.0
162.0
192.0
168.0
337.0
183.0
153.0
176.0
273.0
244.0
173.0
202.0
177.0
194.0
209.0
203.0
196.0
169.0
213.0
154.0
217.0
174.0
171.0
160.0
202.0
180.0
184.0
170.0
253.0
198.0
155.0
163.0
175.0
165.0
185.0
172.0
187.0
174.0
221.0
163.0
154.0
151.0
169.0
178.0
154.0
165.0
160.0
174.0
184.0
193.0
169.0
175.0
187.0
165.0
173.0
153.0
197.0
156.0
158.0
158.0
193.0
197.0
165.0
206.0
211.0
179.0
206.0
162.0
162.0
169.0
150.0
171.0
226.0
218.0
185.0
167.0
192.0
191.0
227.0
188.0
141.0
183.0
221.0
174.0
171.0
187.0
151.0
210.0
210.0
214.0
153.0
175.0
197.0
158.0
175.0
193.0
168.0
165.0
174.0
204.0
149.0
177.0
205.0
193.0
192.0
207.0
187.0
160.0
237.0
184.0
176.0
186.0
241.0
186.0
153.0
154.0
181.0
202.0
185.0
174.0
182.0
169.0
179.0
154.0
187.0
202.0
232.0
229.0
171.0
161.0
189.0
168.0
192.0
223.0
184.0
187.0
171.0
178.0
207.0
167.0
204.0
161.0
168.0
159.0
240.0
194.0
193.0
200.0
220.0
175.0
225.0
190.0
176.0
168.0
148.0
147.0
153.0
158.0
160.0
243.0
274.0
202.0
133.0
170.0
212.0
187.0
180.0
193.0
175.0
209.0
188.0
222.0
201.0
200.0
182.0
171.0
166.0
201.0
174.0
187.0
164.0
184.0
162.0
197.0
197.0
149.0
197.0
322.0
