265.0
259.0
267.0
239.0
267.0
311.0
265.0
225.0
300.0
258.0
317.0
201.0
209.0
281.0
258.0
256.0
254.0
220.0
255.0
271.0
293.0
252.0
257.0
257.0
225.0
233.0
322.0
199.0
267.0
250.0
343.0
260.0
271.0
260.0
256.0
303.0
261.0
239.0
257.0
283.0
262.0
302.0
276.0
260.0
261.0
323.0
305.0
243.0
243.0
279.0
224.0
261.0
277.0
246.0
241.0
249.0
258.0
284.0
270.0
253.0
255.0
274.0
225.0
246.0
225.0
234.0
244.0
227.0
249.0
250.0
246.0
251.0
260.0
267.0
283.0
304.0
249.0
283.0
243.0
230.0
228.0
254.0
268.0
252.0
251.0
270.0
291.0
259.0
250.0
238.0
243.0
228.0
255.0
254.0
239.0
260.0
249.0
266.0
229.0
252.0
288.0
244.0
249.0
237.0
284.0
253.0
278.0
236.0
293.0
231.0
248.0
222.0
267.0
238.0
215.0
256.0
255.0
264.0
254.0
260.0
248.0
285.0
245.0
327.0
264.0
223.0
265.0
253.0
314.0
231.0
275.0
250.0
253.0
277.0
283.0
213.0
265.0
257.0
227.0
289.0
237.0
289.0
276.0
240.0
276.0
239.0
283.0
247.0
288.0
279.0
284.0
244.0
272.0
286.0
226.0
303.0
284.0
287.0
237.0
277.0
222.0
293.0
210.0
257.0
273.0
304.0
278.0
270.0
291.0
234.0
262.0
290.0
252.0
260.0
284.0
293.0
227.0
290.0
263.0
318.0
277.0
310.0
249.0
261.0
260.0
236.0
262.0
250.0
251.0
243.0
256.0
290.0
256.0
246.0
250.0
308.0
329.0
246.0
295.0
301.0
