239.0
246.0
221.0
266.0
218.0
228.0
225.0
236.0
284.0
240.0
252.0
242.0
253.0
225.0
259.0
292.0
247.0
211.0
273.0
261.0
242.0
282.0
293.0
223.0
265.0
270.0
279.0
273.0
234.0
218.0
269.0
242.0
254.0
243.0
276.0
239.0
332.0
293.0
272.0
237.0
301.0
268.0
280.0
251.0
252.0
222.0
221.0
306.0
307.0
298.0
252.0
235.0
242.0
257.0
266.0
234.0
212.0
234.0
252.0
307.0
250.0
266.0
236.0
236.0
323.0
225.0
241.0
250.0
258.0
227.0
245.0
255.0
302.0
249.0
262.0
263.0
222.0
249.0
242.0
268.0
284.0
281.0
221.0
239.0
264.0
245.0
263.0
287.0
312.0
288.0
271.0
251.0
278.0
245.0
258.0
239.0
255.0
281.0
220.0
257.0
247.0
237.0
262.0
292.0
243.0
252.0
251.0
247.0
238.0
341.0
257.0
283.0
296.0
275.0
260.0
212.0
269.0
205.0
226.0
260.0
274.0
214.0
260.0
250.0
286.0
310.0
235.0
254.0
311.0
271.0
261.0
256.0
255.0
257.0
281.0
287.0
247.0
243.0
301.0
227.0
250.0
224.0
275.0
265.0
301.0
251.0
242.0
245.0
254.0
227.0
301.0
254.0
272.0
214.0
264.0
227.0
259.0
277.0
274.0
225.0
242.0
274.0
274.0
260.0
288.0
241.0
230.0
260.0
241.0
238.0
225.0
232.0
256.0
242.0
238.0
259.0
290.0
252.0
254.0
241.0
273.0
251.0
247.0
276.0
255.0
237.0
258.0
253.0
237.0
277.0
286.0
268.0
320.0
260.0
248.0
290.0
244.0
320.0
239.0
245.0
