349.0
248.0
364.0
260.0
246.0
259.0
275.0
233.0
272.0
276.0
299.0
280.0
290.0
258.0
222.0
314.0
249.0
250.0
230.0
284.0
275.0
276.0
251.0
330.0
247.0
274.0
295.0
261.0
259.0
295.0
294.0
300.0
280.0
241.0
295.0
262.0
243.0
237.0
272.0
244.0
273.0
306.0
327.0
264.0
339.0
277.0
314.0
311.0
298.0
252.0
234.0
255.0
247.0
290.0
240.0
256.0
267.0
283.0
273.0
279.0
255.0
281.0
300.0
320.0
233.0
237.0
246.0
238.0
278.0
267.0
280.0
244.0
245.0
244.0
256.0
266.0
316.0
255.0
267.0
274.0
292.0
272.0
265.0
290.0
293.0
259.0
292.0
281.0
242.0
273.0
293.0
258.0
327.0
237.0
274.0
263.0
250.0
266.0
257.0
289.0
291.0
280.0
265.0
231.0
253.0
274.0
240.0
293.0
225.0
354.0
285.0
312.0
255.0
244.0
266.0
272.0
248.0
271.0
294.0
236.0
294.0
241.0
305.0
269.0
274.0
369.0
318.0
277.0
279.0
267.0
256.0
233.0
259.0
257.0
335.0
286.0
337.0
248.0
221.0
264.0
232.0
255.0
232.0
260.0
253.0
255.0
261.0
229.0
272.0
269.0
256.0
259.0
254.0
246.0
239.0
253.0
263.0
274.0
233.0
281.0
281.0
256.0
262.0
251.0
298.0
239.0
264.0
243.0
242.0
285.0
276.0
264.0
315.0
269.0
253.0
246.0
305.0
259.0
243.0
296.0
296.0
288.0
322.0
258.0
289.0
236.0
290.0
225.0
259.0
273.0
341.0
267.0
250.0
232.0
278.0
253.0
305.0
266.0
268.0
284.0
