237.0
230.0
277.0
219.0
258.0
326.0
245.0
240.0
231.0
287.0
272.0
284.0
287.0
225.0
284.0
295.0
267.0
254.0
277.0
229.0
261.0
289.0
227.0
229.0
245.0
240.0
289.0
278.0
227.0
247.0
242.0
287.0
259.0
265.0
238.0
299.0
245.0
270.0
283.0
358.0
267.0
244.0
278.0
289.0
242.0
203.0
273.0
278.0
230.0
254.0
259.0
240.0
240.0
209.0
288.0
281.0
248.0
276.0
283.0
251.0
269.0
282.0
347.0
247.0
262.0
250.0
261.0
266.0
277.0
288.0
261.0
320.0
258.0
260.0
232.0
255.0
304.0
259.0
318.0
284.0
259.0
264.0
261.0
239.0
275.0
252.0
283.0
288.0
297.0
273.0
248.0
305.0
284.0
275.0
221.0
221.0
251.0
266.0
228.0
252.0
242.0
365.0
228.0
261.0
275.0
257.0
321.0
318.0
195.0
256.0
262.0
252.0
243.0
293.0
257.0
304.0
258.0
290.0
289.0
274.0
245.0
319.0
274.0
236.0
236.0
266.0
284.0
254.0
267.0
261.0
247.0
233.0
242.0
282.0
253.0
261.0
261.0
334.0
249.0
291.0
295.0
252.0
273.0
301.0
271.0
224.0
242.0
245.0
243.0
216.0
258.0
303.0
256.0
330.0
243.0
235.0
245.0
253.0
271.0
230.0
219.0
261.0
330.0
303.0
206.0
287.0
283.0
255.0
264.0
275.0
264.0
270.0
255.0
259.0
242.0
240.0
263.0
247.0
243.0
271.0
241.0
261.0
268.0
288.0
254.0
242.0
241.0
255.0
238.0
266.0
328.0
338.0
248.0
252.0
296.0
276.0
263.0
268.0
240.0
277.0
