308.0
275.0
228.0
273.0
225.0
176.0
176.0
230.0
226.0
205.0
184.0
303.0
259.0
240.0
205.0
158.0
213.0
218.0
148.0
194.0
167.0
210.0
341.0
256.0
151.0
264.0
213.0
248.0
151.0
160.0
149.0
176.0
174.0
240.0
223.0
150.0
174.0
191.0
230.0
175.0
198.0
313.0
200.0
162.0
173.0
174.0
225.0
242.0
182.0
175.0
208.0
143.0
159.0
184.0
200.0
168.0
141.0
241.0
178.0
177.0
207.0
217.0
182.0
169.0
166.0
173.0
184.0
227.0
242.0
200.0
243.0
159.0
205.0
205.0
168.0
195.0
195.0
158.0
169.0
166.0
163.0
168.0
194.0
200.0
162.0
181.0
168.0
151.0
189.0
199.0
160.0
181.0
210.0
213.0
175.0
191.0
195.0
178.0
295.0
265.0
241.0
168.0
413.0
326.0
297.0
284.0
239.0
158.0
166.0
214.0
213.0
206.0
177.0
195.0
159.0
204.0
146.0
201.0
256.0
173.0
223.0
173.0
222.0
205.0
156.0
171.0
206.0
230.0
156.0
163.0
188.0
236.0
204.0
177.0
202.0
180.0
189.0
165.0
199.0
160.0
174.0
210.0
211.0
265.0
186.0
191.0
250.0
237.0
394.0
262.0
221.0
243.0
199.0
198.0
219.0
297.0
305.0
263.0
238.0
303.0
377.0
263.0
216.0
163.0
206.0
178.0
212.0
253.0
219.0
208.0
180.0
155.0
367.0
418.0
285.0
182.0
147.0
191.0
167.0
163.0
203.0
180.0
191.0
162.0
186.0
205.0
192.0
173.0
175.0
167.0
254.0
205.0
159.0
181.0
209.0
251.0
277.0
245.0
236.0
215.0
