236.0
189.0
255.0
170.0
176.0
221.0
218.0
235.0
218.0
228.0
166.0
154.0
232.0
224.0
169.0
168.0
156.0
200.0
186.0
161.0
145.0
210.0
182.0
162.0
205.0
303.0
155.0
162.0
205.0
180.0
139.0
172.0
259.0
222.0
188.0
153.0
191.0
146.0
185.0
198.0
191.0
221.0
195.0
160.0
175.0
215.0
285.0
260.0
173.0
162.0
197.0
194.0
195.0
221.0
349.0
287.0
181.0
177.0
156.0
184.0
179.0
148.0
188.0
181.0
258.0
197.0
168.0
184.0
178.0
172.0
198.0
183.0
195.0
200.0
167.0
206.0
202.0
194.0
155.0
159.0
192.0
155.0
168.0
201.0
149.0
213.0
234.0
173.0
191.0
169.0
179.0
238.0
199.0
166.0
190.0
180.0
208.0
237.0
208.0
345.0
282.0
236.0
194.0
188.0
218.0
146.0
150.0
170.0
277.0
259.0
315.0
251.0
221.0
206.0
182.0
245.0
215.0
202.0
235.0
280.0
277.0
202.0
167.0
151.0
248.0
186.0
196.0
251.0
255.0
249.0
191.0
263.0
219.0
201.0
171.0
219.0
240.0
208.0
161.0
229.0
157.0
214.0
214.0
184.0
170.0
156.0
195.0
263.0
244.0
193.0
173.0
212.0
224.0
202.0
177.0
229.0
226.0
243.0
176.0
206.0
181.0
355.0
307.0
278.0
322.0
255.0
199.0
178.0
168.0
185.0
215.0
172.0
279.0
214.0
295.0
329.0
312.0
234.0
210.0
184.0
176.0
158.0
171.0
166.0
185.0
168.0
217.0
166.0
191.0
188.0
194.0
222.0
176.0
148.0
174.0
204.0
157.0
214.0
151.0
150.0
