210.0
144.0
150.0
288.0
130.0
148.0
148.0
178.0
131.0
141.0
135.0
138.0
214.0
141.0
152.0
155.0
140.0
156.0
148.0
178.0
140.0
146.0
168.0
163.0
187.0
147.0
177.0
163.0
156.0
174.0
157.0
149.0
152.0
136.0
139.0
153.0
165.0
152.0
129.0
154.0
160.0
138.0
192.0
203.0
148.0
146.0
147.0
163.0
174.0
159.0
147.0
141.0
132.0
141.0
173.0
177.0
145.0
168.0
187.0
155.0
184.0
146.0
141.0
204.0
157.0
122.0
149.0
149.0
149.0
161.0
131.0
147.0
146.0
152.0
153.0
140.0
204.0
151.0
174.0
190.0
154.0
149.0
156.0
162.0
122.0
156.0
160.0
162.0
147.0
129.0
132.0
162.0
152.0
148.0
178.0
155.0
176.0
154.0
145.0
146.0
150.0
145.0
173.0
180.0
190.0
157.0
138.0
166.0
174.0
165.0
171.0
158.0
162.0
155.0
152.0
136.0
136.0
165.0
143.0
124.0
151.0
151.0
152.0
141.0
158.0
153.0
155.0
170.0
147.0
144.0
134.0
158.0
142.0
154.0
159.0
151.0
181.0
168.0
187.0
142.0
151.0
145.0
135.0
151.0
147.0
169.0
158.0
140.0
140.0
142.0
148.0
139.0
168.0
155.0
169.0
135.0
206.0
210.0
163.0
192.0
173.0
166.0
141.0
194.0
149.0
155.0
149.0
131.0
151.0
153.0
178.0
145.0
138.0
151.0
176.0
168.0
159.0
136.0
231.0
126.0
137.0
168.0
183.0
146.0
160.0
163.0
174.0
165.0
141.0
143.0
169.0
157.0
137.0
166.0
151.0
152.0
158.0
155.0
166.0
139.0
