161.0
176.0
231.0
214.0
177.0
168.0
218.0
248.0
272.0
148.0
189.0
167.0
187.0
208.0
173.0
178.0
194.0
276.0
147.0
197.0
158.0
193.0
157.0
200.0
227.0
188.0
176.0
180.0
172.0
232.0
309.0
244.0
185.0
165.0
161.0
177.0
142.0
167.0
176.0
150.0
180.0
209.0
178.0
164.0
215.0
186.0
156.0
187.0
154.0
152.0
187.0
185.0
197.0
171.0
201.0
190.0
190.0
156.0
148.0
159.0
161.0
150.0
168.0
160.0
196.0
158.0
187.0
198.0
176.0
202.0
149.0
184.0
171.0
202.0
205.0
161.0
181.0
182.0
214.0
158.0
171.0
238.0
197.0
158.0
176.0
196.0
197.0
146.0
190.0
159.0
227.0
221.0
202.0
204.0
159.0
167.0
173.0
235.0
170.0
158.0
155.0
188.0
178.0
181.0
161.0
173.0
199.0
166.0
190.0
186.0
174.0
199.0
170.0
180.0
178.0
170.0
144.0
148.0
222.0
182.0
189.0
209.0
179.0
209.0
182.0
189.0
169.0
247.0
222.0
158.0
211.0
346.0
270.0
161.0
168.0
150.0
198.0
169.0
258.0
206.0
245.0
254.0
271.0
162.0
205.0
173.0
199.0
174.0
178.0
242.0
178.0
177.0
172.0
261.0
165.0
160.0
179.0
169.0
201.0
181.0
168.0
247.0
164.0
163.0
255.0
202.0
194.0
216.0
182.0
169.0
164.0
236.0
226.0
203.0
187.0
171.0
168.0
165.0
178.0
252.0
189.0
174.0
149.0
165.0
182.0
157.0
189.0
160.0
151.0
154.0
229.0
164.0
158.0
151.0
208.0
220.0
179.0
167.0
132.0
197.0
