222.0
222.0
222.0
258.0
274.0
232.0
248.0
246.0
324.0
266.0
270.0
260.0
260.0
327.0
237.0
266.0
262.0
309.0
279.0
220.0
253.0
252.0
272.0
251.0
268.0
239.0
290.0
260.0
281.0
257.0
253.0
236.0
251.0
274.0
253.0
251.0
248.0
259.0
282.0
261.0
242.0
267.0
274.0
252.0
259.0
280.0
237.0
257.0
279.0
237.0
271.0
250.0
242.0
238.0
267.0
239.0
243.0
240.0
221.0
245.0
229.0
225.0
210.0
267.0
289.0
243.0
307.0
254.0
271.0
252.0
269.0
269.0
279.0
233.0
214.0
243.0
284.0
236.0
237.0
245.0
281.0
274.0
262.0
298.0
218.0
246.0
283.0
235.0
263.0
274.0
260.0
251.0
269.0
251.0
270.0
249.0
264.0
335.0
244.0
269.0
235.0
308.0
267.0
254.0
252.0
232.0
232.0
249.0
280.0
235.0
267.0
266.0
251.0
252.0
230.0
274.0
263.0
259.0
265.0
240.0
260.0
248.0
263.0
284.0
243.0
257.0
308.0
230.0
272.0
258.0
239.0
271.0
242.0
253.0
247.0
244.0
317.0
277.0
306.0
243.0
274.0
246.0
274.0
291.0
257.0
294.0
274.0
284.0
297.0
254.0
239.0
305.0
265.0
263.0
240.0
255.0
268.0
256.0
219.0
228.0
270.0
262.0
254.0
240.0
257.0
255.0
253.0
310.0
289.0
266.0
252.0
286.0
244.0
289.0
295.0
294.0
264.0
257.0
275.0
269.0
246.0
257.0
246.0
238.0
284.0
307.0
278.0
250.0
273.0
227.0
244.0
294.0
244.0
236.0
242.0
262.0
275.0
319.0
246.0
274.0
