227.0
270.0
247.0
242.0
233.0
262.0
268.0
278.0
227.0
244.0
288.0
292.0
261.0
257.0
267.0
227.0
257.0
268.0
244.0
243.0
286.0
240.0
245.0
252.0
252.0
275.0
245.0
276.0
226.0
263.0
310.0
236.0
288.0
245.0
289.0
249.0
262.0
260.0
271.0
262.0
252.0
259.0
263.0
270.0
245.0
234.0
221.0
350.0
268.0
277.0
251.0
259.0
257.0
256.0
273.0
245.0
284.0
275.0
235.0
258.0
303.0
271.0
274.0
313.0
238.0
276.0
240.0
236.0
239.0
306.0
251.0
281.0
218.0
253.0
255.0
251.0
239.0
250.0
226.0
211.0
261.0
328.0
242.0
240.0
246.0
248.0
242.0
305.0
235.0
272.0
237.0
252.0
240.0
264.0
230.0
272.0
249.0
260.0
290.0
259.0
271.0
311.0
272.0
266.0
252.0
236.0
292.0
254.0
284.0
268.0
286.0
306.0
261.0
218.0
249.0
247.0
229.0
285.0
241.0
263.0
250.0
254.0
278.0
250.0
242.0
234.0
250.0
285.0
315.0
265.0
267.0
240.0
250.0
262.0
286.0
238.0
262.0
246.0
212.0
290.0
236.0
272.0
241.0
308.0
249.0
225.0
217.0
305.0
240.0
287.0
287.0
230.0
271.0
238.0
253.0
241.0
245.0
240.0
313.0
282.0
239.0
294.0
266.0
294.0
293.0
243.0
265.0
206.0
250.0
271.0
246.0
285.0
285.0
268.0
246.0
272.0
294.0
235.0
253.0
282.0
291.0
360.0
271.0
245.0
230.0
250.0
286.0
253.0
280.0
238.0
271.0
281.0
262.0
251.0
232.0
257.0
272.0
278.0
262.0
304.0
