242.0
255.0
225.0
248.0
230.0
272.0
244.0
268.0
222.0
286.0
259.0
281.0
260.0
254.0
287.0
238.0
258.0
283.0
241.0
243.0
229.0
257.0
235.0
266.0
221.0
261.0
323.0
240.0
232.0
303.0
278.0
261.0
251.0
256.0
249.0
290.0
249.0
295.0
308.0
297.0
269.0
254.0
273.0
279.0
267.0
316.0
292.0
272.0
230.0
256.0
264.0
274.0
272.0
310.0
354.0
227.0
272.0
248.0
232.0
275.0
260.0
296.0
248.0
279.0
295.0
272.0
275.0
277.0
266.0
294.0
290.0
269.0
251.0
241.0
265.0
235.0
282.0
253.0
233.0
252.0
256.0
261.0
217.0
246.0
298.0
245.0
270.0
231.0
239.0
286.0
259.0
215.0
240.0
274.0
260.0
319.0
261.0
340.0
243.0
269.0
265.0
253.0
256.0
223.0
274.0
287.0
268.0
271.0
257.0
239.0
305.0
235.0
263.0
227.0
298.0
239.0
262.0
281.0
264.0
252.0
311.0
292.0
219.0
250.0
257.0
232.0
269.0
253.0
241.0
250.0
246.0
230.0
282.0
265.0
301.0
266.0
270.0
270.0
241.0
290.0
233.0
288.0
277.0
324.0
244.0
302.0
256.0
269.0
228.0
238.0
229.0
269.0
262.0
274.0
263.0
227.0
314.0
261.0
267.0
227.0
254.0
265.0
244.0
268.0
271.0
282.0
268.0
267.0
277.0
241.0
239.0
274.0
336.0
238.0
265.0
246.0
258.0
229.0
257.0
244.0
246.0
308.0
271.0
296.0
240.0
258.0
258.0
230.0
309.0
245.0
285.0
235.0
275.0
245.0
256.0
275.0
251.0
253.0
277.0
227.0
