269.0
239.0
253.0
258.0
266.0
252.0
292.0
228.0
295.0
227.0
252.0
253.0
305.0
264.0
256.0
286.0
262.0
288.0
261.0
290.0
238.0
227.0
289.0
270.0
265.0
343.0
240.0
269.0
267.0
236.0
278.0
245.0
229.0
269.0
241.0
261.0
274.0
301.0
273.0
308.0
269.0
272.0
311.0
229.0
271.0
333.0
265.0
230.0
240.0
279.0
294.0
224.0
275.0
243.0
218.0
250.0
275.0
304.0
306.0
311.0
230.0
252.0
271.0
239.0
265.0
265.0
257.0
260.0
264.0
293.0
208.0
244.0
244.0
318.0
226.0
339.0
267.0
262.0
258.0
261.0
256.0
270.0
279.0
275.0
240.0
261.0
241.0
264.0
250.0
244.0
266.0
233.0
255.0
278.0
246.0
276.0
239.0
247.0
266.0
243.0
234.0
259.0
277.0
240.0
267.0
354.0
294.0
272.0
235.0
279.0
256.0
330.0
247.0
238.0
243.0
266.0
215.0
292.0
243.0
274.0
286.0
279.0
278.0
320.0
240.0
248.0
282.0
220.0
315.0
269.0
252.0
216.0
272.0
263.0
274.0
284.0
246.0
278.0
229.0
304.0
273.0
265.0
260.0
288.0
211.0
284.0
259.0
219.0
286.0
246.0
250.0
246.0
252.0
300.0
271.0
283.0
265.0
253.0
231.0
274.0
238.0
238.0
270.0
222.0
272.0
257.0
254.0
265.0
285.0
308.0
236.0
288.0
286.0
237.0
287.0
293.0
279.0
256.0
239.0
242.0
272.0
239.0
270.0
282.0
238.0
244.0
242.0
340.0
238.0
255.0
254.0
265.0
265.0
287.0
278.0
275.0
233.0
246.0
297.0
232.0
