258.0
241.0
303.0
257.0
237.0
248.0
219.0
269.0
281.0
254.0
293.0
256.0
257.0
241.0
279.0
315.0
249.0
249.0
266.0
260.0
253.0
281.0
241.0
290.0
289.0
288.0
255.0
268.0
232.0
250.0
320.0
287.0
249.0
312.0
236.0
263.0
299.0
280.0
271.0
222.0
232.0
344.0
263.0
270.0
273.0
255.0
246.0
276.0
253.0
265.0
254.0
268.0
291.0
236.0
260.0
268.0
291.0
239.0
245.0
257.0
271.0
312.0
252.0
223.0
259.0
262.0
250.0
255.0
263.0
253.0
284.0
270.0
276.0
248.0
289.0
273.0
286.0
231.0
310.0
297.0
255.0
218.0
309.0
248.0
266.0
272.0
230.0
261.0
253.0
261.0
241.0
276.0
264.0
271.0
328.0
254.0
298.0
243.0
267.0
244.0
297.0
268.0
231.0
240.0
256.0
234.0
273.0
240.0
255.0
301.0
243.0
311.0
260.0
240.0
265.0
261.0
264.0
293.0
286.0
248.0
225.0
253.0
237.0
270.0
257.0
254.0
257.0
328.0
307.0
280.0
261.0
317.0
294.0
238.0
243.0
276.0
313.0
238.0
247.0
257.0
253.0
236.0
272.0
311.0
284.0
267.0
275.0
306.0
258.0
239.0
293.0
265.0
301.0
275.0
297.0
270.0
250.0
236.0
286.0
274.0
256.0
245.0
274.0
260.0
241.0
232.0
257.0
256.0
295.0
241.0
261.0
287.0
280.0
290.0
274.0
275.0
261.0
247.0
262.0
350.0
248.0
259.0
236.0
233.0
272.0
286.0
284.0
275.0
227.0
297.0
247.0
242.0
279.0
258.0
242.0
283.0
255.0
272.0
286.0
310.0
