259.0
269.0
269.0
237.0
271.0
257.0
238.0
305.0
270.0
267.0
252.0
278.0
236.0
280.0
280.0
253.0
228.0
256.0
227.0
262.0
250.0
264.0
259.0
238.0
260.0
227.0
243.0
253.0
304.0
256.0
267.0
273.0
252.0
278.0
251.0
228.0
301.0
258.0
272.0
295.0
268.0
290.0
283.0
267.0
273.0
262.0
233.0
258.0
266.0
240.0
313.0
261.0
249.0
285.0
236.0
287.0
230.0
297.0
240.0
232.0
250.0
276.0
265.0
229.0
277.0
214.0
250.0
225.0
277.0
240.0
271.0
300.0
250.0
233.0
252.0
240.0
262.0
257.0
224.0
312.0
290.0
244.0
248.0
245.0
271.0
279.0
316.0
274.0
274.0
275.0
296.0
238.0
274.0
280.0
273.0
272.0
332.0
253.0
228.0
237.0
297.0
246.0
247.0
269.0
243.0
253.0
223.0
293.0
230.0
233.0
262.0
244.0
257.0
290.0
264.0
244.0
265.0
238.0
251.0
284.0
258.0
243.0
275.0
268.0
245.0
266.0
297.0
289.0
314.0
289.0
272.0
260.0
289.0
267.0
300.0
195.0
236.0
291.0
280.0
293.0
268.0
290.0
304.0
277.0
242.0
320.0
237.0
250.0
297.0
239.0
273.0
270.0
258.0
221.0
251.0
270.0
313.0
277.0
270.0
261.0
241.0
289.0
294.0
246.0
269.0
243.0
269.0
303.0
288.0
265.0
288.0
260.0
256.0
235.0
272.0
248.0
277.0
253.0
306.0
277.0
253.0
268.0
244.0
277.0
264.0
238.0
266.0
272.0
276.0
276.0
254.0
228.0
301.0
287.0
255.0
260.0
268.0
268.0
262.0
242.0
