169.0
131.0
149.0
149.0
148.0
177.0
175.0
163.0
129.0
154.0
148.0
149.0
151.0
157.0
162.0
145.0
160.0
160.0
149.0
167.0
163.0
164.0
154.0
129.0
154.0
240.0
253.0
172.0
145.0
168.0
174.0
157.0
203.0
187.0
186.0
182.0
244.0
175.0
154.0
180.0
162.0
165.0
165.0
180.0
177.0
143.0
162.0
158.0
224.0
162.0
154.0
217.0
142.0
180.0
154.0
137.0
158.0
172.0
134.0
135.0
147.0
201.0
167.0
173.0
154.0
257.0
149.0
150.0
154.0
161.0
145.0
140.0
143.0
163.0
208.0
200.0
167.0
208.0
166.0
232.0
154.0
158.0
157.0
177.0
188.0
144.0
136.0
167.0
177.0
138.0
182.0
138.0
145.0
165.0
173.0
173.0
135.0
182.0
168.0
138.0
173.0
141.0
131.0
147.0
148.0
147.0
209.0
137.0
149.0
146.0
204.0
141.0
161.0
156.0
175.0
176.0
162.0
157.0
163.0
167.0
150.0
158.0
139.0
131.0
214.0
167.0
209.0
176.0
193.0
211.0
176.0
150.0
168.0
145.0
151.0
185.0
163.0
157.0
189.0
152.0
223.0
140.0
152.0
134.0
169.0
155.0
322.0
187.0
153.0
137.0
194.0
149.0
145.0
247.0
186.0
186.0
170.0
206.0
156.0
169.0
160.0
148.0
147.0
233.0
157.0
176.0
153.0
171.0
156.0
175.0
203.0
154.0
205.0
138.0
142.0
167.0
145.0
137.0
190.0
181.0
162.0
163.0
149.0
153.0
140.0
214.0
174.0
150.0
166.0
136.0
185.0
161.0
179.0
162.0
199.0
165.0
148.0
144.0
220.0
188.0
