166.0
135.0
133.0
149.0
167.0
137.0
185.0
155.0
150.0
181.0
130.0
160.0
149.0
167.0
149.0
142.0
168.0
222.0
169.0
167.0
190.0
166.0
165.0
151.0
244.0
129.0
167.0
227.0
152.0
177.0
175.0
161.0
151.0
149.0
156.0
160.0
165.0
150.0
148.0
154.0
156.0
175.0
161.0
169.0
154.0
143.0
179.0
173.0
153.0
178.0
150.0
185.0
158.0
147.0
153.0
140.0
153.0
161.0
135.0
164.0
185.0
143.0
143.0
145.0
151.0
170.0
161.0
149.0
159.0
164.0
200.0
141.0
165.0
160.0
163.0
150.0
138.0
156.0
148.0
179.0
188.0
148.0
160.0
167.0
193.0
130.0
158.0
152.0
159.0
170.0
279.0
153.0
168.0
142.0
173.0
171.0
165.0
148.0
148.0
152.0
141.0
159.0
139.0
158.0
147.0
206.0
155.0
184.0
155.0
154.0
157.0
142.0
141.0
143.0
157.0
156.0
166.0
159.0
165.0
130.0
132.0
171.0
150.0
174.0
165.0
145.0
175.0
136.0
215.0
176.0
182.0
148.0
177.0
157.0
174.0
145.0
185.0
236.0
164.0
167.0
201.0
181.0
170.0
217.0
164.0
184.0
131.0
155.0
163.0
154.0
171.0
203.0
155.0
171.0
156.0
143.0
163.0
167.0
183.0
188.0
211.0
142.0
193.0
162.0
166.0
174.0
169.0
202.0
164.0
138.0
157.0
195.0
129.0
172.0
180.0
161.0
138.0
177.0
166.0
144.0
207.0
196.0
148.0
156.0
163.0
140.0
158.0
154.0
133.0
155.0
140.0
142.0
151.0
157.0
153.0
200.0
169.0
149.0
194.0
153.0
