159.0
131.0
128.0
144.0
143.0
126.0
133.0
153.0
151.0
134.0
141.0
140.0
169.0
168.0
143.0
141.0
150.0
136.0
148.0
159.0
157.0
142.0
143.0
153.0
151.0
141.0
148.0
144.0
140.0
142.0
140.0
144.0
143.0
194.0
160.0
152.0
137.0
138.0
168.0
143.0
135.0
127.0
145.0
153.0
142.0
128.0
131.0
140.0
122.0
143.0
132.0
155.0
129.0
146.0
145.0
156.0
131.0
126.0
159.0
129.0
164.0
137.0
136.0
160.0
142.0
153.0
161.0
151.0
134.0
133.0
141.0
142.0
136.0
161.0
135.0
137.0
165.0
174.0
164.0
142.0
132.0
138.0
148.0
141.0
162.0
137.0
145.0
171.0
137.0
136.0
133.0
150.0
142.0
162.0
153.0
147.0
141.0
140.0
132.0
164.0
147.0
148.0
165.0
202.0
144.0
190.0
134.0
149.0
148.0
148.0
149.0
147.0
149.0
147.0
151.0
140.0
162.0
134.0
150.0
149.0
134.0
139.0
150.0
128.0
154.0
149.0
147.0
151.0
138.0
145.0
160.0
132.0
129.0
125.0
127.0
174.0
154.0
152.0
145.0
160.0
144.0
126.0
162.0
128.0
143.0
128.0
146.0
147.0
133.0
147.0
160.0
171.0
141.0
141.0
152.0
152.0
146.0
128.0
153.0
159.0
175.0
169.0
168.0
138.0
137.0
157.0
132.0
146.0
126.0
130.0
132.0
119.0
143.0
152.0
168.0
147.0
148.0
178.0
137.0
132.0
154.0
149.0
145.0
139.0
150.0
115.0
172.0
138.0
138.0
163.0
155.0
161.0
133.0
121.0
151.0
144.0
164.0
132.0
137.0
163.0
