151.0
152.0
137.0
136.0
165.0
181.0
133.0
132.0
139.0
173.0
135.0
140.0
165.0
192.0
161.0
189.0
140.0
141.0
135.0
131.0
148.0
152.0
160.0
137.0
150.0
155.0
153.0
166.0
176.0
165.0
160.0
153.0
136.0
168.0
139.0
121.0
151.0
133.0
130.0
163.0
141.0
161.0
165.0
148.0
145.0
139.0
169.0
140.0
169.0
144.0
144.0
135.0
166.0
146.0
167.0
134.0
143.0
163.0
159.0
207.0
155.0
148.0
122.0
165.0
154.0
143.0
146.0
160.0
159.0
147.0
137.0
149.0
148.0
162.0
154.0
142.0
152.0
161.0
133.0
145.0
180.0
147.0
145.0
146.0
136.0
133.0
152.0
156.0
131.0
149.0
141.0
141.0
143.0
171.0
137.0
166.0
158.0
134.0
137.0
144.0
190.0
149.0
153.0
127.0
163.0
140.0
144.0
158.0
150.0
182.0
162.0
157.0
159.0
140.0
157.0
172.0
181.0
146.0
170.0
128.0
154.0
124.0
148.0
186.0
146.0
180.0
135.0
132.0
151.0
152.0
168.0
129.0
127.0
139.0
191.0
155.0
141.0
166.0
156.0
176.0
145.0
135.0
139.0
145.0
169.0
157.0
167.0
169.0
128.0
130.0
154.0
169.0
166.0
153.0
173.0
141.0
161.0
150.0
147.0
158.0
170.0
158.0
164.0
130.0
177.0
142.0
142.0
185.0
162.0
146.0
163.0
142.0
162.0
139.0
156.0
164.0
141.0
137.0
137.0
150.0
134.0
139.0
167.0
142.0
152.0
151.0
140.0
143.0
180.0
138.0
146.0
139.0
148.0
156.0
144.0
139.0
140.0
158.0
133.0
157.0
