346.0
307.0
255.0
285.0
300.0
305.0
271.0
259.0
248.0
264.0
236.0
285.0
279.0
307.0
273.0
293.0
290.0
296.0
244.0
250.0
236.0
263.0
241.0
287.0
281.0
268.0
256.0
280.0
244.0
276.0
276.0
298.0
290.0
302.0
257.0
289.0
335.0
306.0
295.0
287.0
246.0
309.0
311.0
284.0
267.0
286.0
322.0
287.0
242.0
263.0
278.0
277.0
296.0
263.0
289.0
297.0
259.0
259.0
284.0
248.0
236.0
339.0
366.0
248.0
232.0
259.0
265.0
269.0
278.0
280.0
262.0
329.0
243.0
255.0
293.0
308.0
264.0
252.0
255.0
293.0
240.0
267.0
298.0
289.0
298.0
268.0
297.0
283.0
281.0
281.0
280.0
259.0
305.0
292.0
279.0
276.0
279.0
263.0
256.0
289.0
270.0
263.0
314.0
263.0
233.0
288.0
308.0
243.0
268.0
328.0
286.0
251.0
254.0
300.0
284.0
292.0
283.0
261.0
250.0
290.0
278.0
236.0
271.0
310.0
321.0
264.0
270.0
283.0
282.0
332.0
298.0
271.0
251.0
312.0
285.0
270.0
305.0
248.0
248.0
238.0
233.0
273.0
263.0
315.0
267.0
306.0
262.0
308.0
247.0
281.0
258.0
241.0
285.0
255.0
311.0
291.0
336.0
299.0
338.0
269.0
416.0
271.0
317.0
279.0
279.0
280.0
268.0
280.0
278.0
268.0
274.0
258.0
314.0
273.0
304.0
360.0
257.0
285.0
390.0
281.0
303.0
253.0
249.0
315.0
297.0
280.0
265.0
318.0
261.0
308.0
287.0
273.0
273.0
236.0
292.0
281.0
279.0
252.0
301.0
270.0
