245.0
237.0
260.0
267.0
258.0
240.0
227.0
263.0
225.0
222.0
170.0
235.0
252.0
288.0
216.0
198.0
267.0
274.0
270.0
229.0
208.0
181.0
195.0
174.0
242.0
241.0
282.0
379.0
345.0
269.0
435.0
437.0
340.0
273.0
275.0
209.0
243.0
187.0
176.0
197.0
190.0
221.0
269.0
268.0
264.0
269.0
213.0
281.0
280.0
224.0
233.0
217.0
185.0
200.0
163.0
162.0
185.0
167.0
208.0
216.0
235.0
217.0
240.0
291.0
290.0
226.0
199.0
253.0
279.0
282.0
393.0
504.0
459.0
539.0
570.0
474.0
421.0
348.0
343.0
327.0
282.0
270.0
279.0
286.0
291.0
247.0
191.0
263.0
222.0
217.0
196.0
227.0
218.0
194.0
187.0
255.0
270.0
259.0
203.0
187.0
183.0
247.0
425.0
426.0
384.0
330.0
222.0
278.0
270.0
193.0
183.0
236.0
266.0
267.0
304.0
301.0
264.0
309.0
260.0
226.0
232.0
340.0
288.0
281.0
260.0
239.0
214.0
199.0
191.0
199.0
222.0
306.0
233.0
221.0
173.0
152.0
279.0
226.0
180.0
207.0
170.0
222.0
236.0
224.0
235.0
209.0
199.0
179.0
222.0
197.0
300.0
254.0
191.0
214.0
174.0
335.0
306.0
257.0
231.0
206.0
186.0
190.0
166.0
219.0
159.0
171.0
186.0
256.0
223.0
246.0
238.0
235.0
187.0
192.0
232.0
210.0
182.0
184.0
227.0
177.0
303.0
271.0
272.0
222.0
300.0
283.0
261.0
367.0
283.0
323.0
291.0
297.0
202.0
234.0
271.0
245.0
258.0
256.0
236.0
176.0
