220.0
251.0
219.0
285.0
236.0
246.0
258.0
221.0
256.0
285.0
264.0
229.0
273.0
280.0
250.0
274.0
268.0
255.0
248.0
265.0
263.0
244.0
251.0
280.0
243.0
267.0
248.0
235.0
254.0
236.0
219.0
273.0
250.0
241.0
249.0
239.0
252.0
254.0
222.0
351.0
254.0
230.0
226.0
237.0
245.0
255.0
259.0
286.0
242.0
248.0
237.0
263.0
275.0
235.0
242.0
305.0
242.0
246.0
241.0
258.0
233.0
237.0
241.0
260.0
253.0
264.0
246.0
265.0
281.0
266.0
289.0
254.0
253.0
254.0
262.0
232.0
290.0
258.0
361.0
304.0
267.0
265.0
264.0
297.0
294.0
266.0
273.0
247.0
265.0
242.0
234.0
259.0
262.0
267.0
260.0
231.0
214.0
227.0
261.0
292.0
254.0
250.0
273.0
252.0
298.0
260.0
234.0
311.0
249.0
268.0
268.0
257.0
282.0
234.0
301.0
243.0
284.0
256.0
226.0
206.0
241.0
252.0
268.0
298.0
261.0
233.0
243.0
252.0
290.0
245.0
198.0
334.0
288.0
222.0
276.0
209.0
268.0
287.0
297.0
232.0
334.0
257.0
214.0
256.0
291.0
247.0
252.0
245.0
260.0
272.0
248.0
258.0
262.0
208.0
235.0
238.0
245.0
219.0
221.0
241.0
253.0
255.0
234.0
239.0
243.0
260.0
262.0
252.0
256.0
248.0
272.0
303.0
230.0
255.0
246.0
288.0
304.0
268.0
275.0
258.0
256.0
261.0
296.0
248.0
265.0
251.0
269.0
279.0
257.0
236.0
269.0
240.0
241.0
275.0
256.0
256.0
285.0
278.0
276.0
266.0
