271.0
227.0
230.0
280.0
266.0
252.0
303.0
281.0
251.0
225.0
269.0
230.0
236.0
235.0
263.0
265.0
242.0
237.0
393.0
300.0
328.0
269.0
257.0
303.0
244.0
273.0
275.0
249.0
267.0
253.0
253.0
311.0
273.0
294.0
252.0
300.0
317.0
253.0
246.0
286.0
278.0
247.0
230.0
285.0
250.0
270.0
255.0
232.0
268.0
288.0
249.0
282.0
274.0
229.0
315.0
273.0
266.0
207.0
261.0
307.0
238.0
283.0
258.0
218.0
229.0
234.0
262.0
302.0
250.0
285.0
280.0
286.0
299.0
251.0
229.0
253.0
254.0
237.0
242.0
303.0
277.0
245.0
261.0
283.0
303.0
239.0
251.0
276.0
230.0
254.0
260.0
271.0
270.0
277.0
305.0
247.0
289.0
309.0
260.0
306.0
308.0
274.0
249.0
251.0
272.0
313.0
257.0
265.0
239.0
332.0
291.0
244.0
259.0
306.0
243.0
267.0
289.0
266.0
252.0
278.0
262.0
284.0
277.0
227.0
281.0
294.0
279.0
314.0
249.0
270.0
226.0
256.0
263.0
279.0
246.0
292.0
293.0
261.0
314.0
277.0
276.0
310.0
267.0
276.0
255.0
307.0
275.0
233.0
256.0
329.0
248.0
269.0
250.0
265.0
246.0
265.0
234.0
292.0
327.0
245.0
264.0
264.0
319.0
282.0
270.0
251.0
271.0
238.0
266.0
278.0
283.0
244.0
268.0
232.0
290.0
308.0
285.0
225.0
248.0
291.0
247.0
281.0
342.0
238.0
241.0
271.0
267.0
283.0
255.0
309.0
310.0
266.0
287.0
291.0
279.0
242.0
277.0
258.0
270.0
319.0
