193.0
162.0
226.0
167.0
270.0
234.0
160.0
141.0
171.0
189.0
214.0
185.0
158.0
151.0
168.0
164.0
214.0
176.0
204.0
345.0
219.0
179.0
149.0
162.0
156.0
172.0
212.0
166.0
156.0
178.0
178.0
160.0
163.0
156.0
144.0
200.0
229.0
178.0
157.0
178.0
185.0
175.0
162.0
161.0
281.0
234.0
174.0
167.0
166.0
227.0
211.0
159.0
152.0
157.0
171.0
189.0
172.0
145.0
144.0
150.0
221.0
215.0
210.0
209.0
154.0
154.0
151.0
206.0
165.0
155.0
189.0
181.0
166.0
237.0
191.0
180.0
156.0
134.0
145.0
217.0
158.0
153.0
192.0
179.0
200.0
140.0
172.0
170.0
192.0
161.0
181.0
164.0
179.0
162.0
221.0
199.0
191.0
193.0
219.0
169.0
176.0
167.0
152.0
166.0
165.0
153.0
153.0
156.0
179.0
159.0
317.0
189.0
168.0
203.0
145.0
186.0
196.0
199.0
190.0
176.0
150.0
147.0
164.0
165.0
151.0
158.0
145.0
166.0
200.0
242.0
174.0
183.0
222.0
156.0
147.0
166.0
167.0
258.0
227.0
195.0
178.0
171.0
153.0
215.0
156.0
139.0
155.0
147.0
145.0
212.0
165.0
243.0
215.0
162.0
157.0
168.0
189.0
188.0
216.0
255.0
213.0
165.0
140.0
157.0
224.0
159.0
286.0
220.0
185.0
176.0
149.0
225.0
199.0
224.0
179.0
189.0
170.0
155.0
164.0
241.0
174.0
170.0
161.0
178.0
182.0
175.0
158.0
197.0
212.0
186.0
167.0
132.0
209.0
162.0
174.0
167.0
172.0
152.0
291.0
205.0
