256.0
279.0
266.0
336.0
246.0
272.0
305.0
258.0
324.0
289.0
250.0
281.0
290.0
316.0
285.0
288.0
239.0
238.0
254.0
322.0
279.0
240.0
300.0
261.0
260.0
277.0
287.0
342.0
288.0
264.0
257.0
335.0
267.0
325.0
256.0
289.0
245.0
283.0
226.0
284.0
279.0
287.0
246.0
255.0
323.0
244.0
290.0
284.0
273.0
308.0
261.0
295.0
280.0
261.0
249.0
281.0
287.0
249.0
316.0
297.0
297.0
283.0
254.0
256.0
275.0
255.0
279.0
311.0
284.0
249.0
259.0
361.0
291.0
284.0
289.0
288.0
264.0
281.0
268.0
242.0
241.0
280.0
301.0
270.0
256.0
261.0
291.0
282.0
321.0
339.0
248.0
242.0
252.0
326.0
257.0
295.0
261.0
273.0
262.0
272.0
279.0
300.0
298.0
284.0
261.0
260.0
289.0
229.0
256.0
273.0
248.0
361.0
251.0
246.0
260.0
295.0
259.0
296.0
262.0
262.0
264.0
251.0
300.0
251.0
250.0
273.0
292.0
243.0
265.0
243.0
330.0
240.0
254.0
289.0
245.0
312.0
293.0
263.0
264.0
304.0
256.0
307.0
285.0
249.0
283.0
274.0
275.0
270.0
280.0
278.0
314.0
269.0
273.0
248.0
268.0
281.0
261.0
230.0
266.0
294.0
291.0
287.0
309.0
279.0
287.0
311.0
358.0
260.0
270.0
283.0
377.0
282.0
289.0
347.0
282.0
360.0
248.0
241.0
309.0
280.0
247.0
318.0
263.0
245.0
256.0
296.0
286.0
315.0
291.0
271.0
270.0
255.0
259.0
264.0
292.0
302.0
337.0
298.0
296.0
247.0
