145.0
155.0
143.0
155.0
145.0
133.0
144.0
134.0
135.0
126.0
137.0
174.0
144.0
131.0
137.0
130.0
147.0
156.0
132.0
137.0
149.0
157.0
138.0
153.0
159.0
150.0
140.0
148.0
141.0
149.0
146.0
144.0
137.0
149.0
129.0
150.0
164.0
143.0
147.0
129.0
158.0
164.0
191.0
131.0
147.0
149.0
167.0
131.0
150.0
153.0
169.0
138.0
151.0
149.0
152.0
139.0
129.0
149.0
130.0
166.0
156.0
149.0
162.0
140.0
154.0
158.0
140.0
152.0
132.0
163.0
172.0
133.0
160.0
125.0
132.0
140.0
135.0
167.0
178.0
156.0
143.0
151.0
122.0
172.0
138.0
156.0
151.0
137.0
132.0
217.0
147.0
141.0
143.0
147.0
154.0
147.0
136.0
130.0
137.0
155.0
208.0
140.0
158.0
133.0
144.0
146.0
146.0
155.0
144.0
149.0
153.0
160.0
130.0
146.0
171.0
138.0
150.0
150.0
134.0
121.0
165.0
145.0
158.0
150.0
146.0
143.0
140.0
143.0
142.0
139.0
186.0
177.0
143.0
174.0
138.0
137.0
162.0
147.0
143.0
183.0
153.0
148.0
134.0
156.0
145.0
147.0
178.0
135.0
153.0
154.0
138.0
151.0
163.0
161.0
151.0
156.0
161.0
148.0
140.0
148.0
145.0
153.0
136.0
159.0
166.0
126.0
141.0
153.0
142.0
193.0
147.0
126.0
129.0
145.0
149.0
152.0
157.0
151.0
189.0
144.0
132.0
149.0
144.0
142.0
142.0
163.0
159.0
156.0
166.0
147.0
131.0
164.0
161.0
144.0
146.0
140.0
146.0
142.0
133.0
169.0
