279.0
278.0
243.0
187.0
221.0
221.0
189.0
225.0
178.0
182.0
163.0
286.0
278.0
251.0
217.0
237.0
244.0
179.0
180.0
202.0
229.0
189.0
238.0
201.0
201.0
183.0
195.0
177.0
145.0
195.0
310.0
301.0
302.0
403.0
348.0
286.0
315.0
352.0
287.0
339.0
333.0
303.0
362.0
315.0
250.0
209.0
280.0
240.0
199.0
246.0
280.0
291.0
385.0
405.0
439.0
381.0
355.0
305.0
324.0
411.0
418.0
283.0
367.0
439.0
475.0
496.0
451.0
430.0
456.0
451.0
404.0
370.0
494.0
536.0
651.0
638.0
539.0
418.0
350.0
356.0
314.0
197.0
186.0
169.0
258.0
202.0
172.0
180.0
196.0
174.0
265.0
286.0
262.0
273.0
399.0
332.0
360.0
339.0
323.0
258.0
167.0
222.0
268.0
240.0
207.0
234.0
283.0
228.0
193.0
177.0
198.0
181.0
204.0
208.0
177.0
207.0
215.0
217.0
206.0
162.0
244.0
205.0
198.0
196.0
204.0
191.0
286.0
241.0
270.0
198.0
171.0
176.0
219.0
219.0
210.0
172.0
212.0
186.0
197.0
205.0
229.0
265.0
313.0
257.0
232.0
164.0
177.0
184.0
254.0
205.0
238.0
204.0
179.0
203.0
278.0
374.0
307.0
306.0
270.0
253.0
410.0
465.0
406.0
425.0
389.0
435.0
382.0
354.0
485.0
533.0
436.0
430.0
382.0
291.0
213.0
226.0
190.0
199.0
228.0
325.0
303.0
265.0
192.0
213.0
193.0
292.0
404.0
340.0
470.0
489.0
463.0
430.0
427.0
400.0
352.0
340.0
303.0
271.0
212.0
181.0
