194.0
167.0
217.0
152.0
169.0
133.0
174.0
167.0
168.0
153.0
149.0
166.0
149.0
182.0
165.0
159.0
153.0
145.0
208.0
148.0
123.0
152.0
147.0
171.0
136.0
140.0
143.0
141.0
140.0
152.0
146.0
144.0
149.0
160.0
146.0
150.0
196.0
141.0
160.0
153.0
166.0
152.0
171.0
179.0
255.0
186.0
190.0
152.0
187.0
165.0
187.0
139.0
160.0
181.0
137.0
152.0
146.0
156.0
220.0
149.0
152.0
252.0
183.0
153.0
191.0
171.0
151.0
152.0
152.0
149.0
146.0
159.0
156.0
189.0
157.0
143.0
187.0
167.0
154.0
146.0
159.0
144.0
157.0
125.0
150.0
138.0
182.0
152.0
148.0
208.0
140.0
201.0
157.0
152.0
141.0
164.0
137.0
167.0
139.0
214.0
150.0
156.0
140.0
141.0
153.0
176.0
130.0
155.0
154.0
167.0
147.0
145.0
144.0
136.0
172.0
143.0
185.0
160.0
151.0
206.0
191.0
150.0
147.0
163.0
157.0
141.0
152.0
144.0
151.0
177.0
171.0
170.0
415.0
146.0
158.0
139.0
158.0
140.0
141.0
154.0
176.0
145.0
195.0
156.0
152.0
159.0
141.0
148.0
136.0
133.0
290.0
140.0
156.0
167.0
139.0
150.0
180.0
154.0
150.0
156.0
144.0
143.0
151.0
146.0
132.0
147.0
174.0
155.0
191.0
155.0
166.0
151.0
148.0
158.0
164.0
171.0
148.0
147.0
161.0
146.0
169.0
152.0
147.0
133.0
140.0
178.0
129.0
152.0
167.0
131.0
143.0
145.0
160.0
150.0
167.0
152.0
135.0
157.0
186.0
149.0
