172.0
154.0
138.0
139.0
214.0
152.0
174.0
176.0
165.0
161.0
195.0
205.0
175.0
152.0
175.0
184.0
183.0
161.0
228.0
167.0
202.0
147.0
167.0
139.0
159.0
177.0
168.0
189.0
201.0
181.0
205.0
187.0
134.0
159.0
184.0
224.0
196.0
246.0
149.0
255.0
164.0
199.0
332.0
158.0
152.0
164.0
134.0
156.0
143.0
172.0
170.0
151.0
160.0
169.0
239.0
135.0
156.0
158.0
183.0
161.0
143.0
129.0
164.0
143.0
177.0
131.0
152.0
155.0
162.0
205.0
143.0
155.0
160.0
177.0
149.0
151.0
170.0
145.0
209.0
174.0
185.0
188.0
228.0
134.0
163.0
144.0
151.0
137.0
146.0
153.0
151.0
174.0
152.0
159.0
135.0
147.0
147.0
202.0
211.0
187.0
153.0
161.0
143.0
153.0
154.0
194.0
131.0
191.0
163.0
157.0
158.0
169.0
152.0
187.0
151.0
152.0
171.0
145.0
150.0
200.0
144.0
175.0
164.0
151.0
184.0
160.0
186.0
177.0
193.0
235.0
138.0
161.0
132.0
167.0
158.0
187.0
136.0
149.0
209.0
201.0
149.0
138.0
166.0
194.0
173.0
148.0
163.0
157.0
156.0
150.0
169.0
193.0
157.0
148.0
164.0
152.0
181.0
212.0
145.0
153.0
177.0
171.0
144.0
172.0
174.0
172.0
156.0
143.0
164.0
149.0
170.0
174.0
170.0
168.0
137.0
172.0
158.0
137.0
174.0
177.0
147.0
147.0
171.0
160.0
204.0
178.0
141.0
170.0
149.0
154.0
222.0
177.0
155.0
155.0
179.0
151.0
152.0
161.0
162.0
190.0
