191.0
200.0
171.0
149.0
196.0
263.0
214.0
269.0
250.0
225.0
175.0
195.0
161.0
170.0
150.0
168.0
225.0
181.0
212.0
211.0
196.0
151.0
225.0
186.0
168.0
173.0
190.0
136.0
325.0
327.0
207.0
193.0
162.0
166.0
196.0
159.0
199.0
196.0
170.0
247.0
249.0
333.0
264.0
248.0
202.0
200.0
219.0
261.0
244.0
186.0
292.0
180.0
177.0
212.0
181.0
185.0
182.0
252.0
251.0
169.0
183.0
198.0
288.0
235.0
239.0
179.0
297.0
258.0
248.0
215.0
195.0
145.0
190.0
209.0
173.0
188.0
194.0
182.0
212.0
176.0
186.0
251.0
229.0
241.0
240.0
197.0
213.0
169.0
332.0
266.0
254.0
221.0
156.0
185.0
213.0
175.0
235.0
170.0
213.0
185.0
229.0
249.0
205.0
201.0
152.0
173.0
150.0
222.0
185.0
206.0
200.0
188.0
204.0
181.0
324.0
298.0
216.0
207.0
206.0
195.0
186.0
183.0
158.0
186.0
191.0
166.0
170.0
199.0
185.0
145.0
178.0
161.0
220.0
186.0
172.0
176.0
165.0
151.0
170.0
204.0
242.0
150.0
425.0
335.0
383.0
324.0
241.0
239.0
248.0
207.0
237.0
165.0
384.0
344.0
294.0
268.0
274.0
264.0
173.0
213.0
249.0
215.0
175.0
218.0
228.0
267.0
229.0
178.0
203.0
177.0
223.0
186.0
182.0
201.0
166.0
157.0
201.0
196.0
160.0
168.0
195.0
214.0
191.0
209.0
200.0
141.0
184.0
218.0
212.0
155.0
226.0
165.0
170.0
222.0
255.0
237.0
281.0
237.0
204.0
206.0
