669.0
681.0
751.0
708.0
736.0
965.0
975.0
905.0
777.0
756.0
1037.0
844.0
812.0
803.0
745.0
789.0
839.0
848.0
931.0
756.0
745.0
797.0
841.0
764.0
789.0
773.0
763.0
758.0
798.0
779.0
817.0
783.0
986.0
734.0
775.0
753.0
727.0
739.0
826.0
792.0
720.0
723.0
836.0
759.0
781.0
816.0
754.0
832.0
965.0
755.0
786.0
782.0
851.0
903.0
781.0
886.0
847.0
831.0
1090.0
700.0
756.0
959.0
854.0
724.0
871.0
921.0
838.0
819.0
823.0
808.0
877.0
822.0
783.0
949.0
737.0
861.0
777.0
741.0
753.0
860.0
818.0
728.0
770.0
748.0
746.0
864.0
919.0
797.0
721.0
768.0
795.0
760.0
713.0
845.0
745.0
831.0
895.0
733.0
791.0
952.0
821.0
908.0
874.0
827.0
784.0
972.0
814.0
742.0
817.0
794.0
753.0
845.0
806.0
887.0
920.0
716.0
975.0
792.0
796.0
929.0
855.0
816.0
678.0
854.0
765.0
1135.0
888.0
700.0
767.0
776.0
798.0
727.0
749.0
763.0
785.0
776.0
883.0
766.0
717.0
756.0
841.0
849.0
795.0
744.0
799.0
686.0
744.0
679.0
790.0
890.0
826.0
780.0
815.0
705.0
766.0
749.0
898.0
775.0
773.0
812.0
757.0
856.0
982.0
884.0
756.0
781.0
759.0
805.0
837.0
845.0
801.0
804.0
873.0
850.0
940.0
771.0
877.0
868.0
733.0
747.0
773.0
755.0
683.0
760.0
731.0
902.0
865.0
806.0
714.0
750.0
774.0
907.0
733.0
858.0
800.0
737.0
769.0
877.0
798.0
760.0
