232.0
252.0
285.0
287.0
273.0
325.0
270.0
226.0
237.0
258.0
245.0
261.0
297.0
214.0
263.0
263.0
258.0
248.0
271.0
252.0
261.0
233.0
238.0
316.0
265.0
243.0
269.0
257.0
252.0
242.0
306.0
254.0
293.0
252.0
281.0
239.0
259.0
239.0
268.0
227.0
275.0
303.0
229.0
257.0
299.0
279.0
240.0
230.0
295.0
291.0
249.0
266.0
275.0
253.0
264.0
268.0
270.0
255.0
274.0
243.0
248.0
279.0
287.0
246.0
201.0
237.0
269.0
303.0
279.0
258.0
219.0
259.0
247.0
248.0
291.0
264.0
264.0
289.0
267.0
277.0
266.0
293.0
278.0
284.0
245.0
241.0
246.0
242.0
272.0
271.0
234.0
317.0
279.0
269.0
289.0
275.0
295.0
304.0
261.0
261.0
263.0
293.0
256.0
307.0
257.0
238.0
247.0
268.0
301.0
278.0
240.0
253.0
266.0
293.0
241.0
238.0
279.0
284.0
219.0
275.0
233.0
230.0
230.0
226.0
284.0
296.0
264.0
255.0
242.0
219.0
252.0
260.0
293.0
253.0
231.0
258.0
312.0
240.0
279.0
304.0
247.0
315.0
216.0
300.0
256.0
214.0
330.0
238.0
291.0
255.0
284.0
248.0
241.0
258.0
269.0
263.0
311.0
220.0
276.0
259.0
238.0
246.0
256.0
307.0
268.0
242.0
289.0
244.0
285.0
265.0
240.0
322.0
284.0
287.0
262.0
266.0
228.0
256.0
292.0
237.0
263.0
232.0
257.0
246.0
333.0
255.0
264.0
226.0
230.0
266.0
316.0
247.0
259.0
266.0
299.0
255.0
254.0
244.0
261.0
221.0
