264.0
269.0
233.0
262.0
246.0
230.0
247.0
231.0
251.0
284.0
265.0
232.0
285.0
247.0
229.0
228.0
241.0
244.0
243.0
267.0
237.0
254.0
259.0
252.0
237.0
239.0
236.0
220.0
277.0
260.0
274.0
253.0
246.0
227.0
250.0
260.0
273.0
287.0
315.0
251.0
282.0
296.0
269.0
247.0
261.0
242.0
265.0
278.0
254.0
241.0
260.0
266.0
218.0
307.0
274.0
331.0
250.0
250.0
243.0
237.0
255.0
254.0
260.0
290.0
239.0
272.0
274.0
294.0
258.0
253.0
260.0
258.0
285.0
236.0
280.0
272.0
243.0
237.0
270.0
250.0
251.0
245.0
277.0
221.0
230.0
275.0
271.0
248.0
251.0
228.0
292.0
270.0
227.0
221.0
251.0
213.0
248.0
231.0
285.0
213.0
214.0
261.0
285.0
289.0
272.0
271.0
216.0
302.0
270.0
283.0
264.0
254.0
277.0
235.0
257.0
257.0
247.0
294.0
221.0
227.0
243.0
290.0
246.0
248.0
270.0
278.0
283.0
278.0
231.0
250.0
277.0
281.0
255.0
261.0
254.0
246.0
235.0
253.0
252.0
268.0
230.0
265.0
273.0
282.0
284.0
260.0
245.0
282.0
256.0
273.0
249.0
248.0
238.0
249.0
265.0
295.0
238.0
253.0
257.0
271.0
270.0
267.0
281.0
298.0
280.0
239.0
238.0
273.0
265.0
272.0
249.0
256.0
267.0
258.0
256.0
247.0
267.0
251.0
320.0
251.0
264.0
273.0
219.0
250.0
285.0
251.0
267.0
259.0
277.0
266.0
264.0
253.0
282.0
293.0
278.0
241.0
248.0
306.0
261.0
245.0
