200.0
262.0
245.0
283.0
250.0
284.0
257.0
251.0
228.0
266.0
266.0
215.0
292.0
219.0
234.0
213.0
257.0
298.0
240.0
277.0
252.0
249.0
259.0
218.0
324.0
249.0
227.0
227.0
247.0
280.0
255.0
247.0
244.0
317.0
280.0
253.0
282.0
258.0
253.0
330.0
228.0
241.0
250.0
299.0
210.0
273.0
242.0
234.0
227.0
249.0
239.0
287.0
270.0
287.0
293.0
230.0
246.0
275.0
298.0
249.0
256.0
249.0
247.0
264.0
281.0
241.0
262.0
263.0
337.0
249.0
224.0
258.0
283.0
298.0
251.0
253.0
288.0
277.0
214.0
244.0
245.0
252.0
282.0
269.0
286.0
283.0
293.0
246.0
248.0
259.0
268.0
255.0
243.0
309.0
246.0
243.0
261.0
259.0
278.0
296.0
240.0
252.0
244.0
285.0
254.0
243.0
278.0
280.0
240.0
242.0
242.0
244.0
276.0
257.0
223.0
228.0
282.0
317.0
280.0
297.0
215.0
233.0
212.0
262.0
228.0
282.0
243.0
330.0
251.0
255.0
198.0
264.0
291.0
218.0
263.0
266.0
282.0
272.0
293.0
264.0
282.0
240.0
290.0
219.0
224.0
240.0
315.0
279.0
264.0
260.0
274.0
276.0
284.0
244.0
235.0
288.0
275.0
293.0
237.0
259.0
269.0
237.0
227.0
272.0
254.0
244.0
208.0
271.0
256.0
253.0
258.0
266.0
271.0
273.0
308.0
276.0
273.0
255.0
305.0
245.0
260.0
278.0
224.0
241.0
251.0
277.0
255.0
241.0
284.0
326.0
288.0
291.0
258.0
289.0
244.0
258.0
223.0
270.0
235.0
266.0
