151.0
135.0
162.0
159.0
131.0
170.0
135.0
134.0
162.0
156.0
165.0
137.0
140.0
173.0
166.0
150.0
133.0
188.0
152.0
159.0
142.0
139.0
156.0
139.0
137.0
130.0
182.0
144.0
166.0
130.0
165.0
131.0
134.0
143.0
153.0
168.0
156.0
148.0
142.0
177.0
150.0
133.0
140.0
145.0
140.0
116.0
164.0
169.0
143.0
130.0
167.0
133.0
147.0
164.0
153.0
135.0
127.0
126.0
162.0
204.0
169.0
146.0
144.0
153.0
130.0
151.0
137.0
172.0
169.0
148.0
131.0
149.0
135.0
140.0
152.0
134.0
136.0
156.0
130.0
175.0
165.0
199.0
163.0
143.0
162.0
160.0
156.0
154.0
144.0
147.0
156.0
161.0
155.0
141.0
161.0
146.0
129.0
163.0
186.0
161.0
141.0
162.0
144.0
168.0
152.0
133.0
144.0
128.0
182.0
164.0
170.0
131.0
188.0
159.0
166.0
153.0
177.0
149.0
182.0
150.0
148.0
167.0
160.0
144.0
157.0
154.0
149.0
125.0
135.0
149.0
136.0
126.0
148.0
139.0
216.0
135.0
149.0
133.0
149.0
160.0
146.0
156.0
168.0
168.0
145.0
124.0
139.0
202.0
136.0
142.0
140.0
177.0
160.0
148.0
144.0
157.0
155.0
139.0
153.0
139.0
161.0
139.0
159.0
149.0
149.0
141.0
148.0
140.0
158.0
143.0
138.0
164.0
158.0
213.0
147.0
137.0
163.0
155.0
126.0
204.0
159.0
131.0
141.0
145.0
137.0
145.0
152.0
130.0
159.0
145.0
166.0
145.0
131.0
153.0
201.0
168.0
250.0
154.0
148.0
143.0
