177.0
168.0
190.0
165.0
207.0
179.0
154.0
173.0
181.0
304.0
191.0
176.0
187.0
197.0
161.0
213.0
185.0
178.0
166.0
161.0
174.0
327.0
192.0
154.0
150.0
269.0
214.0
248.0
164.0
179.0
176.0
191.0
162.0
200.0
220.0
173.0
159.0
193.0
155.0
171.0
189.0
189.0
184.0
215.0
161.0
163.0
144.0
159.0
194.0
149.0
155.0
168.0
149.0
231.0
202.0
175.0
169.0
174.0
170.0
209.0
179.0
293.0
175.0
167.0
187.0
152.0
167.0
159.0
193.0
192.0
209.0
175.0
164.0
156.0
195.0
224.0
171.0
273.0
173.0
170.0
155.0
163.0
203.0
171.0
192.0
229.0
160.0
238.0
169.0
194.0
167.0
135.0
189.0
167.0
184.0
158.0
203.0
196.0
223.0
159.0
199.0
136.0
200.0
162.0
176.0
190.0
171.0
219.0
176.0
211.0
168.0
194.0
174.0
200.0
158.0
155.0
178.0
173.0
165.0
170.0
184.0
210.0
143.0
179.0
184.0
158.0
173.0
176.0
175.0
151.0
171.0
334.0
232.0
225.0
226.0
170.0
264.0
177.0
153.0
174.0
213.0
166.0
152.0
223.0
158.0
325.0
222.0
150.0
167.0
156.0
215.0
168.0
199.0
190.0
217.0
161.0
183.0
140.0
189.0
186.0
223.0
180.0
220.0
141.0
162.0
240.0
159.0
204.0
210.0
186.0
175.0
174.0
153.0
142.0
166.0
180.0
274.0
162.0
155.0
200.0
167.0
166.0
174.0
194.0
162.0
162.0
155.0
172.0
164.0
139.0
161.0
193.0
166.0
170.0
270.0
199.0
174.0
140.0
159.0
175.0
