150.0
146.0
158.0
153.0
163.0
168.0
153.0
135.0
157.0
148.0
144.0
130.0
175.0
163.0
140.0
141.0
164.0
157.0
176.0
149.0
170.0
148.0
151.0
147.0
189.0
149.0
165.0
165.0
215.0
257.0
169.0
158.0
161.0
159.0
133.0
174.0
206.0
220.0
208.0
163.0
177.0
164.0
158.0
154.0
174.0
138.0
152.0
149.0
139.0
202.0
150.0
157.0
156.0
228.0
156.0
140.0
212.0
153.0
212.0
299.0
182.0
138.0
142.0
137.0
207.0
160.0
158.0
184.0
181.0
130.0
168.0
162.0
142.0
145.0
144.0
152.0
152.0
150.0
147.0
134.0
148.0
129.0
158.0
146.0
174.0
195.0
148.0
406.0
141.0
161.0
149.0
157.0
162.0
163.0
140.0
189.0
208.0
156.0
201.0
148.0
189.0
139.0
194.0
182.0
282.0
169.0
128.0
143.0
141.0
119.0
167.0
169.0
157.0
165.0
150.0
148.0
166.0
155.0
133.0
175.0
162.0
209.0
137.0
159.0
181.0
152.0
130.0
178.0
162.0
153.0
159.0
137.0
180.0
146.0
140.0
168.0
192.0
171.0
175.0
145.0
175.0
137.0
132.0
152.0
173.0
136.0
161.0
157.0
169.0
171.0
150.0
181.0
133.0
181.0
167.0
164.0
176.0
164.0
204.0
196.0
208.0
184.0
200.0
140.0
228.0
178.0
170.0
166.0
165.0
129.0
213.0
154.0
153.0
158.0
164.0
140.0
175.0
129.0
142.0
150.0
153.0
141.0
182.0
155.0
178.0
147.0
163.0
143.0
136.0
153.0
168.0
174.0
144.0
183.0
167.0
147.0
145.0
152.0
155.0
146.0
