138.0
147.0
152.0
166.0
150.0
161.0
195.0
162.0
239.0
170.0
210.0
172.0
159.0
184.0
170.0
166.0
235.0
252.0
158.0
158.0
166.0
158.0
197.0
172.0
208.0
177.0
245.0
188.0
168.0
137.0
163.0
176.0
144.0
148.0
162.0
230.0
175.0
159.0
142.0
167.0
185.0
189.0
147.0
180.0
177.0
189.0
259.0
164.0
165.0
163.0
175.0
132.0
149.0
233.0
190.0
186.0
197.0
172.0
156.0
174.0
157.0
151.0
186.0
138.0
154.0
167.0
149.0
145.0
186.0
177.0
176.0
177.0
180.0
173.0
136.0
213.0
182.0
164.0
271.0
235.0
149.0
152.0
162.0
153.0
146.0
157.0
153.0
146.0
285.0
155.0
160.0
329.0
189.0
153.0
163.0
271.0
199.0
162.0
149.0
164.0
201.0
206.0
178.0
144.0
185.0
274.0
163.0
225.0
179.0
173.0
128.0
209.0
176.0
158.0
173.0
161.0
149.0
184.0
194.0
177.0
161.0
164.0
190.0
175.0
183.0
150.0
151.0
206.0
159.0
139.0
151.0
162.0
154.0
199.0
169.0
190.0
195.0
176.0
169.0
188.0
174.0
152.0
158.0
159.0
149.0
168.0
153.0
190.0
173.0
178.0
191.0
145.0
150.0
207.0
186.0
187.0
172.0
173.0
273.0
195.0
153.0
228.0
226.0
157.0
161.0
175.0
173.0
318.0
297.0
176.0
198.0
156.0
177.0
262.0
161.0
229.0
161.0
176.0
164.0
193.0
175.0
214.0
202.0
177.0
211.0
203.0
172.0
185.0
179.0
210.0
173.0
178.0
160.0
172.0
251.0
159.0
135.0
176.0
268.0
177.0
