427.0
357.0
361.0
386.0
379.0
570.0
715.0
712.0
837.0
719.0
606.0
788.0
719.0
876.0
886.0
842.0
812.0
823.0
727.0
744.0
701.0
776.0
1020.0
907.0
813.0
767.0
772.0
838.0
771.0
693.0
936.0
882.0
778.0
781.0
705.0
708.0
908.0
779.0
721.0
739.0
789.0
765.0
773.0
694.0
737.0
845.0
813.0
725.0
858.0
791.0
788.0
1029.0
750.0
766.0
832.0
951.0
902.0
848.0
965.0
899.0
984.0
1003.0
784.0
823.0
802.0
712.0
783.0
823.0
799.0
826.0
752.0
731.0
890.0
878.0
982.0
855.0
681.0
764.0
761.0
940.0
667.0
846.0
818.0
891.0
702.0
896.0
706.0
709.0
766.0
774.0
868.0
882.0
832.0
752.0
946.0
769.0
655.0
695.0
723.0
810.0
760.0
761.0
876.0
904.0
729.0
879.0
737.0
758.0
878.0
833.0
797.0
829.0
755.0
799.0
765.0
786.0
856.0
880.0
885.0
726.0
886.0
741.0
694.0
950.0
755.0
710.0
771.0
723.0
766.0
856.0
789.0
893.0
703.0
795.0
701.0
787.0
978.0
765.0
843.0
752.0
818.0
930.0
772.0
912.0
921.0
779.0
958.0
702.0
768.0
746.0
858.0
784.0
771.0
874.0
794.0
799.0
953.0
840.0
731.0
781.0
746.0
839.0
875.0
862.0
789.0
729.0
797.0
812.0
768.0
900.0
776.0
764.0
722.0
804.0
797.0
828.0
817.0
881.0
872.0
820.0
752.0
775.0
727.0
792.0
765.0
830.0
829.0
742.0
812.0
723.0
898.0
900.0
741.0
734.0
813.0
769.0
903.0
803.0
769.0
718.0
