132.0
178.0
132.0
156.0
187.0
133.0
169.0
172.0
149.0
169.0
147.0
199.0
232.0
149.0
167.0
143.0
143.0
155.0
138.0
145.0
155.0
137.0
150.0
151.0
143.0
169.0
136.0
170.0
151.0
165.0
150.0
148.0
244.0
200.0
187.0
153.0
157.0
161.0
172.0
171.0
174.0
169.0
147.0
141.0
155.0
244.0
136.0
184.0
171.0
159.0
159.0
153.0
163.0
161.0
150.0
165.0
173.0
164.0
142.0
158.0
168.0
162.0
163.0
147.0
156.0
180.0
205.0
169.0
161.0
138.0
156.0
142.0
142.0
165.0
157.0
139.0
145.0
137.0
173.0
155.0
135.0
142.0
140.0
154.0
278.0
148.0
164.0
162.0
172.0
153.0
162.0
165.0
136.0
156.0
132.0
143.0
182.0
137.0
155.0
203.0
160.0
153.0
144.0
138.0
251.0
227.0
179.0
149.0
138.0
146.0
169.0
146.0
169.0
158.0
152.0
166.0
139.0
138.0
162.0
152.0
174.0
168.0
146.0
136.0
217.0
158.0
167.0
144.0
145.0
137.0
169.0
132.0
160.0
142.0
157.0
150.0
193.0
170.0
138.0
124.0
171.0
184.0
125.0
146.0
149.0
146.0
151.0
144.0
153.0
168.0
138.0
145.0
166.0
154.0
171.0
158.0
147.0
200.0
160.0
144.0
145.0
133.0
136.0
181.0
155.0
156.0
184.0
168.0
158.0
161.0
161.0
154.0
151.0
151.0
181.0
166.0
125.0
169.0
174.0
152.0
157.0
156.0
167.0
207.0
165.0
157.0
172.0
236.0
184.0
149.0
174.0
144.0
172.0
192.0
132.0
131.0
182.0
136.0
157.0
160.0
