238.0
348.0
238.0
267.0
256.0
259.0
262.0
249.0
255.0
290.0
241.0
302.0
278.0
254.0
240.0
250.0
247.0
281.0
249.0
252.0
291.0
307.0
273.0
315.0
279.0
269.0
289.0
273.0
246.0
246.0
230.0
245.0
276.0
249.0
303.0
252.0
366.0
292.0
240.0
289.0
242.0
259.0
239.0
279.0
253.0
263.0
266.0
248.0
303.0
241.0
238.0
218.0
242.0
245.0
264.0
285.0
311.0
287.0
245.0
242.0
271.0
274.0
258.0
314.0
278.0
292.0
237.0
305.0
275.0
249.0
302.0
253.0
247.0
232.0
285.0
293.0
270.0
273.0
315.0
283.0
286.0
257.0
274.0
241.0
248.0
268.0
246.0
255.0
247.0
283.0
268.0
303.0
307.0
308.0
288.0
257.0
249.0
235.0
246.0
275.0
303.0
237.0
260.0
344.0
273.0
257.0
236.0
323.0
259.0
276.0
268.0
304.0
258.0
232.0
255.0
271.0
258.0
251.0
287.0
288.0
227.0
309.0
260.0
232.0
300.0
275.0
338.0
245.0
255.0
272.0
235.0
269.0
284.0
299.0
266.0
253.0
230.0
266.0
290.0
226.0
248.0
355.0
243.0
260.0
250.0
241.0
248.0
246.0
241.0
296.0
276.0
241.0
268.0
281.0
289.0
245.0
247.0
256.0
266.0
240.0
271.0
279.0
273.0
260.0
235.0
249.0
221.0
240.0
262.0
243.0
277.0
241.0
258.0
300.0
254.0
281.0
247.0
285.0
261.0
291.0
255.0
379.0
293.0
263.0
255.0
302.0
245.0
249.0
285.0
260.0
237.0
239.0
276.0
266.0
262.0
271.0
285.0
261.0
262.0
249.0
