291.0
289.0
239.0
267.0
299.0
307.0
310.0
266.0
235.0
225.0
288.0
257.0
250.0
267.0
246.0
252.0
289.0
240.0
306.0
267.0
246.0
284.0
270.0
275.0
239.0
246.0
267.0
268.0
231.0
288.0
264.0
279.0
221.0
277.0
278.0
263.0
280.0
221.0
229.0
247.0
242.0
289.0
268.0
286.0
227.0
226.0
274.0
271.0
234.0
293.0
284.0
248.0
276.0
300.0
321.0
268.0
289.0
273.0
218.0
237.0
277.0
296.0
237.0
252.0
268.0
302.0
246.0
271.0
242.0
244.0
243.0
279.0
273.0
268.0
273.0
239.0
265.0
223.0
266.0
244.0
293.0
253.0
273.0
217.0
241.0
231.0
251.0
238.0
265.0
236.0
250.0
254.0
305.0
266.0
275.0
265.0
251.0
276.0
276.0
254.0
254.0
274.0
233.0
341.0
218.0
289.0
261.0
255.0
262.0
305.0
242.0
252.0
264.0
276.0
296.0
317.0
242.0
276.0
231.0
280.0
308.0
269.0
264.0
264.0
251.0
277.0
269.0
280.0
294.0
299.0
263.0
229.0
265.0
265.0
254.0
247.0
248.0
244.0
214.0
264.0
264.0
279.0
308.0
291.0
251.0
261.0
265.0
260.0
248.0
257.0
255.0
281.0
227.0
247.0
252.0
303.0
241.0
264.0
293.0
233.0
250.0
273.0
256.0
250.0
342.0
280.0
307.0
242.0
296.0
240.0
295.0
252.0
255.0
261.0
277.0
269.0
338.0
354.0
272.0
244.0
250.0
281.0
303.0
284.0
286.0
276.0
322.0
265.0
265.0
245.0
243.0
277.0
266.0
289.0
264.0
247.0
231.0
280.0
240.0
250.0
