235.0
251.0
239.0
280.0
224.0
218.0
252.0
283.0
272.0
277.0
286.0
279.0
316.0
246.0
239.0
272.0
264.0
284.0
235.0
262.0
267.0
308.0
220.0
296.0
254.0
263.0
255.0
275.0
275.0
280.0
263.0
266.0
303.0
257.0
275.0
235.0
269.0
255.0
278.0
274.0
261.0
262.0
237.0
246.0
276.0
261.0
255.0
280.0
224.0
282.0
266.0
269.0
268.0
268.0
247.0
240.0
279.0
330.0
286.0
249.0
259.0
252.0
248.0
312.0
295.0
277.0
237.0
241.0
277.0
292.0
298.0
277.0
258.0
257.0
279.0
267.0
269.0
233.0
260.0
239.0
301.0
294.0
259.0
236.0
277.0
279.0
254.0
247.0
235.0
312.0
268.0
295.0
306.0
243.0
242.0
261.0
239.0
272.0
274.0
278.0
278.0
278.0
232.0
257.0
306.0
288.0
268.0
253.0
242.0
279.0
271.0
217.0
265.0
255.0
289.0
237.0
246.0
288.0
335.0
294.0
280.0
278.0
234.0
294.0
290.0
271.0
255.0
274.0
261.0
257.0
260.0
244.0
310.0
245.0
271.0
230.0
245.0
237.0
297.0
231.0
257.0
237.0
241.0
251.0
247.0
236.0
211.0
301.0
322.0
275.0
276.0
248.0
258.0
267.0
240.0
224.0
237.0
257.0
256.0
297.0
267.0
288.0
210.0
290.0
278.0
222.0
239.0
278.0
265.0
280.0
259.0
256.0
226.0
257.0
286.0
237.0
308.0
251.0
293.0
219.0
306.0
272.0
223.0
243.0
237.0
240.0
247.0
245.0
237.0
250.0
259.0
255.0
243.0
264.0
262.0
288.0
237.0
288.0
254.0
316.0
