164.0
164.0
209.0
167.0
149.0
176.0
135.0
169.0
163.0
175.0
161.0
160.0
168.0
158.0
147.0
182.0
157.0
139.0
200.0
176.0
154.0
146.0
207.0
163.0
222.0
164.0
181.0
169.0
172.0
165.0
166.0
148.0
173.0
154.0
161.0
164.0
138.0
170.0
175.0
167.0
163.0
234.0
159.0
140.0
163.0
138.0
167.0
157.0
141.0
160.0
145.0
181.0
164.0
144.0
149.0
189.0
209.0
144.0
188.0
183.0
180.0
151.0
181.0
176.0
157.0
220.0
154.0
162.0
150.0
153.0
169.0
154.0
167.0
128.0
166.0
152.0
168.0
269.0
145.0
152.0
158.0
148.0
149.0
135.0
164.0
139.0
151.0
153.0
145.0
152.0
237.0
141.0
200.0
170.0
159.0
162.0
157.0
166.0
144.0
147.0
158.0
179.0
287.0
230.0
157.0
137.0
136.0
139.0
160.0
171.0
147.0
159.0
177.0
152.0
190.0
148.0
210.0
178.0
166.0
234.0
158.0
177.0
191.0
201.0
165.0
210.0
174.0
175.0
204.0
142.0
173.0
185.0
178.0
145.0
173.0
181.0
155.0
146.0
166.0
186.0
252.0
168.0
154.0
147.0
156.0
156.0
178.0
173.0
183.0
150.0
162.0
145.0
172.0
158.0
174.0
165.0
158.0
172.0
147.0
158.0
155.0
168.0
179.0
230.0
165.0
173.0
184.0
172.0
137.0
157.0
191.0
165.0
146.0
149.0
144.0
196.0
154.0
154.0
157.0
149.0
209.0
165.0
205.0
211.0
184.0
169.0
168.0
159.0
171.0
160.0
177.0
194.0
155.0
173.0
136.0
169.0
152.0
178.0
194.0
159.0
