140.0
130.0
135.0
153.0
141.0
137.0
154.0
137.0
153.0
135.0
158.0
137.0
137.0
144.0
154.0
143.0
157.0
140.0
149.0
162.0
135.0
156.0
140.0
132.0
129.0
172.0
144.0
127.0
147.0
175.0
153.0
166.0
144.0
169.0
170.0
147.0
120.0
163.0
147.0
167.0
150.0
137.0
180.0
167.0
123.0
152.0
151.0
147.0
142.0
138.0
126.0
144.0
159.0
266.0
143.0
160.0
151.0
163.0
151.0
146.0
166.0
149.0
156.0
146.0
152.0
132.0
145.0
149.0
151.0
142.0
160.0
130.0
147.0
183.0
161.0
159.0
145.0
133.0
142.0
158.0
155.0
134.0
155.0
144.0
145.0
126.0
154.0
153.0
135.0
157.0
151.0
138.0
150.0
188.0
182.0
154.0
136.0
171.0
142.0
157.0
134.0
161.0
140.0
147.0
196.0
150.0
182.0
190.0
164.0
141.0
173.0
136.0
150.0
170.0
157.0
132.0
157.0
172.0
148.0
128.0
135.0
169.0
157.0
118.0
179.0
151.0
146.0
156.0
193.0
122.0
206.0
151.0
140.0
158.0
131.0
143.0
160.0
159.0
200.0
160.0
158.0
156.0
131.0
157.0
132.0
155.0
164.0
159.0
141.0
148.0
125.0
153.0
145.0
132.0
139.0
170.0
137.0
150.0
137.0
149.0
151.0
156.0
174.0
168.0
142.0
148.0
185.0
143.0
154.0
144.0
141.0
144.0
150.0
129.0
162.0
157.0
129.0
140.0
149.0
138.0
144.0
146.0
157.0
224.0
154.0
164.0
138.0
147.0
159.0
157.0
140.0
154.0
140.0
158.0
133.0
138.0
179.0
158.0
154.0
130.0
