145.0
150.0
152.0
223.0
228.0
221.0
229.0
198.0
169.0
230.0
206.0
175.0
189.0
204.0
177.0
204.0
212.0
208.0
171.0
152.0
181.0
153.0
141.0
157.0
178.0
183.0
252.0
168.0
174.0
150.0
207.0
217.0
161.0
283.0
393.0
311.0
220.0
213.0
284.0
291.0
192.0
169.0
277.0
213.0
124.0
128.0
222.0
178.0
204.0
179.0
169.0
160.0
183.0
157.0
318.0
194.0
140.0
162.0
208.0
179.0
219.0
187.0
148.0
158.0
220.0
159.0
183.0
181.0
207.0
187.0
174.0
182.0
205.0
145.0
165.0
155.0
154.0
147.0
256.0
173.0
178.0
154.0
209.0
212.0
214.0
175.0
193.0
245.0
183.0
149.0
167.0
206.0
183.0
218.0
212.0
182.0
171.0
154.0
191.0
148.0
153.0
195.0
154.0
200.0
164.0
179.0
170.0
190.0
143.0
159.0
153.0
146.0
251.0
218.0
176.0
220.0
152.0
166.0
171.0
198.0
156.0
195.0
271.0
177.0
157.0
233.0
191.0
188.0
254.0
237.0
175.0
154.0
177.0
157.0
166.0
157.0
239.0
182.0
158.0
176.0
169.0
165.0
214.0
178.0
180.0
254.0
182.0
167.0
155.0
155.0
185.0
205.0
197.0
217.0
168.0
173.0
223.0
227.0
177.0
180.0
188.0
159.0
164.0
166.0
214.0
213.0
261.0
236.0
203.0
193.0
219.0
150.0
160.0
176.0
138.0
154.0
184.0
187.0
183.0
215.0
180.0
171.0
174.0
165.0
161.0
172.0
174.0
239.0
167.0
142.0
211.0
212.0
217.0
182.0
222.0
161.0
160.0
147.0
172.0
180.0
