291.0
258.0
256.0
288.0
285.0
299.0
289.0
279.0
241.0
244.0
271.0
242.0
224.0
281.0
235.0
290.0
240.0
243.0
259.0
298.0
232.0
296.0
286.0
257.0
258.0
319.0
314.0
353.0
272.0
288.0
265.0
286.0
275.0
268.0
290.0
254.0
326.0
257.0
278.0
265.0
312.0
271.0
249.0
316.0
299.0
262.0
246.0
298.0
278.0
242.0
231.0
276.0
278.0
291.0
259.0
235.0
319.0
312.0
247.0
292.0
235.0
228.0
285.0
253.0
258.0
265.0
231.0
256.0
255.0
240.0
269.0
272.0
276.0
272.0
233.0
261.0
242.0
305.0
272.0
310.0
336.0
265.0
273.0
237.0
252.0
255.0
275.0
297.0
234.0
321.0
283.0
284.0
255.0
221.0
275.0
260.0
263.0
272.0
281.0
245.0
289.0
275.0
330.0
332.0
238.0
260.0
273.0
314.0
249.0
292.0
258.0
263.0
287.0
251.0
301.0
234.0
284.0
281.0
295.0
280.0
329.0
218.0
283.0
292.0
265.0
267.0
252.0
315.0
240.0
284.0
265.0
281.0
290.0
261.0
381.0
259.0
254.0
268.0
252.0
267.0
303.0
262.0
278.0
248.0
306.0
233.0
234.0
270.0
249.0
266.0
239.0
292.0
268.0
295.0
277.0
242.0
274.0
302.0
241.0
251.0
233.0
232.0
307.0
269.0
278.0
227.0
255.0
311.0
286.0
326.0
296.0
261.0
306.0
245.0
253.0
255.0
261.0
247.0
289.0
263.0
241.0
229.0
235.0
254.0
255.0
276.0
300.0
288.0
274.0
315.0
285.0
300.0
275.0
346.0
288.0
268.0
297.0
262.0
287.0
272.0
