154.0
164.0
145.0
151.0
183.0
143.0
136.0
151.0
166.0
163.0
156.0
142.0
161.0
170.0
140.0
163.0
163.0
154.0
130.0
194.0
147.0
143.0
189.0
152.0
138.0
157.0
168.0
164.0
187.0
153.0
162.0
157.0
147.0
190.0
159.0
174.0
144.0
166.0
153.0
190.0
235.0
169.0
151.0
152.0
134.0
142.0
141.0
151.0
180.0
185.0
207.0
168.0
164.0
168.0
164.0
166.0
156.0
147.0
136.0
156.0
148.0
136.0
176.0
161.0
164.0
153.0
133.0
173.0
138.0
165.0
232.0
142.0
141.0
170.0
145.0
149.0
192.0
151.0
160.0
158.0
136.0
164.0
143.0
182.0
157.0
169.0
203.0
153.0
149.0
163.0
148.0
152.0
152.0
162.0
169.0
154.0
151.0
161.0
131.0
139.0
183.0
134.0
185.0
160.0
214.0
159.0
203.0
149.0
153.0
138.0
159.0
157.0
146.0
155.0
195.0
201.0
141.0
132.0
200.0
174.0
156.0
161.0
145.0
154.0
135.0
138.0
148.0
151.0
137.0
154.0
174.0
180.0
167.0
151.0
199.0
145.0
159.0
184.0
133.0
223.0
162.0
152.0
182.0
151.0
129.0
157.0
140.0
150.0
153.0
138.0
159.0
145.0
166.0
154.0
145.0
186.0
290.0
199.0
147.0
238.0
170.0
173.0
145.0
148.0
167.0
177.0
159.0
166.0
160.0
151.0
195.0
141.0
137.0
165.0
150.0
153.0
221.0
168.0
147.0
212.0
176.0
173.0
141.0
150.0
177.0
162.0
167.0
137.0
154.0
158.0
153.0
147.0
169.0
228.0
153.0
172.0
161.0
187.0
150.0
192.0
