150.0
190.0
178.0
160.0
143.0
178.0
177.0
166.0
148.0
177.0
201.0
196.0
160.0
163.0
164.0
173.0
196.0
218.0
207.0
146.0
174.0
175.0
180.0
155.0
149.0
160.0
161.0
163.0
173.0
141.0
182.0
163.0
150.0
138.0
185.0
290.0
168.0
170.0
181.0
151.0
139.0
146.0
164.0
182.0
142.0
224.0
134.0
143.0
168.0
172.0
176.0
139.0
142.0
177.0
163.0
169.0
227.0
165.0
197.0
168.0
175.0
166.0
166.0
146.0
138.0
139.0
201.0
139.0
178.0
197.0
151.0
207.0
174.0
184.0
178.0
153.0
169.0
166.0
154.0
168.0
149.0
192.0
151.0
146.0
151.0
170.0
193.0
199.0
186.0
166.0
172.0
167.0
214.0
162.0
177.0
179.0
194.0
164.0
181.0
150.0
145.0
150.0
158.0
153.0
144.0
157.0
181.0
145.0
209.0
147.0
172.0
179.0
316.0
193.0
203.0
179.0
184.0
154.0
210.0
204.0
136.0
166.0
154.0
145.0
143.0
160.0
157.0
173.0
156.0
159.0
168.0
145.0
233.0
181.0
159.0
142.0
148.0
205.0
164.0
206.0
165.0
158.0
137.0
132.0
150.0
175.0
210.0
175.0
158.0
164.0
228.0
171.0
181.0
165.0
140.0
230.0
158.0
150.0
157.0
142.0
154.0
329.0
131.0
190.0
142.0
197.0
222.0
154.0
157.0
190.0
176.0
180.0
186.0
159.0
190.0
152.0
198.0
225.0
160.0
145.0
156.0
276.0
157.0
171.0
135.0
221.0
197.0
173.0
203.0
156.0
164.0
191.0
151.0
164.0
188.0
192.0
282.0
243.0
186.0
173.0
