288.0
293.0
335.0
255.0
274.0
256.0
279.0
267.0
385.0
295.0
271.0
253.0
258.0
241.0
225.0
246.0
233.0
264.0
241.0
243.0
325.0
292.0
312.0
246.0
282.0
283.0
279.0
242.0
251.0
264.0
280.0
299.0
236.0
275.0
236.0
283.0
253.0
246.0
276.0
255.0
215.0
253.0
247.0
299.0
381.0
231.0
302.0
228.0
288.0
257.0
263.0
257.0
270.0
266.0
253.0
220.0
264.0
281.0
245.0
248.0
236.0
260.0
247.0
277.0
272.0
237.0
324.0
345.0
244.0
257.0
269.0
245.0
328.0
249.0
264.0
275.0
342.0
265.0
284.0
271.0
270.0
284.0
253.0
291.0
255.0
248.0
268.0
270.0
287.0
280.0
316.0
281.0
276.0
241.0
255.0
218.0
266.0
221.0
293.0
266.0
278.0
279.0
236.0
299.0
334.0
253.0
218.0
293.0
285.0
246.0
329.0
265.0
296.0
245.0
266.0
273.0
240.0
399.0
291.0
289.0
248.0
258.0
291.0
263.0
311.0
250.0
258.0
276.0
328.0
256.0
230.0
242.0
319.0
243.0
287.0
274.0
252.0
254.0
269.0
270.0
284.0
329.0
289.0
268.0
229.0
268.0
248.0
286.0
272.0
242.0
241.0
257.0
280.0
245.0
251.0
231.0
230.0
255.0
300.0
255.0
222.0
297.0
254.0
292.0
320.0
304.0
257.0
261.0
233.0
342.0
284.0
254.0
256.0
308.0
243.0
286.0
290.0
272.0
265.0
256.0
244.0
240.0
259.0
260.0
309.0
255.0
311.0
240.0
236.0
255.0
285.0
275.0
276.0
270.0
269.0
247.0
324.0
263.0
246.0
325.0
