296.0
271.0
347.0
256.0
241.0
254.0
293.0
252.0
286.0
225.0
279.0
272.0
251.0
239.0
236.0
275.0
267.0
276.0
280.0
255.0
265.0
233.0
290.0
252.0
288.0
281.0
249.0
275.0
248.0
281.0
244.0
246.0
242.0
289.0
231.0
253.0
280.0
253.0
272.0
249.0
255.0
246.0
263.0
258.0
293.0
276.0
259.0
318.0
254.0
291.0
251.0
303.0
242.0
300.0
266.0
244.0
261.0
220.0
257.0
279.0
288.0
239.0
271.0
283.0
290.0
247.0
289.0
321.0
272.0
226.0
275.0
257.0
274.0
275.0
261.0
244.0
248.0
287.0
286.0
239.0
306.0
271.0
297.0
321.0
253.0
221.0
269.0
267.0
259.0
297.0
261.0
221.0
276.0
280.0
241.0
267.0
264.0
252.0
245.0
256.0
261.0
251.0
223.0
286.0
278.0
305.0
243.0
265.0
276.0
240.0
239.0
284.0
285.0
230.0
297.0
263.0
243.0
222.0
288.0
263.0
253.0
273.0
222.0
306.0
255.0
284.0
274.0
280.0
244.0
259.0
250.0
296.0
286.0
250.0
265.0
291.0
240.0
272.0
236.0
232.0
278.0
260.0
254.0
233.0
268.0
272.0
233.0
245.0
311.0
259.0
248.0
303.0
252.0
255.0
262.0
272.0
237.0
255.0
260.0
240.0
227.0
247.0
301.0
250.0
248.0
254.0
249.0
241.0
285.0
260.0
292.0
291.0
300.0
319.0
279.0
240.0
268.0
262.0
275.0
255.0
305.0
265.0
247.0
255.0
245.0
277.0
309.0
238.0
275.0
260.0
256.0
224.0
257.0
274.0
316.0
236.0
246.0
295.0
254.0
268.0
