150.0
168.0
138.0
146.0
172.0
186.0
164.0
153.0
159.0
133.0
144.0
165.0
149.0
158.0
160.0
139.0
145.0
177.0
152.0
148.0
145.0
155.0
157.0
147.0
153.0
138.0
143.0
240.0
165.0
139.0
178.0
177.0
156.0
139.0
173.0
171.0
157.0
159.0
129.0
126.0
231.0
138.0
167.0
176.0
157.0
155.0
197.0
151.0
175.0
165.0
146.0
158.0
156.0
161.0
152.0
145.0
198.0
147.0
177.0
169.0
159.0
154.0
142.0
170.0
150.0
139.0
185.0
150.0
301.0
135.0
176.0
160.0
170.0
148.0
138.0
136.0
143.0
137.0
153.0
174.0
145.0
186.0
155.0
191.0
156.0
176.0
188.0
152.0
182.0
175.0
184.0
160.0
145.0
152.0
155.0
174.0
175.0
162.0
226.0
168.0
158.0
162.0
160.0
159.0
154.0
214.0
148.0
159.0
182.0
161.0
182.0
155.0
168.0
180.0
135.0
158.0
252.0
164.0
171.0
136.0
146.0
140.0
179.0
145.0
137.0
139.0
150.0
140.0
137.0
159.0
186.0
151.0
149.0
123.0
173.0
156.0
159.0
147.0
134.0
154.0
138.0
133.0
199.0
137.0
144.0
146.0
200.0
144.0
142.0
157.0
133.0
173.0
178.0
196.0
180.0
186.0
135.0
159.0
181.0
164.0
191.0
157.0
159.0
159.0
150.0
150.0
137.0
165.0
133.0
144.0
165.0
146.0
164.0
150.0
134.0
160.0
173.0
176.0
154.0
167.0
162.0
163.0
185.0
205.0
197.0
134.0
145.0
169.0
195.0
142.0
161.0
155.0
172.0
179.0
135.0
177.0
156.0
129.0
158.0
187.0
