317.0
273.0
315.0
230.0
284.0
279.0
312.0
271.0
262.0
240.0
254.0
251.0
235.0
268.0
274.0
272.0
280.0
257.0
290.0
273.0
278.0
302.0
241.0
239.0
251.0
254.0
252.0
344.0
238.0
252.0
256.0
254.0
242.0
321.0
267.0
256.0
234.0
271.0
270.0
330.0
293.0
262.0
282.0
319.0
263.0
297.0
213.0
241.0
261.0
248.0
273.0
323.0
319.0
262.0
252.0
249.0
275.0
260.0
294.0
269.0
260.0
235.0
318.0
277.0
254.0
257.0
257.0
278.0
276.0
277.0
220.0
236.0
275.0
268.0
259.0
267.0
268.0
249.0
270.0
245.0
300.0
334.0
271.0
239.0
330.0
220.0
254.0
313.0
275.0
249.0
285.0
228.0
255.0
258.0
263.0
254.0
241.0
268.0
426.0
309.0
249.0
277.0
311.0
330.0
278.0
259.0
247.0
259.0
260.0
277.0
236.0
253.0
254.0
280.0
280.0
259.0
306.0
255.0
323.0
259.0
285.0
280.0
268.0
264.0
271.0
285.0
299.0
304.0
254.0
248.0
263.0
249.0
266.0
242.0
291.0
297.0
318.0
268.0
208.0
397.0
279.0
252.0
286.0
284.0
270.0
245.0
249.0
312.0
253.0
285.0
241.0
257.0
280.0
290.0
262.0
245.0
247.0
320.0
277.0
287.0
289.0
278.0
250.0
221.0
316.0
271.0
293.0
236.0
326.0
329.0
268.0
289.0
265.0
294.0
253.0
283.0
280.0
231.0
253.0
401.0
283.0
266.0
308.0
232.0
272.0
262.0
258.0
314.0
312.0
303.0
277.0
278.0
228.0
291.0
263.0
349.0
315.0
287.0
257.0
243.0
