179.0
192.0
223.0
242.0
168.0
183.0
193.0
223.0
269.0
195.0
214.0
207.0
211.0
205.0
229.0
170.0
177.0
163.0
209.0
153.0
228.0
192.0
149.0
190.0
175.0
177.0
158.0
199.0
160.0
224.0
398.0
242.0
170.0
157.0
155.0
195.0
147.0
183.0
160.0
176.0
157.0
189.0
166.0
212.0
191.0
192.0
153.0
187.0
163.0
171.0
221.0
184.0
219.0
176.0
156.0
168.0
159.0
141.0
155.0
197.0
165.0
192.0
327.0
220.0
176.0
196.0
153.0
179.0
171.0
166.0
182.0
224.0
200.0
195.0
166.0
158.0
177.0
143.0
157.0
151.0
209.0
191.0
253.0
230.0
152.0
200.0
155.0
173.0
214.0
211.0
148.0
170.0
217.0
237.0
169.0
203.0
182.0
184.0
157.0
178.0
175.0
179.0
194.0
170.0
144.0
253.0
179.0
159.0
169.0
163.0
188.0
197.0
209.0
206.0
203.0
178.0
179.0
164.0
238.0
191.0
179.0
234.0
271.0
266.0
191.0
199.0
187.0
253.0
201.0
163.0
165.0
235.0
217.0
199.0
172.0
252.0
182.0
246.0
160.0
163.0
220.0
218.0
268.0
173.0
167.0
229.0
171.0
213.0
219.0
157.0
168.0
171.0
231.0
169.0
177.0
172.0
166.0
161.0
173.0
146.0
174.0
188.0
165.0
188.0
175.0
168.0
217.0
198.0
194.0
190.0
162.0
146.0
176.0
184.0
195.0
187.0
230.0
192.0
189.0
190.0
155.0
178.0
202.0
158.0
223.0
196.0
164.0
220.0
195.0
196.0
269.0
202.0
292.0
237.0
252.0
157.0
201.0
187.0
168.0
245.0
