144.0
178.0
179.0
165.0
145.0
173.0
147.0
181.0
136.0
156.0
171.0
182.0
137.0
188.0
152.0
151.0
177.0
225.0
208.0
136.0
156.0
144.0
193.0
191.0
168.0
189.0
179.0
165.0
132.0
166.0
157.0
160.0
149.0
169.0
149.0
233.0
143.0
208.0
170.0
185.0
254.0
160.0
139.0
163.0
134.0
142.0
156.0
170.0
240.0
169.0
187.0
175.0
165.0
154.0
163.0
191.0
155.0
138.0
206.0
173.0
189.0
150.0
150.0
177.0
140.0
189.0
146.0
170.0
157.0
157.0
185.0
159.0
156.0
135.0
187.0
159.0
174.0
167.0
158.0
166.0
170.0
186.0
142.0
140.0
152.0
166.0
142.0
157.0
157.0
141.0
179.0
160.0
162.0
179.0
168.0
245.0
170.0
167.0
169.0
166.0
195.0
140.0
186.0
169.0
225.0
168.0
157.0
153.0
165.0
184.0
160.0
140.0
138.0
149.0
173.0
147.0
134.0
159.0
269.0
189.0
164.0
169.0
189.0
175.0
141.0
155.0
201.0
170.0
183.0
183.0
166.0
170.0
199.0
148.0
234.0
168.0
169.0
146.0
145.0
157.0
192.0
163.0
141.0
164.0
154.0
162.0
219.0
160.0
176.0
186.0
146.0
174.0
152.0
187.0
170.0
179.0
173.0
140.0
164.0
135.0
193.0
156.0
227.0
143.0
137.0
174.0
157.0
192.0
153.0
162.0
155.0
153.0
327.0
160.0
150.0
137.0
167.0
194.0
151.0
148.0
206.0
199.0
192.0
166.0
189.0
149.0
223.0
183.0
143.0
147.0
163.0
141.0
152.0
146.0
252.0
143.0
140.0
159.0
186.0
130.0
