288.0
283.0
235.0
233.0
236.0
270.0
234.0
306.0
281.0
273.0
245.0
293.0
251.0
219.0
261.0
259.0
225.0
257.0
264.0
248.0
231.0
305.0
216.0
226.0
268.0
243.0
244.0
287.0
262.0
279.0
243.0
274.0
242.0
267.0
279.0
262.0
301.0
287.0
226.0
259.0
270.0
275.0
256.0
256.0
243.0
235.0
265.0
255.0
253.0
263.0
268.0
265.0
239.0
219.0
256.0
234.0
243.0
246.0
243.0
255.0
261.0
262.0
282.0
249.0
257.0
255.0
341.0
241.0
227.0
245.0
264.0
276.0
258.0
231.0
231.0
261.0
238.0
299.0
258.0
222.0
255.0
232.0
253.0
212.0
280.0
246.0
256.0
246.0
251.0
315.0
283.0
269.0
227.0
269.0
226.0
285.0
295.0
259.0
227.0
249.0
272.0
303.0
313.0
286.0
261.0
250.0
253.0
270.0
332.0
231.0
280.0
242.0
265.0
295.0
220.0
265.0
301.0
297.0
237.0
288.0
270.0
278.0
226.0
230.0
248.0
244.0
253.0
247.0
227.0
226.0
219.0
241.0
232.0
242.0
275.0
224.0
248.0
223.0
237.0
216.0
237.0
255.0
284.0
225.0
243.0
301.0
218.0
226.0
282.0
219.0
221.0
222.0
265.0
245.0
224.0
252.0
274.0
261.0
319.0
261.0
237.0
296.0
243.0
277.0
277.0
237.0
268.0
230.0
271.0
242.0
291.0
260.0
276.0
301.0
249.0
250.0
270.0
239.0
293.0
281.0
285.0
213.0
261.0
228.0
256.0
308.0
232.0
210.0
273.0
261.0
245.0
238.0
263.0
315.0
249.0
288.0
274.0
329.0
238.0
272.0
