265.0
240.0
235.0
265.0
264.0
340.0
259.0
264.0
283.0
286.0
273.0
236.0
232.0
234.0
256.0
264.0
293.0
290.0
230.0
229.0
259.0
210.0
299.0
231.0
263.0
229.0
222.0
256.0
274.0
242.0
258.0
253.0
277.0
246.0
249.0
258.0
287.0
258.0
226.0
253.0
236.0
249.0
226.0
256.0
294.0
270.0
220.0
249.0
302.0
243.0
280.0
264.0
236.0
222.0
261.0
285.0
239.0
236.0
250.0
296.0
281.0
242.0
231.0
283.0
250.0
267.0
238.0
254.0
265.0
248.0
263.0
228.0
287.0
241.0
260.0
283.0
240.0
270.0
261.0
256.0
287.0
225.0
249.0
227.0
240.0
302.0
256.0
280.0
258.0
250.0
250.0
236.0
234.0
263.0
229.0
277.0
244.0
280.0
245.0
264.0
270.0
307.0
280.0
225.0
263.0
265.0
237.0
253.0
299.0
310.0
278.0
316.0
320.0
255.0
264.0
292.0
280.0
237.0
236.0
266.0
273.0
274.0
254.0
256.0
317.0
298.0
260.0
265.0
234.0
288.0
235.0
245.0
285.0
260.0
256.0
299.0
239.0
283.0
239.0
221.0
237.0
297.0
242.0
282.0
294.0
271.0
244.0
228.0
293.0
259.0
224.0
243.0
236.0
233.0
244.0
241.0
295.0
248.0
246.0
242.0
244.0
294.0
270.0
298.0
216.0
253.0
232.0
254.0
274.0
253.0
282.0
242.0
247.0
267.0
263.0
275.0
250.0
286.0
239.0
225.0
258.0
266.0
278.0
282.0
279.0
309.0
244.0
233.0
300.0
325.0
340.0
283.0
247.0
269.0
257.0
273.0
284.0
232.0
259.0
263.0
