291.0
255.0
263.0
232.0
289.0
272.0
254.0
263.0
246.0
278.0
234.0
240.0
296.0
259.0
248.0
230.0
254.0
255.0
271.0
227.0
255.0
240.0
229.0
226.0
247.0
224.0
239.0
278.0
234.0
294.0
234.0
261.0
237.0
281.0
243.0
257.0
282.0
254.0
273.0
261.0
203.0
228.0
265.0
263.0
257.0
262.0
232.0
233.0
239.0
248.0
259.0
240.0
220.0
295.0
269.0
251.0
221.0
257.0
226.0
314.0
249.0
268.0
257.0
271.0
315.0
226.0
285.0
258.0
205.0
251.0
234.0
256.0
234.0
229.0
254.0
243.0
210.0
290.0
286.0
241.0
259.0
231.0
213.0
257.0
247.0
247.0
209.0
238.0
223.0
298.0
234.0
278.0
371.0
254.0
281.0
297.0
252.0
213.0
247.0
273.0
245.0
265.0
273.0
260.0
273.0
240.0
254.0
206.0
233.0
246.0
241.0
233.0
233.0
211.0
250.0
262.0
241.0
245.0
252.0
233.0
259.0
244.0
252.0
251.0
234.0
272.0
216.0
255.0
254.0
219.0
292.0
252.0
252.0
237.0
257.0
230.0
286.0
242.0
243.0
254.0
263.0
248.0
260.0
343.0
259.0
289.0
246.0
256.0
305.0
245.0
271.0
231.0
256.0
253.0
221.0
255.0
286.0
241.0
268.0
273.0
228.0
260.0
253.0
243.0
263.0
292.0
244.0
215.0
310.0
270.0
287.0
244.0
278.0
283.0
239.0
308.0
324.0
226.0
262.0
220.0
241.0
230.0
224.0
299.0
275.0
256.0
239.0
356.0
283.0
225.0
248.0
210.0
230.0
245.0
258.0
345.0
212.0
299.0
280.0
218.0
