165.0
185.0
188.0
185.0
287.0
232.0
240.0
171.0
163.0
231.0
157.0
174.0
196.0
165.0
168.0
179.0
166.0
187.0
330.0
184.0
150.0
156.0
191.0
169.0
206.0
208.0
176.0
193.0
213.0
225.0
189.0
179.0
206.0
169.0
159.0
191.0
169.0
163.0
331.0
275.0
235.0
160.0
153.0
153.0
172.0
177.0
188.0
164.0
187.0
289.0
238.0
200.0
235.0
241.0
225.0
182.0
174.0
169.0
170.0
214.0
199.0
162.0
216.0
206.0
202.0
201.0
147.0
164.0
233.0
193.0
157.0
217.0
189.0
165.0
186.0
159.0
203.0
178.0
198.0
225.0
220.0
233.0
170.0
231.0
165.0
181.0
161.0
185.0
219.0
188.0
173.0
212.0
138.0
217.0
187.0
165.0
195.0
230.0
178.0
172.0
177.0
153.0
169.0
179.0
173.0
199.0
133.0
155.0
252.0
196.0
248.0
158.0
213.0
169.0
259.0
149.0
191.0
162.0
272.0
183.0
229.0
310.0
206.0
157.0
153.0
191.0
169.0
166.0
224.0
167.0
244.0
203.0
217.0
226.0
199.0
205.0
169.0
156.0
214.0
226.0
176.0
177.0
221.0
170.0
156.0
191.0
173.0
186.0
205.0
173.0
162.0
204.0
155.0
240.0
202.0
198.0
230.0
210.0
174.0
165.0
160.0
220.0
216.0
182.0
166.0
163.0
180.0
174.0
166.0
205.0
172.0
170.0
165.0
174.0
160.0
182.0
173.0
181.0
167.0
166.0
221.0
193.0
199.0
216.0
208.0
175.0
233.0
214.0
175.0
233.0
178.0
181.0
236.0
199.0
293.0
205.0
199.0
157.0
299.0
292.0
