346.0
287.0
236.0
291.0
386.0
256.0
245.0
306.0
255.0
268.0
234.0
249.0
295.0
292.0
321.0
315.0
299.0
310.0
284.0
223.0
228.0
351.0
242.0
253.0
273.0
262.0
259.0
291.0
264.0
253.0
279.0
321.0
253.0
274.0
312.0
259.0
272.0
314.0
261.0
248.0
261.0
265.0
275.0
290.0
266.0
336.0
271.0
265.0
248.0
264.0
272.0
265.0
280.0
261.0
292.0
245.0
237.0
272.0
273.0
252.0
267.0
220.0
306.0
293.0
274.0
273.0
262.0
285.0
345.0
338.0
325.0
268.0
269.0
277.0
242.0
255.0
250.0
284.0
300.0
295.0
251.0
273.0
294.0
290.0
287.0
226.0
294.0
281.0
259.0
341.0
272.0
256.0
315.0
250.0
275.0
348.0
236.0
294.0
329.0
264.0
247.0
279.0
254.0
296.0
247.0
243.0
343.0
275.0
299.0
265.0
253.0
256.0
240.0
305.0
262.0
275.0
304.0
274.0
276.0
242.0
272.0
246.0
223.0
308.0
270.0
236.0
275.0
281.0
247.0
258.0
250.0
276.0
295.0
298.0
291.0
280.0
269.0
277.0
277.0
266.0
275.0
268.0
275.0
248.0
236.0
312.0
293.0
306.0
255.0
279.0
295.0
303.0
271.0
317.0
260.0
273.0
245.0
281.0
301.0
292.0
318.0
258.0
294.0
367.0
236.0
265.0
304.0
262.0
340.0
259.0
254.0
248.0
261.0
233.0
282.0
253.0
256.0
275.0
242.0
279.0
257.0
242.0
283.0
309.0
273.0
235.0
263.0
265.0
246.0
271.0
322.0
241.0
252.0
263.0
291.0
273.0
274.0
270.0
305.0
264.0
