155.0
209.0
157.0
217.0
164.0
158.0
160.0
146.0
203.0
251.0
184.0
190.0
158.0
219.0
157.0
157.0
196.0
169.0
148.0
167.0
179.0
207.0
168.0
181.0
187.0
231.0
146.0
205.0
142.0
156.0
144.0
159.0
147.0
142.0
156.0
165.0
306.0
172.0
145.0
143.0
178.0
157.0
180.0
168.0
165.0
151.0
286.0
202.0
187.0
146.0
218.0
193.0
165.0
156.0
140.0
198.0
191.0
177.0
170.0
155.0
154.0
160.0
202.0
153.0
163.0
152.0
163.0
223.0
147.0
162.0
195.0
171.0
164.0
166.0
219.0
201.0
198.0
155.0
175.0
151.0
144.0
179.0
167.0
152.0
205.0
134.0
155.0
157.0
179.0
169.0
184.0
154.0
304.0
180.0
197.0
177.0
184.0
170.0
172.0
141.0
162.0
163.0
205.0
167.0
149.0
176.0
178.0
141.0
174.0
159.0
222.0
171.0
167.0
162.0
155.0
162.0
167.0
189.0
188.0
217.0
199.0
189.0
166.0
231.0
148.0
160.0
168.0
175.0
143.0
196.0
212.0
166.0
232.0
154.0
159.0
150.0
235.0
182.0
198.0
164.0
151.0
205.0
156.0
156.0
184.0
174.0
182.0
154.0
157.0
165.0
156.0
209.0
172.0
192.0
190.0
207.0
172.0
165.0
165.0
162.0
181.0
277.0
190.0
157.0
210.0
162.0
166.0
178.0
209.0
138.0
140.0
162.0
146.0
164.0
246.0
146.0
272.0
169.0
177.0
171.0
190.0
166.0
185.0
156.0
229.0
166.0
196.0
167.0
147.0
162.0
173.0
160.0
187.0
190.0
198.0
201.0
143.0
215.0
178.0
148.0
