250.0
261.0
253.0
218.0
255.0
236.0
276.0
251.0
261.0
309.0
251.0
281.0
290.0
288.0
255.0
222.0
253.0
237.0
263.0
269.0
250.0
243.0
254.0
257.0
274.0
263.0
262.0
279.0
262.0
285.0
266.0
270.0
268.0
216.0
321.0
259.0
257.0
249.0
269.0
285.0
252.0
250.0
260.0
264.0
256.0
279.0
243.0
279.0
244.0
246.0
311.0
262.0
265.0
251.0
251.0
257.0
258.0
293.0
235.0
245.0
250.0
272.0
236.0
269.0
288.0
306.0
239.0
322.0
283.0
242.0
231.0
287.0
263.0
312.0
264.0
261.0
263.0
267.0
263.0
236.0
255.0
243.0
232.0
283.0
262.0
290.0
293.0
295.0
258.0
295.0
329.0
276.0
231.0
293.0
259.0
303.0
274.0
258.0
229.0
234.0
236.0
226.0
247.0
258.0
337.0
261.0
256.0
258.0
265.0
221.0
261.0
261.0
264.0
290.0
274.0
264.0
253.0
264.0
250.0
353.0
345.0
231.0
259.0
274.0
261.0
252.0
281.0
316.0
255.0
272.0
237.0
280.0
244.0
279.0
235.0
229.0
262.0
273.0
259.0
247.0
250.0
230.0
278.0
292.0
231.0
262.0
305.0
278.0
268.0
259.0
249.0
251.0
266.0
268.0
318.0
318.0
254.0
307.0
275.0
273.0
336.0
257.0
305.0
250.0
239.0
250.0
268.0
252.0
289.0
240.0
280.0
220.0
263.0
278.0
306.0
277.0
249.0
256.0
272.0
244.0
267.0
257.0
278.0
253.0
241.0
272.0
296.0
262.0
259.0
257.0
244.0
261.0
259.0
276.0
304.0
250.0
296.0
273.0
231.0
256.0
