253.0
272.0
272.0
297.0
276.0
227.0
285.0
243.0
293.0
243.0
267.0
308.0
239.0
305.0
251.0
267.0
246.0
260.0
276.0
239.0
274.0
292.0
243.0
269.0
289.0
272.0
266.0
264.0
234.0
261.0
274.0
299.0
300.0
235.0
289.0
244.0
269.0
234.0
264.0
248.0
288.0
227.0
257.0
309.0
328.0
257.0
259.0
224.0
291.0
290.0
278.0
266.0
309.0
271.0
266.0
245.0
260.0
262.0
247.0
231.0
262.0
288.0
223.0
239.0
251.0
304.0
273.0
300.0
298.0
262.0
263.0
285.0
252.0
338.0
251.0
225.0
264.0
222.0
296.0
257.0
317.0
264.0
282.0
225.0
285.0
254.0
294.0
238.0
272.0
288.0
293.0
241.0
293.0
265.0
255.0
240.0
240.0
271.0
259.0
291.0
238.0
236.0
243.0
255.0
295.0
282.0
248.0
235.0
270.0
306.0
281.0
260.0
258.0
248.0
245.0
278.0
250.0
283.0
257.0
315.0
231.0
398.0
271.0
239.0
283.0
251.0
237.0
226.0
285.0
221.0
276.0
250.0
267.0
239.0
277.0
305.0
243.0
248.0
263.0
274.0
242.0
246.0
292.0
301.0
245.0
253.0
242.0
259.0
267.0
281.0
292.0
305.0
292.0
258.0
212.0
273.0
259.0
232.0
242.0
241.0
226.0
279.0
258.0
230.0
281.0
256.0
285.0
263.0
314.0
275.0
293.0
271.0
294.0
239.0
296.0
285.0
239.0
275.0
272.0
275.0
285.0
257.0
260.0
246.0
250.0
247.0
281.0
279.0
242.0
269.0
196.0
253.0
308.0
278.0
255.0
244.0
247.0
246.0
240.0
262.0
