226.0
262.0
282.0
251.0
259.0
250.0
250.0
280.0
308.0
315.0
279.0
291.0
269.0
258.0
275.0
269.0
272.0
262.0
268.0
234.0
254.0
256.0
251.0
247.0
284.0
252.0
294.0
253.0
260.0
237.0
243.0
321.0
236.0
261.0
264.0
279.0
260.0
229.0
255.0
267.0
241.0
296.0
255.0
237.0
235.0
226.0
296.0
288.0
275.0
282.0
246.0
257.0
235.0
239.0
318.0
254.0
226.0
227.0
224.0
258.0
288.0
252.0
281.0
244.0
286.0
247.0
304.0
305.0
313.0
271.0
317.0
290.0
317.0
259.0
243.0
237.0
263.0
272.0
260.0
311.0
266.0
249.0
259.0
268.0
277.0
280.0
258.0
282.0
271.0
254.0
257.0
222.0
233.0
290.0
249.0
307.0
326.0
285.0
252.0
313.0
227.0
279.0
270.0
253.0
278.0
254.0
272.0
266.0
266.0
251.0
305.0
277.0
238.0
279.0
232.0
282.0
227.0
252.0
233.0
221.0
271.0
252.0
250.0
258.0
285.0
269.0
274.0
259.0
251.0
279.0
272.0
241.0
264.0
252.0
267.0
228.0
298.0
258.0
235.0
287.0
244.0
271.0
239.0
260.0
272.0
262.0
296.0
288.0
270.0
235.0
245.0
296.0
296.0
294.0
250.0
269.0
313.0
248.0
232.0
263.0
259.0
230.0
224.0
246.0
334.0
253.0
316.0
245.0
254.0
237.0
243.0
254.0
309.0
281.0
231.0
294.0
278.0
242.0
244.0
241.0
280.0
252.0
256.0
289.0
254.0
243.0
269.0
283.0
252.0
215.0
252.0
252.0
234.0
246.0
241.0
258.0
211.0
275.0
252.0
219.0
