258.0
284.0
230.0
246.0
302.0
278.0
292.0
297.0
302.0
266.0
253.0
258.0
276.0
271.0
259.0
266.0
240.0
252.0
306.0
262.0
311.0
289.0
236.0
305.0
275.0
243.0
258.0
238.0
252.0
267.0
265.0
241.0
243.0
262.0
265.0
310.0
281.0
259.0
329.0
235.0
256.0
254.0
277.0
275.0
273.0
245.0
287.0
255.0
309.0
227.0
257.0
274.0
278.0
252.0
236.0
252.0
249.0
271.0
248.0
258.0
285.0
277.0
289.0
247.0
241.0
274.0
268.0
234.0
260.0
244.0
242.0
253.0
275.0
326.0
304.0
263.0
248.0
282.0
320.0
299.0
266.0
251.0
243.0
333.0
265.0
296.0
283.0
236.0
277.0
261.0
285.0
314.0
261.0
270.0
302.0
259.0
232.0
246.0
281.0
305.0
238.0
247.0
239.0
274.0
246.0
267.0
269.0
255.0
327.0
233.0
275.0
324.0
273.0
266.0
256.0
246.0
264.0
281.0
290.0
235.0
232.0
307.0
241.0
260.0
278.0
289.0
231.0
251.0
275.0
227.0
253.0
255.0
280.0
298.0
263.0
255.0
286.0
289.0
247.0
305.0
278.0
286.0
242.0
295.0
256.0
296.0
252.0
256.0
290.0
273.0
280.0
273.0
242.0
291.0
261.0
234.0
301.0
299.0
236.0
263.0
262.0
267.0
268.0
289.0
256.0
273.0
247.0
289.0
264.0
282.0
237.0
251.0
268.0
259.0
269.0
365.0
287.0
311.0
264.0
228.0
232.0
272.0
271.0
309.0
249.0
277.0
312.0
247.0
280.0
259.0
269.0
268.0
310.0
234.0
275.0
241.0
243.0
279.0
305.0
262.0
