226.0
230.0
313.0
238.0
314.0
269.0
277.0
248.0
283.0
276.0
265.0
266.0
302.0
282.0
281.0
244.0
237.0
258.0
259.0
248.0
260.0
272.0
243.0
266.0
275.0
237.0
262.0
278.0
238.0
291.0
311.0
259.0
239.0
300.0
250.0
246.0
280.0
301.0
250.0
234.0
303.0
266.0
285.0
270.0
255.0
239.0
289.0
365.0
255.0
294.0
327.0
240.0
291.0
306.0
306.0
284.0
243.0
277.0
258.0
279.0
333.0
260.0
243.0
246.0
268.0
291.0
237.0
292.0
264.0
280.0
293.0
252.0
285.0
246.0
280.0
243.0
268.0
280.0
276.0
319.0
308.0
262.0
239.0
321.0
318.0
295.0
238.0
314.0
262.0
255.0
254.0
263.0
228.0
262.0
285.0
286.0
250.0
246.0
370.0
282.0
276.0
260.0
271.0
275.0
276.0
265.0
268.0
285.0
266.0
272.0
243.0
289.0
254.0
271.0
288.0
303.0
261.0
225.0
260.0
301.0
279.0
266.0
258.0
275.0
238.0
268.0
284.0
313.0
261.0
276.0
238.0
263.0
263.0
269.0
261.0
263.0
243.0
270.0
237.0
272.0
265.0
250.0
278.0
269.0
255.0
254.0
265.0
259.0
262.0
290.0
246.0
267.0
325.0
259.0
246.0
243.0
260.0
298.0
253.0
256.0
248.0
240.0
288.0
286.0
265.0
301.0
235.0
295.0
269.0
258.0
288.0
319.0
318.0
267.0
240.0
303.0
295.0
385.0
285.0
316.0
239.0
246.0
335.0
273.0
238.0
222.0
336.0
263.0
342.0
389.0
330.0
285.0
260.0
292.0
257.0
269.0
315.0
270.0
282.0
279.0
