244.0
261.0
242.0
288.0
228.0
258.0
269.0
243.0
242.0
265.0
247.0
257.0
302.0
220.0
368.0
238.0
280.0
274.0
212.0
260.0
249.0
265.0
263.0
295.0
278.0
270.0
305.0
239.0
273.0
244.0
238.0
253.0
254.0
228.0
261.0
247.0
254.0
251.0
298.0
274.0
261.0
274.0
265.0
257.0
238.0
279.0
289.0
293.0
253.0
287.0
263.0
311.0
237.0
217.0
296.0
237.0
264.0
251.0
272.0
229.0
272.0
294.0
228.0
238.0
255.0
316.0
270.0
254.0
299.0
225.0
248.0
256.0
260.0
258.0
270.0
239.0
270.0
264.0
293.0
263.0
290.0
258.0
238.0
264.0
214.0
277.0
222.0
260.0
270.0
262.0
280.0
281.0
235.0
265.0
295.0
258.0
230.0
277.0
284.0
256.0
243.0
237.0
248.0
251.0
277.0
277.0
247.0
246.0
266.0
279.0
220.0
252.0
290.0
264.0
286.0
283.0
228.0
321.0
305.0
269.0
333.0
256.0
234.0
272.0
271.0
280.0
274.0
219.0
239.0
272.0
251.0
247.0
259.0
265.0
307.0
287.0
258.0
285.0
271.0
283.0
275.0
263.0
271.0
287.0
247.0
270.0
287.0
256.0
276.0
273.0
290.0
262.0
262.0
279.0
230.0
274.0
270.0
296.0
278.0
240.0
254.0
252.0
237.0
278.0
243.0
289.0
255.0
263.0
318.0
294.0
284.0
246.0
267.0
243.0
288.0
252.0
235.0
301.0
227.0
253.0
240.0
256.0
255.0
245.0
228.0
218.0
301.0
260.0
252.0
263.0
237.0
239.0
239.0
228.0
246.0
317.0
272.0
237.0
225.0
317.0
