179.0
197.0
174.0
177.0
171.0
188.0
206.0
178.0
241.0
167.0
184.0
166.0
234.0
173.0
292.0
179.0
156.0
138.0
191.0
153.0
204.0
155.0
206.0
163.0
190.0
156.0
173.0
158.0
152.0
220.0
213.0
173.0
185.0
213.0
171.0
153.0
165.0
153.0
200.0
201.0
228.0
180.0
162.0
178.0
164.0
157.0
149.0
186.0
189.0
153.0
175.0
149.0
167.0
168.0
165.0
165.0
148.0
149.0
186.0
147.0
162.0
156.0
159.0
146.0
147.0
164.0
188.0
182.0
183.0
164.0
191.0
172.0
215.0
213.0
160.0
169.0
157.0
182.0
167.0
182.0
150.0
270.0
247.0
257.0
219.0
186.0
178.0
149.0
260.0
163.0
191.0
181.0
145.0
233.0
193.0
191.0
231.0
210.0
177.0
169.0
183.0
177.0
151.0
184.0
184.0
234.0
188.0
176.0
155.0
171.0
211.0
225.0
224.0
169.0
152.0
151.0
175.0
164.0
163.0
173.0
171.0
180.0
213.0
211.0
188.0
132.0
202.0
179.0
191.0
159.0
188.0
194.0
283.0
163.0
191.0
192.0
173.0
152.0
158.0
252.0
193.0
181.0
150.0
160.0
167.0
167.0
186.0
154.0
191.0
172.0
207.0
147.0
134.0
211.0
162.0
148.0
168.0
160.0
161.0
198.0
187.0
167.0
281.0
187.0
161.0
164.0
183.0
161.0
168.0
164.0
163.0
197.0
164.0
175.0
172.0
172.0
163.0
192.0
275.0
183.0
271.0
219.0
167.0
177.0
186.0
172.0
183.0
165.0
163.0
195.0
179.0
216.0
169.0
298.0
194.0
193.0
174.0
145.0
193.0
198.0
