149.0
146.0
128.0
141.0
143.0
139.0
159.0
153.0
143.0
137.0
176.0
125.0
133.0
173.0
141.0
153.0
155.0
163.0
172.0
126.0
137.0
138.0
141.0
167.0
158.0
133.0
136.0
162.0
149.0
159.0
134.0
138.0
173.0
147.0
151.0
147.0
149.0
137.0
138.0
149.0
131.0
128.0
140.0
144.0
129.0
154.0
146.0
229.0
150.0
149.0
139.0
149.0
149.0
153.0
154.0
134.0
140.0
139.0
148.0
140.0
129.0
165.0
146.0
144.0
125.0
148.0
165.0
145.0
154.0
151.0
157.0
135.0
159.0
155.0
170.0
138.0
147.0
137.0
146.0
129.0
138.0
142.0
166.0
178.0
153.0
139.0
164.0
143.0
227.0
124.0
131.0
148.0
133.0
132.0
145.0
139.0
140.0
151.0
142.0
135.0
140.0
132.0
122.0
153.0
144.0
145.0
285.0
148.0
142.0
143.0
143.0
147.0
169.0
155.0
143.0
148.0
163.0
148.0
173.0
167.0
155.0
150.0
149.0
145.0
155.0
121.0
139.0
165.0
154.0
143.0
132.0
143.0
157.0
142.0
130.0
148.0
133.0
181.0
201.0
170.0
137.0
142.0
143.0
143.0
131.0
182.0
157.0
134.0
147.0
182.0
144.0
137.0
130.0
145.0
132.0
175.0
143.0
145.0
157.0
148.0
133.0
161.0
144.0
131.0
151.0
169.0
170.0
164.0
250.0
148.0
152.0
154.0
166.0
145.0
171.0
136.0
152.0
176.0
145.0
143.0
129.0
182.0
188.0
148.0
169.0
126.0
154.0
139.0
158.0
149.0
152.0
129.0
224.0
183.0
158.0
145.0
157.0
158.0
148.0
181.0
