139.0
172.0
150.0
135.0
144.0
139.0
153.0
152.0
151.0
127.0
140.0
153.0
160.0
134.0
136.0
146.0
191.0
141.0
140.0
139.0
146.0
152.0
135.0
146.0
203.0
158.0
148.0
147.0
137.0
156.0
136.0
137.0
151.0
161.0
138.0
146.0
145.0
150.0
161.0
159.0
149.0
147.0
155.0
205.0
156.0
137.0
151.0
133.0
132.0
154.0
139.0
114.0
138.0
135.0
143.0
168.0
150.0
147.0
170.0
136.0
139.0
126.0
127.0
151.0
140.0
136.0
239.0
150.0
149.0
133.0
159.0
151.0
160.0
131.0
149.0
161.0
146.0
156.0
136.0
158.0
139.0
135.0
174.0
139.0
134.0
140.0
164.0
173.0
136.0
162.0
146.0
157.0
182.0
138.0
151.0
207.0
188.0
153.0
141.0
133.0
161.0
130.0
140.0
151.0
184.0
149.0
149.0
155.0
145.0
133.0
135.0
133.0
165.0
148.0
160.0
155.0
247.0
172.0
219.0
152.0
176.0
148.0
150.0
146.0
160.0
173.0
165.0
157.0
172.0
136.0
143.0
133.0
150.0
137.0
124.0
150.0
160.0
148.0
136.0
148.0
151.0
143.0
153.0
131.0
139.0
210.0
141.0
155.0
150.0
163.0
131.0
158.0
191.0
166.0
150.0
155.0
152.0
156.0
156.0
151.0
137.0
149.0
144.0
173.0
141.0
163.0
155.0
147.0
124.0
146.0
131.0
142.0
157.0
170.0
154.0
182.0
141.0
146.0
164.0
154.0
164.0
130.0
161.0
181.0
137.0
152.0
158.0
145.0
129.0
160.0
149.0
142.0
145.0
140.0
155.0
156.0
130.0
162.0
141.0
133.0
