143.0
171.0
170.0
165.0
157.0
143.0
248.0
184.0
195.0
208.0
178.0
168.0
152.0
216.0
173.0
161.0
200.0
162.0
178.0
171.0
171.0
182.0
162.0
158.0
162.0
184.0
136.0
180.0
152.0
156.0
161.0
163.0
151.0
142.0
183.0
147.0
198.0
147.0
168.0
218.0
156.0
220.0
187.0
210.0
227.0
185.0
246.0
164.0
160.0
155.0
179.0
160.0
185.0
183.0
147.0
177.0
172.0
189.0
152.0
160.0
166.0
196.0
170.0
159.0
204.0
165.0
183.0
150.0
160.0
157.0
164.0
174.0
193.0
186.0
203.0
204.0
172.0
155.0
144.0
172.0
147.0
171.0
139.0
164.0
196.0
160.0
153.0
155.0
177.0
262.0
175.0
241.0
192.0
172.0
211.0
163.0
169.0
147.0
194.0
183.0
200.0
160.0
158.0
160.0
229.0
153.0
209.0
155.0
181.0
195.0
175.0
183.0
197.0
161.0
242.0
232.0
142.0
130.0
157.0
169.0
176.0
174.0
176.0
144.0
205.0
162.0
139.0
172.0
336.0
267.0
184.0
185.0
159.0
162.0
172.0
218.0
200.0
153.0
184.0
153.0
174.0
163.0
160.0
150.0
184.0
255.0
182.0
184.0
195.0
174.0
250.0
187.0
168.0
163.0
169.0
290.0
171.0
243.0
256.0
160.0
151.0
154.0
150.0
182.0
134.0
189.0
145.0
170.0
155.0
144.0
148.0
170.0
190.0
187.0
156.0
249.0
172.0
239.0
152.0
192.0
187.0
201.0
214.0
154.0
168.0
139.0
154.0
165.0
146.0
168.0
134.0
148.0
171.0
140.0
176.0
169.0
183.0
149.0
193.0
147.0
