149.0
172.0
135.0
163.0
144.0
153.0
171.0
190.0
154.0
256.0
153.0
129.0
156.0
148.0
142.0
125.0
138.0
157.0
157.0
120.0
134.0
149.0
190.0
164.0
115.0
151.0
149.0
162.0
146.0
162.0
146.0
207.0
141.0
143.0
141.0
150.0
171.0
153.0
156.0
164.0
157.0
146.0
134.0
157.0
148.0
159.0
188.0
154.0
131.0
161.0
135.0
150.0
189.0
159.0
134.0
177.0
140.0
145.0
179.0
207.0
155.0
156.0
159.0
133.0
158.0
146.0
136.0
158.0
136.0
246.0
197.0
180.0
134.0
138.0
148.0
155.0
195.0
192.0
136.0
154.0
139.0
152.0
122.0
140.0
139.0
241.0
155.0
145.0
179.0
146.0
168.0
164.0
147.0
153.0
140.0
169.0
165.0
134.0
149.0
141.0
166.0
139.0
148.0
184.0
154.0
210.0
163.0
153.0
174.0
164.0
198.0
146.0
159.0
139.0
252.0
190.0
130.0
153.0
136.0
164.0
141.0
174.0
157.0
159.0
146.0
143.0
137.0
136.0
146.0
133.0
148.0
139.0
162.0
169.0
136.0
139.0
151.0
164.0
205.0
218.0
152.0
210.0
171.0
153.0
170.0
149.0
164.0
155.0
149.0
138.0
142.0
151.0
149.0
148.0
157.0
160.0
143.0
153.0
148.0
132.0
140.0
154.0
165.0
142.0
140.0
169.0
149.0
138.0
143.0
176.0
154.0
169.0
221.0
189.0
177.0
168.0
163.0
145.0
137.0
193.0
161.0
148.0
152.0
195.0
158.0
156.0
160.0
177.0
153.0
154.0
182.0
123.0
181.0
149.0
149.0
163.0
147.0
147.0
179.0
166.0
