252.0
267.0
220.0
257.0
270.0
262.0
300.0
240.0
275.0
284.0
269.0
243.0
254.0
261.0
271.0
264.0
270.0
235.0
228.0
254.0
263.0
294.0
218.0
246.0
259.0
248.0
230.0
288.0
244.0
256.0
280.0
231.0
281.0
268.0
259.0
247.0
340.0
235.0
256.0
235.0
281.0
250.0
243.0
256.0
300.0
309.0
260.0
233.0
251.0
264.0
252.0
245.0
299.0
273.0
273.0
246.0
246.0
228.0
263.0
219.0
247.0
249.0
248.0
253.0
252.0
261.0
243.0
299.0
245.0
278.0
243.0
243.0
231.0
253.0
243.0
283.0
310.0
236.0
239.0
232.0
280.0
254.0
264.0
286.0
228.0
314.0
276.0
256.0
236.0
273.0
287.0
242.0
270.0
221.0
246.0
227.0
256.0
308.0
239.0
269.0
230.0
259.0
252.0
261.0
277.0
287.0
248.0
285.0
335.0
249.0
240.0
282.0
243.0
271.0
291.0
259.0
245.0
254.0
296.0
275.0
260.0
271.0
283.0
251.0
250.0
250.0
289.0
265.0
266.0
263.0
279.0
244.0
293.0
232.0
262.0
254.0
269.0
256.0
258.0
252.0
259.0
240.0
226.0
362.0
273.0
224.0
257.0
251.0
275.0
279.0
310.0
311.0
324.0
266.0
272.0
308.0
253.0
283.0
286.0
212.0
265.0
298.0
243.0
323.0
290.0
240.0
238.0
238.0
222.0
229.0
256.0
260.0
237.0
233.0
255.0
226.0
284.0
296.0
215.0
228.0
284.0
256.0
240.0
254.0
278.0
242.0
284.0
304.0
252.0
265.0
245.0
306.0
236.0
290.0
311.0
261.0
225.0
308.0
302.0
293.0
