222.0
251.0
310.0
279.0
226.0
272.0
255.0
221.0
263.0
234.0
284.0
248.0
235.0
247.0
237.0
256.0
301.0
235.0
258.0
250.0
237.0
257.0
292.0
247.0
248.0
268.0
248.0
262.0
237.0
252.0
226.0
255.0
247.0
309.0
278.0
244.0
228.0
265.0
240.0
254.0
265.0
234.0
255.0
234.0
254.0
258.0
231.0
242.0
312.0
230.0
247.0
240.0
267.0
211.0
229.0
269.0
350.0
257.0
254.0
241.0
218.0
281.0
259.0
242.0
259.0
237.0
286.0
226.0
248.0
241.0
251.0
238.0
279.0
238.0
263.0
275.0
236.0
241.0
249.0
271.0
232.0
241.0
255.0
263.0
259.0
247.0
308.0
264.0
240.0
282.0
257.0
240.0
208.0
234.0
248.0
224.0
280.0
247.0
270.0
254.0
262.0
245.0
291.0
259.0
265.0
201.0
252.0
341.0
268.0
262.0
244.0
262.0
299.0
258.0
265.0
269.0
248.0
262.0
234.0
264.0
236.0
243.0
266.0
262.0
241.0
274.0
261.0
260.0
260.0
236.0
231.0
215.0
227.0
222.0
294.0
276.0
278.0
268.0
267.0
274.0
218.0
222.0
251.0
221.0
233.0
256.0
260.0
226.0
286.0
255.0
315.0
263.0
248.0
236.0
295.0
218.0
215.0
230.0
256.0
251.0
230.0
252.0
274.0
238.0
303.0
300.0
301.0
288.0
239.0
232.0
230.0
217.0
261.0
231.0
205.0
262.0
267.0
258.0
261.0
240.0
276.0
271.0
244.0
255.0
254.0
289.0
244.0
265.0
198.0
307.0
240.0
245.0
275.0
209.0
252.0
216.0
240.0
258.0
288.0
238.0
