240.0
242.0
193.0
143.0
204.0
224.0
271.0
190.0
168.0
170.0
183.0
162.0
178.0
160.0
305.0
264.0
189.0
155.0
178.0
156.0
164.0
210.0
190.0
192.0
209.0
216.0
187.0
163.0
169.0
156.0
181.0
219.0
184.0
221.0
166.0
195.0
152.0
191.0
223.0
213.0
189.0
219.0
192.0
204.0
186.0
159.0
217.0
212.0
285.0
181.0
152.0
182.0
164.0
169.0
194.0
311.0
255.0
180.0
264.0
178.0
205.0
218.0
171.0
178.0
200.0
186.0
164.0
210.0
209.0
195.0
205.0
179.0
161.0
195.0
165.0
200.0
170.0
186.0
188.0
196.0
217.0
211.0
205.0
153.0
183.0
323.0
218.0
203.0
185.0
181.0
177.0
199.0
162.0
198.0
156.0
174.0
194.0
202.0
168.0
164.0
171.0
191.0
214.0
180.0
194.0
146.0
157.0
162.0
185.0
262.0
229.0
158.0
202.0
183.0
234.0
201.0
159.0
158.0
212.0
166.0
226.0
146.0
246.0
177.0
192.0
186.0
174.0
197.0
245.0
175.0
181.0
179.0
242.0
183.0
230.0
272.0
182.0
172.0
179.0
330.0
272.0
169.0
144.0
174.0
169.0
132.0
152.0
213.0
167.0
171.0
198.0
152.0
194.0
178.0
154.0
167.0
173.0
190.0
198.0
159.0
195.0
183.0
156.0
215.0
151.0
162.0
166.0
148.0
191.0
151.0
183.0
169.0
213.0
381.0
297.0
290.0
281.0
210.0
217.0
239.0
198.0
184.0
194.0
179.0
160.0
166.0
288.0
256.0
299.0
230.0
184.0
162.0
210.0
162.0
293.0
191.0
171.0
194.0
157.0
211.0
