161.0
156.0
189.0
219.0
238.0
199.0
172.0
166.0
182.0
226.0
158.0
188.0
181.0
166.0
183.0
140.0
198.0
168.0
167.0
192.0
185.0
180.0
181.0
165.0
164.0
155.0
195.0
179.0
261.0
165.0
202.0
155.0
141.0
176.0
238.0
153.0
193.0
382.0
262.0
200.0
197.0
241.0
175.0
199.0
158.0
189.0
169.0
194.0
181.0
185.0
209.0
208.0
232.0
279.0
157.0
160.0
185.0
184.0
201.0
276.0
203.0
175.0
144.0
155.0
155.0
158.0
243.0
243.0
273.0
188.0
184.0
177.0
168.0
182.0
169.0
159.0
167.0
173.0
160.0
197.0
182.0
161.0
150.0
161.0
165.0
163.0
188.0
181.0
188.0
209.0
177.0
199.0
171.0
167.0
180.0
172.0
186.0
184.0
144.0
149.0
146.0
356.0
303.0
237.0
172.0
202.0
155.0
182.0
188.0
264.0
146.0
186.0
154.0
295.0
188.0
209.0
173.0
262.0
178.0
165.0
170.0
225.0
165.0
201.0
171.0
202.0
197.0
169.0
305.0
261.0
173.0
156.0
179.0
166.0
270.0
238.0
159.0
160.0
227.0
221.0
207.0
177.0
224.0
195.0
179.0
145.0
167.0
234.0
186.0
191.0
171.0
167.0
166.0
261.0
203.0
218.0
187.0
211.0
185.0
175.0
137.0
186.0
213.0
226.0
254.0
166.0
169.0
160.0
205.0
169.0
184.0
158.0
170.0
143.0
193.0
147.0
159.0
186.0
159.0
189.0
180.0
171.0
167.0
131.0
160.0
178.0
174.0
174.0
164.0
224.0
207.0
174.0
213.0
165.0
232.0
178.0
182.0
141.0
274.0
177.0
