242.0
286.0
254.0
251.0
289.0
263.0
246.0
273.0
274.0
275.0
270.0
270.0
260.0
233.0
240.0
291.0
262.0
288.0
281.0
294.0
258.0
274.0
247.0
221.0
280.0
275.0
307.0
251.0
251.0
257.0
301.0
250.0
238.0
243.0
238.0
240.0
264.0
239.0
261.0
254.0
277.0
246.0
217.0
237.0
322.0
239.0
267.0
233.0
252.0
257.0
327.0
289.0
291.0
307.0
275.0
303.0
237.0
283.0
297.0
256.0
250.0
247.0
277.0
240.0
242.0
223.0
231.0
302.0
275.0
242.0
264.0
269.0
269.0
286.0
281.0
240.0
268.0
275.0
240.0
259.0
237.0
234.0
258.0
288.0
343.0
256.0
264.0
253.0
241.0
264.0
281.0
245.0
288.0
252.0
316.0
333.0
272.0
269.0
259.0
250.0
281.0
276.0
281.0
276.0
300.0
272.0
230.0
250.0
250.0
238.0
299.0
207.0
254.0
227.0
340.0
236.0
318.0
238.0
239.0
279.0
261.0
268.0
227.0
253.0
285.0
266.0
284.0
275.0
289.0
275.0
276.0
299.0
276.0
252.0
282.0
256.0
285.0
256.0
236.0
251.0
282.0
232.0
253.0
311.0
274.0
287.0
244.0
318.0
310.0
301.0
233.0
274.0
313.0
256.0
249.0
251.0
296.0
268.0
261.0
216.0
242.0
293.0
264.0
257.0
259.0
237.0
271.0
239.0
291.0
309.0
248.0
256.0
266.0
302.0
244.0
237.0
267.0
257.0
307.0
256.0
274.0
243.0
264.0
270.0
266.0
290.0
256.0
256.0
262.0
267.0
256.0
301.0
310.0
291.0
241.0
249.0
236.0
237.0
258.0
285.0
