213.0
234.0
204.0
187.0
212.0
248.0
211.0
278.0
277.0
329.0
434.0
403.0
409.0
381.0
399.0
435.0
445.0
382.0
527.0
707.0
662.0
832.0
807.0
792.0
864.0
827.0
816.0
720.0
686.0
784.0
780.0
859.0
754.0
927.0
840.0
757.0
833.0
759.0
899.0
844.0
737.0
752.0
717.0
750.0
965.0
932.0
805.0
758.0
729.0
801.0
780.0
752.0
746.0
833.0
806.0
801.0
695.0
845.0
861.0
747.0
808.0
760.0
761.0
764.0
804.0
792.0
822.0
807.0
865.0
824.0
759.0
841.0
828.0
884.0
840.0
771.0
765.0
993.0
936.0
886.0
1017.0
803.0
845.0
865.0
707.0
731.0
982.0
914.0
1052.0
716.0
905.0
731.0
963.0
772.0
798.0
777.0
681.0
731.0
916.0
832.0
780.0
816.0
768.0
1089.0
771.0
875.0
786.0
826.0
783.0
739.0
689.0
811.0
941.0
713.0
805.0
758.0
857.0
735.0
788.0
807.0
711.0
819.0
884.0
946.0
803.0
846.0
787.0
904.0
754.0
807.0
830.0
795.0
787.0
797.0
784.0
741.0
921.0
884.0
836.0
905.0
854.0
736.0
810.0
773.0
842.0
777.0
685.0
772.0
672.0
826.0
736.0
819.0
813.0
793.0
847.0
858.0
786.0
696.0
769.0
827.0
843.0
752.0
797.0
808.0
783.0
758.0
797.0
785.0
716.0
786.0
780.0
844.0
872.0
811.0
861.0
808.0
883.0
647.0
1059.0
884.0
789.0
807.0
790.0
918.0
749.0
755.0
846.0
763.0
835.0
874.0
745.0
732.0
746.0
832.0
820.0
709.0
862.0
809.0
754.0
976.0
