258.0
273.0
302.0
393.0
295.0
378.0
378.0
336.0
227.0
196.0
259.0
246.0
226.0
296.0
312.0
304.0
278.0
242.0
210.0
173.0
147.0
169.0
284.0
291.0
285.0
263.0
273.0
351.0
411.0
296.0
358.0
251.0
291.0
212.0
345.0
295.0
224.0
212.0
218.0
230.0
226.0
183.0
189.0
210.0
209.0
267.0
208.0
200.0
193.0
178.0
221.0
239.0
347.0
248.0
216.0
215.0
237.0
223.0
184.0
162.0
152.0
168.0
174.0
187.0
216.0
176.0
184.0
192.0
303.0
275.0
305.0
281.0
248.0
343.0
258.0
238.0
234.0
222.0
264.0
225.0
187.0
232.0
206.0
178.0
242.0
229.0
234.0
286.0
221.0
178.0
187.0
305.0
282.0
210.0
185.0
186.0
261.0
308.0
228.0
189.0
168.0
155.0
196.0
189.0
178.0
177.0
189.0
243.0
234.0
182.0
188.0
186.0
192.0
220.0
434.0
327.0
321.0
234.0
225.0
200.0
241.0
227.0
239.0
305.0
283.0
252.0
283.0
267.0
265.0
383.0
257.0
289.0
259.0
377.0
428.0
355.0
368.0
374.0
331.0
293.0
285.0
279.0
247.0
188.0
195.0
254.0
192.0
152.0
199.0
217.0
335.0
345.0
311.0
224.0
212.0
237.0
181.0
213.0
256.0
234.0
317.0
280.0
242.0
221.0
180.0
215.0
250.0
218.0
236.0
247.0
228.0
238.0
215.0
224.0
161.0
258.0
226.0
225.0
198.0
245.0
216.0
166.0
164.0
192.0
203.0
227.0
154.0
165.0
185.0
170.0
182.0
258.0
243.0
231.0
192.0
231.0
200.0
243.0
225.0
198.0
