143.0
169.0
187.0
141.0
143.0
199.0
157.0
173.0
144.0
149.0
133.0
167.0
174.0
130.0
229.0
185.0
154.0
154.0
209.0
157.0
139.0
151.0
183.0
205.0
163.0
166.0
161.0
153.0
151.0
138.0
314.0
250.0
148.0
190.0
211.0
167.0
139.0
148.0
156.0
151.0
153.0
185.0
154.0
190.0
158.0
145.0
157.0
132.0
141.0
140.0
178.0
291.0
169.0
159.0
145.0
175.0
162.0
139.0
156.0
169.0
169.0
172.0
198.0
149.0
158.0
151.0
150.0
160.0
176.0
143.0
155.0
147.0
163.0
158.0
155.0
219.0
163.0
170.0
316.0
143.0
149.0
179.0
152.0
203.0
151.0
222.0
157.0
152.0
153.0
182.0
246.0
166.0
139.0
143.0
169.0
165.0
156.0
146.0
153.0
158.0
169.0
163.0
140.0
126.0
151.0
166.0
151.0
143.0
168.0
174.0
159.0
159.0
149.0
164.0
255.0
156.0
160.0
145.0
138.0
206.0
162.0
185.0
175.0
203.0
158.0
146.0
143.0
146.0
147.0
159.0
166.0
144.0
159.0
178.0
178.0
160.0
166.0
175.0
163.0
214.0
172.0
181.0
149.0
251.0
171.0
190.0
202.0
184.0
140.0
286.0
154.0
168.0
171.0
183.0
137.0
153.0
209.0
142.0
144.0
173.0
179.0
158.0
146.0
145.0
144.0
224.0
189.0
168.0
173.0
173.0
157.0
188.0
143.0
179.0
160.0
157.0
154.0
173.0
136.0
158.0
178.0
243.0
164.0
152.0
156.0
153.0
158.0
165.0
212.0
153.0
166.0
217.0
179.0
176.0
183.0
161.0
152.0
173.0
145.0
184.0
