278.0
258.0
262.0
249.0
254.0
255.0
260.0
261.0
243.0
285.0
304.0
265.0
274.0
260.0
282.0
265.0
242.0
250.0
254.0
314.0
241.0
259.0
296.0
258.0
250.0
241.0
312.0
281.0
245.0
299.0
297.0
333.0
255.0
342.0
257.0
243.0
301.0
226.0
253.0
277.0
246.0
246.0
291.0
274.0
248.0
248.0
272.0
247.0
290.0
237.0
298.0
224.0
224.0
281.0
237.0
265.0
254.0
283.0
227.0
240.0
259.0
233.0
241.0
240.0
247.0
226.0
264.0
235.0
283.0
291.0
285.0
254.0
248.0
268.0
243.0
241.0
272.0
254.0
248.0
247.0
208.0
247.0
277.0
271.0
252.0
256.0
238.0
258.0
363.0
256.0
240.0
238.0
294.0
287.0
239.0
242.0
309.0
259.0
273.0
232.0
310.0
295.0
208.0
253.0
276.0
283.0
252.0
294.0
250.0
290.0
222.0
253.0
285.0
247.0
226.0
275.0
248.0
243.0
275.0
249.0
285.0
240.0
255.0
275.0
294.0
268.0
276.0
243.0
324.0
254.0
234.0
258.0
251.0
251.0
263.0
242.0
240.0
255.0
244.0
312.0
278.0
310.0
265.0
269.0
246.0
252.0
250.0
254.0
317.0
256.0
240.0
231.0
298.0
275.0
237.0
307.0
237.0
243.0
282.0
286.0
239.0
242.0
246.0
244.0
294.0
254.0
249.0
255.0
258.0
250.0
244.0
330.0
252.0
303.0
288.0
238.0
257.0
290.0
304.0
276.0
259.0
256.0
218.0
274.0
228.0
258.0
229.0
252.0
245.0
248.0
309.0
257.0
242.0
270.0
255.0
283.0
281.0
275.0
216.0
256.0
