157.0
157.0
138.0
158.0
168.0
164.0
146.0
161.0
166.0
147.0
161.0
170.0
155.0
157.0
143.0
172.0
144.0
150.0
171.0
152.0
167.0
142.0
154.0
178.0
153.0
149.0
219.0
168.0
144.0
149.0
167.0
178.0
124.0
169.0
164.0
177.0
222.0
140.0
135.0
213.0
151.0
166.0
159.0
162.0
149.0
151.0
149.0
148.0
159.0
176.0
141.0
205.0
144.0
165.0
162.0
226.0
136.0
206.0
180.0
145.0
161.0
178.0
143.0
151.0
156.0
135.0
160.0
142.0
162.0
174.0
172.0
134.0
175.0
243.0
170.0
162.0
147.0
171.0
183.0
145.0
161.0
158.0
136.0
132.0
151.0
153.0
138.0
173.0
154.0
133.0
181.0
192.0
156.0
150.0
153.0
162.0
139.0
192.0
146.0
172.0
165.0
149.0
160.0
145.0
165.0
185.0
181.0
160.0
153.0
165.0
145.0
144.0
143.0
134.0
150.0
151.0
184.0
193.0
178.0
159.0
158.0
179.0
165.0
140.0
161.0
144.0
142.0
157.0
170.0
150.0
155.0
139.0
148.0
149.0
210.0
163.0
193.0
172.0
149.0
262.0
161.0
176.0
178.0
135.0
155.0
137.0
167.0
156.0
141.0
162.0
150.0
151.0
158.0
167.0
141.0
178.0
164.0
244.0
137.0
157.0
150.0
160.0
213.0
145.0
163.0
139.0
148.0
151.0
155.0
156.0
153.0
164.0
157.0
163.0
170.0
145.0
158.0
213.0
162.0
139.0
153.0
157.0
172.0
171.0
162.0
126.0
140.0
193.0
183.0
139.0
146.0
138.0
154.0
168.0
182.0
158.0
152.0
157.0
208.0
144.0
