150.0
142.0
154.0
128.0
141.0
128.0
143.0
154.0
145.0
126.0
129.0
147.0
159.0
129.0
142.0
162.0
150.0
171.0
148.0
151.0
145.0
173.0
159.0
123.0
130.0
144.0
149.0
148.0
155.0
164.0
140.0
131.0
165.0
165.0
135.0
190.0
150.0
149.0
147.0
140.0
154.0
126.0
167.0
157.0
160.0
162.0
150.0
153.0
135.0
175.0
153.0
146.0
132.0
160.0
149.0
156.0
139.0
137.0
135.0
129.0
137.0
137.0
143.0
178.0
144.0
124.0
206.0
155.0
143.0
143.0
186.0
144.0
128.0
148.0
154.0
140.0
154.0
135.0
134.0
140.0
133.0
137.0
152.0
140.0
144.0
223.0
167.0
149.0
147.0
151.0
152.0
133.0
161.0
143.0
151.0
148.0
166.0
154.0
149.0
156.0
138.0
131.0
133.0
147.0
154.0
147.0
150.0
129.0
145.0
143.0
139.0
144.0
147.0
134.0
161.0
140.0
148.0
138.0
139.0
154.0
163.0
145.0
149.0
164.0
155.0
134.0
145.0
145.0
180.0
136.0
165.0
165.0
186.0
141.0
154.0
157.0
152.0
161.0
132.0
153.0
150.0
169.0
149.0
145.0
209.0
148.0
144.0
150.0
166.0
137.0
129.0
176.0
134.0
153.0
198.0
146.0
144.0
209.0
182.0
168.0
182.0
126.0
166.0
137.0
129.0
156.0
140.0
177.0
183.0
124.0
147.0
176.0
149.0
165.0
157.0
137.0
172.0
188.0
142.0
127.0
165.0
146.0
169.0
169.0
160.0
141.0
119.0
161.0
187.0
140.0
160.0
140.0
132.0
134.0
134.0
154.0
160.0
128.0
131.0
197.0
