337.0
240.0
256.0
300.0
271.0
312.0
326.0
291.0
272.0
300.0
262.0
282.0
252.0
266.0
278.0
282.0
278.0
251.0
250.0
296.0
308.0
292.0
304.0
269.0
269.0
250.0
293.0
234.0
261.0
229.0
251.0
234.0
235.0
314.0
291.0
284.0
246.0
240.0
249.0
313.0
297.0
271.0
296.0
225.0
279.0
281.0
275.0
236.0
331.0
298.0
283.0
256.0
261.0
270.0
316.0
268.0
231.0
270.0
281.0
270.0
266.0
223.0
285.0
277.0
244.0
242.0
286.0
263.0
317.0
326.0
254.0
335.0
264.0
226.0
260.0
248.0
281.0
247.0
272.0
268.0
248.0
315.0
278.0
258.0
267.0
317.0
269.0
260.0
279.0
333.0
288.0
240.0
315.0
278.0
259.0
288.0
243.0
256.0
261.0
298.0
274.0
238.0
259.0
254.0
247.0
260.0
268.0
241.0
271.0
252.0
251.0
255.0
305.0
274.0
277.0
254.0
316.0
267.0
287.0
247.0
338.0
258.0
299.0
261.0
322.0
278.0
254.0
315.0
263.0
255.0
280.0
257.0
275.0
247.0
337.0
286.0
278.0
227.0
240.0
274.0
307.0
250.0
259.0
275.0
303.0
274.0
276.0
246.0
319.0
265.0
229.0
321.0
269.0
229.0
279.0
305.0
243.0
291.0
221.0
234.0
248.0
290.0
212.0
283.0
252.0
321.0
264.0
256.0
327.0
300.0
273.0
272.0
247.0
291.0
277.0
245.0
264.0
265.0
271.0
315.0
283.0
258.0
288.0
263.0
285.0
232.0
256.0
294.0
239.0
247.0
269.0
290.0
271.0
251.0
268.0
332.0
268.0
274.0
385.0
335.0
