176.0
156.0
159.0
158.0
141.0
178.0
157.0
166.0
133.0
143.0
140.0
159.0
140.0
145.0
142.0
161.0
157.0
166.0
131.0
149.0
218.0
136.0
147.0
148.0
165.0
145.0
162.0
145.0
175.0
153.0
156.0
144.0
155.0
208.0
130.0
150.0
160.0
168.0
149.0
162.0
139.0
253.0
164.0
162.0
201.0
139.0
141.0
150.0
147.0
139.0
127.0
168.0
157.0
149.0
158.0
144.0
143.0
140.0
155.0
159.0
146.0
154.0
153.0
121.0
161.0
160.0
143.0
124.0
155.0
172.0
160.0
142.0
155.0
144.0
135.0
140.0
141.0
140.0
143.0
151.0
153.0
148.0
157.0
173.0
124.0
175.0
146.0
134.0
131.0
142.0
152.0
130.0
184.0
165.0
135.0
152.0
144.0
166.0
153.0
178.0
190.0
161.0
151.0
128.0
150.0
154.0
149.0
123.0
144.0
170.0
166.0
137.0
161.0
156.0
146.0
144.0
172.0
181.0
148.0
132.0
137.0
153.0
149.0
141.0
155.0
152.0
218.0
159.0
129.0
254.0
186.0
144.0
162.0
164.0
145.0
170.0
170.0
140.0
151.0
151.0
145.0
134.0
147.0
151.0
138.0
165.0
154.0
154.0
158.0
156.0
155.0
146.0
150.0
153.0
144.0
138.0
136.0
176.0
141.0
136.0
147.0
137.0
142.0
145.0
141.0
146.0
159.0
139.0
163.0
163.0
145.0
157.0
152.0
133.0
152.0
151.0
140.0
165.0
145.0
134.0
169.0
172.0
200.0
130.0
143.0
157.0
156.0
144.0
138.0
154.0
172.0
137.0
175.0
137.0
137.0
136.0
139.0
169.0
131.0
162.0
