331.0
246.0
276.0
289.0
245.0
247.0
288.0
254.0
290.0
253.0
320.0
302.0
235.0
288.0
292.0
258.0
253.0
282.0
287.0
248.0
233.0
270.0
257.0
250.0
259.0
281.0
292.0
295.0
274.0
303.0
294.0
273.0
324.0
248.0
274.0
265.0
278.0
278.0
278.0
249.0
258.0
257.0
244.0
263.0
233.0
251.0
270.0
305.0
253.0
266.0
284.0
297.0
288.0
307.0
295.0
242.0
283.0
283.0
228.0
251.0
278.0
250.0
279.0
282.0
278.0
291.0
270.0
229.0
265.0
273.0
296.0
279.0
270.0
242.0
268.0
262.0
255.0
257.0
272.0
252.0
272.0
274.0
284.0
314.0
286.0
237.0
298.0
269.0
244.0
272.0
302.0
242.0
307.0
252.0
260.0
271.0
276.0
271.0
211.0
226.0
276.0
277.0
220.0
292.0
263.0
261.0
316.0
272.0
246.0
253.0
252.0
295.0
288.0
236.0
276.0
264.0
348.0
250.0
278.0
266.0
215.0
297.0
238.0
230.0
263.0
269.0
259.0
262.0
255.0
265.0
310.0
276.0
229.0
244.0
232.0
255.0
304.0
237.0
242.0
263.0
259.0
337.0
271.0
244.0
255.0
252.0
263.0
272.0
277.0
278.0
259.0
272.0
292.0
271.0
273.0
255.0
297.0
255.0
302.0
281.0
239.0
268.0
277.0
280.0
238.0
299.0
295.0
258.0
299.0
262.0
294.0
253.0
252.0
256.0
260.0
258.0
250.0
273.0
262.0
272.0
270.0
222.0
280.0
285.0
267.0
257.0
270.0
239.0
252.0
301.0
258.0
257.0
298.0
216.0
247.0
263.0
292.0
279.0
304.0
252.0
