259.0
164.0
208.0
234.0
190.0
157.0
179.0
175.0
261.0
225.0
215.0
209.0
169.0
183.0
237.0
310.0
263.0
238.0
246.0
189.0
162.0
165.0
193.0
194.0
172.0
188.0
201.0
169.0
164.0
195.0
163.0
185.0
166.0
168.0
184.0
179.0
182.0
182.0
215.0
299.0
208.0
190.0
185.0
194.0
249.0
225.0
329.0
268.0
234.0
216.0
197.0
193.0
176.0
225.0
220.0
255.0
279.0
242.0
231.0
181.0
248.0
241.0
228.0
206.0
163.0
381.0
401.0
339.0
310.0
276.0
250.0
307.0
263.0
256.0
207.0
166.0
227.0
172.0
184.0
302.0
415.0
326.0
335.0
230.0
286.0
321.0
271.0
253.0
250.0
222.0
211.0
208.0
231.0
176.0
192.0
276.0
219.0
199.0
241.0
250.0
216.0
234.0
166.0
187.0
211.0
172.0
172.0
193.0
191.0
211.0
189.0
146.0
182.0
226.0
152.0
188.0
354.0
259.0
221.0
204.0
149.0
182.0
191.0
260.0
293.0
332.0
327.0
322.0
277.0
214.0
200.0
208.0
228.0
187.0
154.0
290.0
295.0
240.0
227.0
183.0
181.0
158.0
259.0
265.0
240.0
220.0
322.0
288.0
265.0
229.0
215.0
240.0
193.0
221.0
184.0
188.0
148.0
174.0
199.0
201.0
162.0
189.0
214.0
160.0
171.0
161.0
171.0
137.0
217.0
298.0
251.0
171.0
233.0
237.0
284.0
245.0
262.0
201.0
162.0
188.0
262.0
253.0
248.0
215.0
173.0
138.0
175.0
197.0
160.0
168.0
283.0
277.0
296.0
240.0
174.0
162.0
388.0
315.0
206.0
199.0
