228.0
275.0
282.0
255.0
250.0
260.0
260.0
247.0
233.0
263.0
251.0
263.0
243.0
250.0
260.0
277.0
256.0
242.0
227.0
253.0
326.0
294.0
234.0
230.0
297.0
271.0
236.0
248.0
271.0
245.0
274.0
233.0
239.0
263.0
280.0
263.0
242.0
228.0
242.0
242.0
248.0
279.0
296.0
265.0
254.0
249.0
223.0
287.0
227.0
267.0
240.0
243.0
216.0
276.0
232.0
227.0
315.0
224.0
288.0
264.0
248.0
262.0
363.0
272.0
250.0
222.0
259.0
233.0
267.0
266.0
222.0
224.0
282.0
239.0
241.0
248.0
240.0
296.0
252.0
227.0
277.0
268.0
272.0
276.0
246.0
257.0
242.0
236.0
242.0
250.0
245.0
268.0
240.0
266.0
344.0
246.0
272.0
222.0
286.0
247.0
311.0
273.0
254.0
303.0
248.0
272.0
241.0
259.0
274.0
233.0
250.0
280.0
280.0
228.0
248.0
258.0
244.0
212.0
268.0
355.0
281.0
234.0
287.0
271.0
298.0
249.0
263.0
263.0
301.0
262.0
218.0
260.0
248.0
231.0
239.0
314.0
307.0
284.0
228.0
261.0
244.0
284.0
257.0
253.0
277.0
261.0
293.0
259.0
270.0
269.0
255.0
284.0
238.0
257.0
262.0
230.0
252.0
274.0
288.0
215.0
255.0
253.0
238.0
279.0
275.0
272.0
306.0
271.0
257.0
246.0
244.0
242.0
273.0
240.0
232.0
251.0
241.0
273.0
265.0
308.0
253.0
268.0
270.0
328.0
245.0
239.0
285.0
264.0
274.0
285.0
234.0
260.0
232.0
310.0
290.0
273.0
256.0
233.0
268.0
266.0
