136.0
132.0
160.0
152.0
162.0
147.0
134.0
174.0
150.0
133.0
132.0
164.0
175.0
196.0
155.0
155.0
137.0
125.0
160.0
142.0
147.0
161.0
150.0
170.0
152.0
160.0
151.0
168.0
160.0
144.0
136.0
169.0
211.0
197.0
163.0
178.0
162.0
158.0
149.0
168.0
170.0
159.0
224.0
153.0
151.0
151.0
151.0
209.0
200.0
191.0
160.0
150.0
160.0
148.0
159.0
147.0
199.0
137.0
203.0
187.0
139.0
217.0
195.0
152.0
140.0
178.0
167.0
143.0
244.0
143.0
157.0
168.0
135.0
152.0
150.0
144.0
141.0
202.0
225.0
138.0
159.0
155.0
165.0
165.0
144.0
156.0
146.0
153.0
147.0
175.0
156.0
139.0
155.0
174.0
144.0
152.0
153.0
155.0
137.0
215.0
194.0
189.0
137.0
153.0
155.0
179.0
154.0
218.0
172.0
149.0
145.0
201.0
139.0
172.0
180.0
209.0
159.0
168.0
157.0
190.0
142.0
159.0
153.0
148.0
161.0
162.0
166.0
155.0
183.0
153.0
167.0
164.0
179.0
165.0
185.0
124.0
197.0
146.0
177.0
152.0
162.0
128.0
174.0
138.0
160.0
147.0
173.0
181.0
192.0
193.0
142.0
161.0
169.0
150.0
135.0
171.0
139.0
142.0
150.0
140.0
156.0
139.0
192.0
145.0
151.0
162.0
161.0
152.0
163.0
139.0
122.0
204.0
181.0
155.0
152.0
143.0
190.0
135.0
172.0
155.0
132.0
230.0
159.0
166.0
139.0
177.0
199.0
146.0
164.0
158.0
185.0
141.0
161.0
183.0
144.0
213.0
179.0
135.0
133.0
170.0
