282.0
268.0
239.0
203.0
143.0
179.0
193.0
162.0
187.0
288.0
257.0
182.0
249.0
215.0
167.0
203.0
255.0
209.0
278.0
295.0
302.0
323.0
328.0
292.0
269.0
254.0
244.0
213.0
163.0
178.0
212.0
332.0
311.0
341.0
322.0
290.0
276.0
299.0
402.0
390.0
319.0
279.0
250.0
291.0
249.0
238.0
192.0
192.0
206.0
208.0
227.0
183.0
197.0
222.0
191.0
223.0
212.0
258.0
272.0
293.0
366.0
328.0
317.0
288.0
255.0
235.0
180.0
338.0
407.0
443.0
454.0
363.0
346.0
372.0
384.0
354.0
495.0
557.0
600.0
753.0
756.0
720.0
679.0
657.0
649.0
725.0
635.0
565.0
515.0
480.0
480.0
388.0
297.0
258.0
257.0
331.0
388.0
409.0
353.0
425.0
363.0
313.0
385.0
308.0
278.0
225.0
264.0
203.0
261.0
230.0
190.0
210.0
239.0
287.0
281.0
294.0
311.0
300.0
298.0
289.0
413.0
454.0
506.0
357.0
358.0
248.0
222.0
236.0
287.0
467.0
592.0
531.0
649.0
601.0
563.0
459.0
461.0
472.0
364.0
390.0
378.0
395.0
364.0
357.0
386.0
370.0
391.0
374.0
444.0
402.0
408.0
470.0
504.0
579.0
624.0
588.0
495.0
543.0
526.0
525.0
551.0
494.0
516.0
497.0
451.0
366.0
448.0
575.0
487.0
378.0
339.0
341.0
319.0
320.0
292.0
320.0
259.0
281.0
240.0
188.0
479.0
452.0
492.0
442.0
440.0
342.0
369.0
456.0
556.0
535.0
424.0
389.0
307.0
408.0
366.0
429.0
473.0
509.0
560.0
430.0
