164.0
151.0
147.0
158.0
177.0
152.0
154.0
162.0
184.0
163.0
157.0
175.0
151.0
154.0
284.0
147.0
180.0
163.0
179.0
149.0
188.0
179.0
194.0
179.0
228.0
267.0
181.0
157.0
150.0
151.0
209.0
158.0
225.0
133.0
145.0
139.0
151.0
159.0
143.0
152.0
164.0
174.0
166.0
163.0
177.0
176.0
157.0
176.0
151.0
212.0
197.0
140.0
148.0
149.0
188.0
195.0
157.0
137.0
197.0
355.0
154.0
136.0
154.0
165.0
151.0
191.0
139.0
171.0
149.0
184.0
197.0
157.0
179.0
174.0
141.0
181.0
182.0
152.0
163.0
158.0
154.0
138.0
153.0
165.0
184.0
166.0
151.0
142.0
151.0
143.0
169.0
169.0
168.0
191.0
206.0
256.0
276.0
160.0
148.0
175.0
128.0
160.0
141.0
143.0
173.0
231.0
179.0
156.0
180.0
204.0
187.0
221.0
204.0
175.0
159.0
142.0
192.0
164.0
170.0
166.0
170.0
153.0
164.0
159.0
161.0
212.0
208.0
153.0
155.0
171.0
189.0
156.0
148.0
175.0
183.0
143.0
154.0
157.0
153.0
218.0
138.0
165.0
146.0
145.0
164.0
192.0
177.0
162.0
179.0
186.0
162.0
172.0
175.0
146.0
173.0
180.0
205.0
178.0
150.0
130.0
182.0
354.0
139.0
238.0
201.0
166.0
170.0
157.0
180.0
192.0
196.0
142.0
171.0
164.0
185.0
155.0
198.0
173.0
141.0
163.0
170.0
176.0
160.0
265.0
193.0
184.0
189.0
159.0
175.0
163.0
157.0
174.0
220.0
158.0
151.0
196.0
178.0
237.0
213.0
233.0
