266.0
259.0
288.0
255.0
333.0
317.0
310.0
254.0
273.0
267.0
253.0
261.0
267.0
246.0
288.0
268.0
263.0
240.0
273.0
260.0
274.0
274.0
277.0
271.0
277.0
297.0
287.0
270.0
234.0
296.0
256.0
242.0
229.0
258.0
324.0
273.0
277.0
257.0
259.0
227.0
276.0
301.0
247.0
244.0
249.0
233.0
258.0
266.0
278.0
284.0
280.0
258.0
272.0
282.0
304.0
290.0
227.0
276.0
309.0
272.0
232.0
255.0
316.0
284.0
310.0
243.0
299.0
238.0
292.0
246.0
242.0
297.0
266.0
339.0
271.0
267.0
281.0
313.0
245.0
248.0
261.0
244.0
258.0
247.0
319.0
292.0
252.0
272.0
268.0
284.0
262.0
291.0
281.0
309.0
264.0
241.0
233.0
280.0
283.0
269.0
272.0
280.0
287.0
277.0
258.0
306.0
262.0
258.0
269.0
322.0
235.0
266.0
252.0
278.0
236.0
248.0
264.0
280.0
264.0
282.0
241.0
267.0
239.0
215.0
226.0
286.0
251.0
278.0
247.0
326.0
286.0
247.0
272.0
250.0
238.0
269.0
262.0
254.0
253.0
268.0
253.0
289.0
323.0
285.0
336.0
239.0
280.0
270.0
248.0
284.0
260.0
294.0
295.0
260.0
242.0
314.0
221.0
259.0
272.0
297.0
233.0
291.0
245.0
301.0
208.0
252.0
268.0
235.0
246.0
309.0
284.0
221.0
280.0
276.0
261.0
286.0
247.0
234.0
257.0
250.0
307.0
287.0
252.0
303.0
233.0
296.0
357.0
290.0
277.0
281.0
324.0
257.0
247.0
290.0
284.0
284.0
302.0
245.0
262.0
262.0
