266.0
235.0
249.0
255.0
306.0
235.0
267.0
239.0
295.0
255.0
233.0
249.0
254.0
248.0
230.0
225.0
241.0
238.0
279.0
236.0
269.0
235.0
264.0
236.0
292.0
241.0
264.0
233.0
280.0
240.0
247.0
281.0
269.0
262.0
253.0
226.0
268.0
243.0
294.0
271.0
235.0
265.0
262.0
257.0
240.0
227.0
219.0
274.0
254.0
274.0
233.0
233.0
253.0
266.0
270.0
273.0
238.0
232.0
215.0
232.0
216.0
259.0
248.0
297.0
232.0
231.0
255.0
199.0
246.0
232.0
263.0
217.0
241.0
295.0
322.0
223.0
293.0
290.0
247.0
238.0
242.0
233.0
276.0
245.0
234.0
249.0
253.0
297.0
219.0
259.0
268.0
267.0
257.0
259.0
298.0
241.0
259.0
259.0
207.0
231.0
277.0
241.0
252.0
257.0
233.0
276.0
254.0
251.0
244.0
247.0
249.0
258.0
291.0
290.0
238.0
229.0
251.0
225.0
288.0
235.0
242.0
234.0
259.0
255.0
322.0
225.0
233.0
238.0
270.0
237.0
255.0
225.0
246.0
257.0
226.0
271.0
240.0
248.0
257.0
263.0
264.0
223.0
229.0
236.0
249.0
260.0
245.0
225.0
327.0
288.0
267.0
304.0
220.0
340.0
228.0
205.0
276.0
252.0
246.0
328.0
285.0
281.0
229.0
256.0
284.0
241.0
277.0
248.0
225.0
232.0
223.0
238.0
218.0
253.0
215.0
207.0
281.0
221.0
283.0
257.0
260.0
228.0
235.0
266.0
300.0
244.0
264.0
248.0
273.0
256.0
274.0
379.0
254.0
252.0
244.0
263.0
267.0
269.0
271.0
275.0
