267.0
291.0
241.0
160.0
283.0
234.0
227.0
263.0
224.0
368.0
249.0
228.0
211.0
200.0
165.0
206.0
187.0
227.0
215.0
209.0
188.0
148.0
166.0
196.0
199.0
199.0
184.0
146.0
175.0
193.0
218.0
191.0
183.0
182.0
290.0
276.0
231.0
241.0
220.0
189.0
167.0
212.0
224.0
241.0
230.0
306.0
264.0
244.0
195.0
155.0
180.0
223.0
205.0
278.0
255.0
208.0
166.0
198.0
184.0
243.0
185.0
174.0
217.0
217.0
199.0
160.0
187.0
177.0
146.0
216.0
195.0
207.0
170.0
178.0
162.0
159.0
182.0
185.0
159.0
184.0
252.0
185.0
171.0
290.0
251.0
219.0
191.0
188.0
151.0
209.0
355.0
370.0
316.0
318.0
337.0
363.0
279.0
274.0
275.0
270.0
232.0
235.0
232.0
295.0
223.0
206.0
205.0
165.0
189.0
187.0
197.0
195.0
296.0
206.0
174.0
163.0
231.0
174.0
174.0
276.0
229.0
195.0
159.0
163.0
212.0
184.0
177.0
175.0
168.0
158.0
137.0
252.0
201.0
417.0
452.0
424.0
360.0
366.0
284.0
305.0
293.0
214.0
250.0
162.0
177.0
178.0
190.0
234.0
273.0
193.0
234.0
216.0
377.0
350.0
286.0
230.0
223.0
174.0
186.0
184.0
220.0
272.0
297.0
250.0
236.0
250.0
260.0
180.0
214.0
176.0
184.0
242.0
234.0
184.0
194.0
169.0
225.0
208.0
136.0
207.0
201.0
221.0
229.0
220.0
198.0
239.0
410.0
258.0
224.0
164.0
209.0
189.0
182.0
266.0
317.0
280.0
263.0
174.0
166.0
426.0
