281.0
262.0
261.0
334.0
280.0
247.0
325.0
300.0
258.0
300.0
274.0
303.0
280.0
251.0
250.0
263.0
323.0
274.0
250.0
269.0
301.0
301.0
274.0
240.0
278.0
292.0
266.0
246.0
271.0
263.0
249.0
240.0
258.0
317.0
255.0
310.0
243.0
202.0
239.0
291.0
277.0
255.0
249.0
270.0
231.0
289.0
263.0
242.0
295.0
219.0
258.0
296.0
265.0
269.0
255.0
260.0
251.0
324.0
268.0
270.0
264.0
249.0
225.0
274.0
273.0
277.0
264.0
236.0
222.0
328.0
269.0
236.0
277.0
326.0
242.0
287.0
292.0
254.0
254.0
276.0
261.0
252.0
284.0
245.0
263.0
302.0
280.0
262.0
317.0
263.0
280.0
311.0
257.0
261.0
267.0
277.0
336.0
251.0
255.0
282.0
262.0
251.0
249.0
247.0
247.0
332.0
247.0
261.0
274.0
280.0
243.0
273.0
267.0
259.0
259.0
283.0
268.0
256.0
261.0
243.0
309.0
242.0
223.0
242.0
297.0
231.0
301.0
308.0
277.0
228.0
350.0
277.0
326.0
248.0
289.0
270.0
237.0
281.0
308.0
228.0
289.0
299.0
313.0
263.0
270.0
320.0
314.0
246.0
315.0
249.0
305.0
266.0
293.0
277.0
238.0
253.0
230.0
258.0
246.0
232.0
247.0
286.0
235.0
277.0
247.0
266.0
262.0
270.0
264.0
239.0
322.0
320.0
290.0
269.0
302.0
249.0
285.0
241.0
272.0
265.0
249.0
266.0
321.0
256.0
318.0
255.0
262.0
301.0
258.0
247.0
254.0
226.0
280.0
278.0
271.0
236.0
263.0
233.0
281.0
285.0
