253.0
240.0
275.0
272.0
311.0
229.0
222.0
286.0
239.0
282.0
238.0
239.0
303.0
241.0
237.0
226.0
237.0
235.0
252.0
247.0
305.0
260.0
205.0
296.0
264.0
234.0
259.0
215.0
296.0
256.0
220.0
234.0
219.0
231.0
234.0
238.0
285.0
231.0
236.0
318.0
243.0
210.0
335.0
211.0
216.0
288.0
213.0
245.0
262.0
228.0
210.0
254.0
240.0
250.0
253.0
298.0
224.0
266.0
250.0
265.0
268.0
276.0
270.0
251.0
256.0
230.0
260.0
233.0
302.0
255.0
246.0
287.0
265.0
327.0
260.0
323.0
219.0
254.0
238.0
245.0
230.0
245.0
251.0
298.0
340.0
262.0
239.0
250.0
270.0
264.0
256.0
236.0
258.0
221.0
240.0
204.0
334.0
248.0
253.0
285.0
277.0
262.0
302.0
225.0
274.0
216.0
207.0
352.0
247.0
261.0
256.0
235.0
300.0
254.0
217.0
234.0
294.0
276.0
267.0
209.0
270.0
280.0
237.0
254.0
225.0
222.0
261.0
273.0
268.0
288.0
302.0
322.0
254.0
244.0
201.0
287.0
286.0
256.0
253.0
285.0
251.0
249.0
238.0
243.0
220.0
240.0
259.0
230.0
254.0
300.0
248.0
233.0
273.0
242.0
236.0
240.0
254.0
235.0
243.0
314.0
261.0
217.0
262.0
242.0
254.0
248.0
281.0
215.0
250.0
274.0
227.0
248.0
239.0
242.0
267.0
268.0
238.0
248.0
236.0
282.0
274.0
231.0
267.0
259.0
288.0
298.0
265.0
256.0
272.0
251.0
253.0
250.0
260.0
248.0
220.0
322.0
283.0
266.0
257.0
226.0
