266.0
234.0
252.0
297.0
264.0
262.0
244.0
246.0
241.0
291.0
245.0
250.0
214.0
261.0
227.0
274.0
252.0
252.0
251.0
315.0
251.0
275.0
297.0
289.0
259.0
282.0
258.0
222.0
252.0
245.0
312.0
277.0
253.0
266.0
277.0
220.0
275.0
272.0
257.0
240.0
260.0
205.0
287.0
287.0
266.0
229.0
270.0
335.0
254.0
238.0
294.0
296.0
246.0
260.0
243.0
228.0
241.0
286.0
264.0
267.0
279.0
284.0
236.0
300.0
256.0
258.0
252.0
267.0
237.0
232.0
245.0
323.0
314.0
264.0
244.0
252.0
251.0
253.0
271.0
242.0
259.0
220.0
271.0
266.0
240.0
260.0
237.0
277.0
300.0
251.0
249.0
260.0
240.0
248.0
273.0
295.0
238.0
245.0
242.0
260.0
243.0
241.0
252.0
227.0
313.0
318.0
275.0
245.0
288.0
250.0
248.0
266.0
252.0
262.0
282.0
271.0
261.0
313.0
234.0
226.0
240.0
244.0
296.0
276.0
238.0
261.0
326.0
288.0
247.0
246.0
222.0
210.0
310.0
241.0
235.0
291.0
315.0
308.0
274.0
236.0
242.0
292.0
340.0
288.0
216.0
242.0
246.0
258.0
310.0
238.0
257.0
233.0
252.0
216.0
266.0
238.0
256.0
255.0
251.0
269.0
258.0
264.0
255.0
229.0
261.0
314.0
239.0
250.0
270.0
247.0
220.0
267.0
302.0
256.0
261.0
268.0
268.0
275.0
221.0
241.0
263.0
246.0
314.0
240.0
263.0
242.0
247.0
279.0
356.0
237.0
291.0
260.0
278.0
260.0
262.0
249.0
261.0
215.0
263.0
295.0
