241.0
253.0
254.0
201.0
259.0
238.0
240.0
221.0
289.0
263.0
271.0
232.0
267.0
266.0
220.0
253.0
278.0
251.0
209.0
220.0
239.0
253.0
221.0
308.0
268.0
246.0
253.0
251.0
235.0
257.0
230.0
237.0
274.0
255.0
200.0
233.0
246.0
289.0
257.0
261.0
279.0
336.0
301.0
228.0
254.0
270.0
262.0
284.0
282.0
300.0
243.0
285.0
262.0
213.0
271.0
214.0
320.0
379.0
255.0
242.0
277.0
211.0
225.0
248.0
270.0
260.0
265.0
260.0
257.0
225.0
328.0
315.0
297.0
229.0
251.0
265.0
340.0
249.0
239.0
250.0
283.0
237.0
241.0
226.0
242.0
268.0
227.0
278.0
250.0
279.0
240.0
261.0
266.0
263.0
294.0
249.0
220.0
220.0
244.0
250.0
237.0
259.0
285.0
276.0
243.0
241.0
290.0
279.0
272.0
241.0
222.0
259.0
243.0
288.0
240.0
340.0
242.0
251.0
265.0
272.0
247.0
280.0
248.0
256.0
236.0
273.0
233.0
239.0
250.0
279.0
291.0
250.0
255.0
268.0
256.0
222.0
235.0
231.0
239.0
234.0
234.0
254.0
219.0
239.0
258.0
287.0
249.0
246.0
237.0
222.0
256.0
260.0
241.0
279.0
242.0
261.0
260.0
252.0
316.0
255.0
244.0
244.0
300.0
244.0
311.0
213.0
234.0
250.0
307.0
260.0
271.0
288.0
304.0
243.0
264.0
242.0
283.0
294.0
227.0
260.0
285.0
267.0
249.0
257.0
267.0
307.0
321.0
256.0
235.0
287.0
265.0
222.0
241.0
242.0
259.0
282.0
267.0
270.0
244.0
245.0
