340.0
269.0
277.0
296.0
256.0
218.0
300.0
269.0
244.0
288.0
228.0
252.0
254.0
256.0
281.0
275.0
234.0
256.0
242.0
238.0
289.0
255.0
283.0
229.0
231.0
334.0
260.0
259.0
298.0
272.0
293.0
312.0
257.0
251.0
301.0
276.0
284.0
243.0
219.0
296.0
249.0
301.0
285.0
274.0
262.0
264.0
289.0
269.0
252.0
257.0
271.0
254.0
258.0
245.0
270.0
252.0
240.0
277.0
288.0
249.0
259.0
240.0
244.0
238.0
235.0
234.0
252.0
216.0
262.0
241.0
251.0
265.0
317.0
260.0
279.0
267.0
319.0
246.0
268.0
238.0
272.0
297.0
269.0
263.0
238.0
287.0
265.0
272.0
251.0
281.0
264.0
279.0
296.0
242.0
254.0
273.0
279.0
233.0
224.0
268.0
234.0
294.0
249.0
278.0
234.0
285.0
237.0
282.0
207.0
255.0
254.0
253.0
267.0
269.0
258.0
271.0
252.0
297.0
284.0
245.0
242.0
235.0
250.0
282.0
245.0
283.0
247.0
312.0
253.0
240.0
257.0
259.0
285.0
256.0
222.0
268.0
254.0
283.0
257.0
275.0
361.0
316.0
240.0
302.0
241.0
282.0
254.0
243.0
342.0
267.0
236.0
314.0
238.0
243.0
245.0
260.0
238.0
231.0
274.0
250.0
227.0
224.0
237.0
318.0
249.0
267.0
277.0
220.0
237.0
254.0
243.0
241.0
267.0
250.0
242.0
267.0
258.0
228.0
272.0
269.0
215.0
250.0
227.0
265.0
249.0
277.0
328.0
282.0
315.0
234.0
268.0
242.0
224.0
253.0
243.0
228.0
232.0
287.0
227.0
268.0
