180.0
171.0
160.0
159.0
197.0
182.0
172.0
227.0
185.0
193.0
281.0
175.0
183.0
181.0
155.0
167.0
169.0
177.0
172.0
179.0
191.0
168.0
237.0
170.0
147.0
167.0
207.0
164.0
171.0
180.0
175.0
149.0
250.0
168.0
219.0
162.0
169.0
171.0
159.0
148.0
151.0
207.0
339.0
196.0
234.0
173.0
169.0
222.0
172.0
152.0
184.0
166.0
158.0
141.0
166.0
243.0
182.0
155.0
146.0
182.0
165.0
154.0
163.0
175.0
158.0
158.0
181.0
168.0
161.0
182.0
147.0
255.0
165.0
175.0
168.0
166.0
186.0
208.0
186.0
226.0
186.0
301.0
165.0
242.0
216.0
169.0
178.0
164.0
164.0
198.0
152.0
218.0
184.0
178.0
157.0
257.0
170.0
178.0
183.0
147.0
166.0
159.0
184.0
195.0
226.0
181.0
197.0
164.0
148.0
176.0
153.0
165.0
168.0
181.0
221.0
185.0
142.0
162.0
334.0
180.0
162.0
163.0
208.0
168.0
169.0
172.0
179.0
185.0
182.0
157.0
158.0
149.0
161.0
155.0
143.0
182.0
195.0
218.0
170.0
182.0
139.0
213.0
186.0
183.0
184.0
195.0
177.0
162.0
266.0
197.0
259.0
196.0
162.0
206.0
141.0
201.0
180.0
159.0
189.0
190.0
164.0
218.0
172.0
213.0
189.0
153.0
126.0
172.0
159.0
243.0
190.0
193.0
154.0
190.0
157.0
253.0
152.0
180.0
178.0
152.0
202.0
149.0
177.0
164.0
187.0
200.0
165.0
187.0
197.0
186.0
196.0
202.0
149.0
164.0
199.0
210.0
147.0
154.0
168.0
205.0
