270.0
254.0
349.0
230.0
286.0
269.0
242.0
262.0
256.0
258.0
230.0
225.0
270.0
274.0
200.0
228.0
262.0
252.0
234.0
260.0
259.0
292.0
287.0
257.0
249.0
231.0
278.0
227.0
231.0
248.0
321.0
244.0
243.0
288.0
218.0
260.0
256.0
255.0
271.0
210.0
253.0
262.0
261.0
235.0
222.0
251.0
255.0
285.0
269.0
269.0
233.0
234.0
212.0
266.0
292.0
256.0
251.0
280.0
233.0
276.0
323.0
255.0
272.0
242.0
285.0
226.0
226.0
334.0
254.0
267.0
294.0
231.0
234.0
245.0
265.0
248.0
222.0
229.0
270.0
292.0
282.0
280.0
270.0
255.0
225.0
241.0
238.0
277.0
281.0
275.0
284.0
233.0
232.0
295.0
213.0
281.0
253.0
232.0
256.0
237.0
243.0
254.0
250.0
282.0
249.0
274.0
268.0
271.0
310.0
260.0
215.0
231.0
247.0
265.0
259.0
248.0
252.0
273.0
239.0
256.0
251.0
287.0
225.0
256.0
267.0
255.0
228.0
251.0
287.0
257.0
255.0
239.0
249.0
239.0
254.0
252.0
240.0
278.0
288.0
271.0
279.0
266.0
251.0
229.0
273.0
236.0
245.0
266.0
260.0
248.0
262.0
263.0
244.0
242.0
243.0
224.0
232.0
312.0
252.0
259.0
233.0
278.0
280.0
223.0
278.0
253.0
240.0
271.0
287.0
300.0
254.0
276.0
258.0
253.0
264.0
251.0
241.0
259.0
302.0
268.0
240.0
252.0
301.0
271.0
238.0
239.0
292.0
272.0
248.0
225.0
221.0
228.0
246.0
331.0
266.0
248.0
248.0
218.0
257.0
247.0
