242.0
300.0
249.0
274.0
282.0
264.0
266.0
263.0
328.0
284.0
258.0
287.0
296.0
303.0
233.0
270.0
276.0
300.0
251.0
268.0
234.0
255.0
244.0
260.0
244.0
250.0
252.0
268.0
227.0
254.0
252.0
278.0
257.0
259.0
268.0
253.0
266.0
304.0
257.0
244.0
249.0
297.0
245.0
244.0
246.0
294.0
276.0
242.0
264.0
260.0
228.0
276.0
223.0
243.0
271.0
278.0
271.0
223.0
237.0
263.0
291.0
260.0
244.0
253.0
255.0
298.0
285.0
277.0
256.0
217.0
251.0
284.0
275.0
274.0
232.0
283.0
290.0
291.0
239.0
237.0
322.0
267.0
225.0
265.0
256.0
262.0
289.0
277.0
262.0
228.0
253.0
259.0
283.0
270.0
239.0
280.0
297.0
328.0
273.0
238.0
267.0
295.0
268.0
258.0
238.0
246.0
290.0
252.0
269.0
346.0
234.0
295.0
254.0
247.0
230.0
282.0
260.0
249.0
252.0
257.0
258.0
242.0
279.0
236.0
279.0
220.0
238.0
251.0
242.0
256.0
240.0
319.0
274.0
280.0
279.0
243.0
235.0
231.0
271.0
303.0
249.0
295.0
243.0
237.0
284.0
273.0
287.0
249.0
292.0
248.0
266.0
273.0
317.0
311.0
299.0
285.0
278.0
270.0
274.0
240.0
292.0
301.0
279.0
265.0
240.0
266.0
280.0
237.0
252.0
248.0
241.0
246.0
268.0
270.0
273.0
255.0
274.0
233.0
308.0
272.0
277.0
294.0
273.0
219.0
321.0
246.0
256.0
280.0
315.0
293.0
271.0
250.0
321.0
259.0
250.0
317.0
310.0
251.0
274.0
286.0
