261.0
247.0
295.0
259.0
241.0
264.0
249.0
281.0
258.0
245.0
288.0
263.0
248.0
228.0
246.0
247.0
309.0
253.0
273.0
247.0
236.0
240.0
280.0
296.0
260.0
281.0
260.0
247.0
343.0
255.0
241.0
277.0
217.0
235.0
275.0
276.0
262.0
248.0
270.0
304.0
226.0
280.0
327.0
254.0
289.0
271.0
277.0
258.0
253.0
248.0
268.0
267.0
242.0
246.0
295.0
241.0
242.0
274.0
255.0
257.0
293.0
330.0
271.0
226.0
334.0
256.0
254.0
269.0
233.0
238.0
251.0
278.0
283.0
305.0
289.0
239.0
250.0
245.0
235.0
211.0
249.0
291.0
328.0
253.0
306.0
277.0
260.0
325.0
263.0
337.0
275.0
276.0
344.0
280.0
279.0
224.0
236.0
315.0
263.0
272.0
232.0
268.0
263.0
320.0
261.0
244.0
253.0
295.0
252.0
263.0
249.0
260.0
229.0
260.0
269.0
305.0
262.0
236.0
268.0
274.0
251.0
278.0
256.0
283.0
239.0
267.0
234.0
297.0
250.0
213.0
241.0
263.0
278.0
260.0
292.0
250.0
285.0
327.0
243.0
254.0
226.0
267.0
257.0
246.0
252.0
275.0
345.0
267.0
258.0
243.0
290.0
271.0
303.0
229.0
232.0
263.0
247.0
278.0
293.0
245.0
248.0
236.0
282.0
282.0
292.0
236.0
235.0
252.0
228.0
288.0
303.0
243.0
269.0
239.0
258.0
239.0
242.0
275.0
239.0
318.0
253.0
247.0
327.0
275.0
270.0
264.0
221.0
237.0
288.0
234.0
288.0
292.0
267.0
225.0
296.0
265.0
216.0
270.0
291.0
295.0
