234.0
254.0
312.0
254.0
237.0
261.0
274.0
262.0
264.0
261.0
327.0
274.0
276.0
324.0
267.0
298.0
236.0
250.0
272.0
271.0
319.0
253.0
307.0
268.0
228.0
248.0
233.0
265.0
254.0
273.0
288.0
257.0
273.0
303.0
293.0
228.0
265.0
224.0
308.0
234.0
262.0
229.0
251.0
334.0
236.0
290.0
260.0
224.0
258.0
233.0
298.0
308.0
312.0
271.0
297.0
253.0
246.0
266.0
293.0
266.0
263.0
290.0
246.0
301.0
236.0
285.0
255.0
317.0
256.0
283.0
237.0
273.0
250.0
246.0
272.0
258.0
251.0
231.0
255.0
219.0
257.0
275.0
268.0
253.0
275.0
288.0
232.0
228.0
256.0
264.0
255.0
321.0
276.0
287.0
250.0
256.0
205.0
286.0
279.0
296.0
267.0
309.0
251.0
294.0
251.0
239.0
247.0
257.0
265.0
332.0
217.0
226.0
230.0
343.0
260.0
294.0
248.0
278.0
265.0
245.0
286.0
250.0
312.0
255.0
238.0
250.0
335.0
229.0
256.0
245.0
231.0
306.0
268.0
270.0
258.0
252.0
267.0
265.0
269.0
223.0
296.0
283.0
259.0
265.0
350.0
341.0
244.0
217.0
338.0
286.0
300.0
248.0
233.0
242.0
225.0
277.0
287.0
278.0
268.0
245.0
227.0
275.0
267.0
286.0
273.0
279.0
275.0
239.0
261.0
274.0
250.0
274.0
222.0
271.0
223.0
268.0
249.0
257.0
296.0
326.0
233.0
323.0
243.0
237.0
242.0
232.0
262.0
272.0
259.0
268.0
254.0
253.0
252.0
234.0
255.0
232.0
244.0
273.0
267.0
273.0
