621.0
672.0
884.0
695.0
744.0
1009.0
721.0
680.0
757.0
875.0
835.0
770.0
839.0
857.0
826.0
659.0
812.0
856.0
856.0
744.0
772.0
840.0
838.0
728.0
696.0
858.0
768.0
716.0
691.0
775.0
959.0
776.0
900.0
795.0
811.0
829.0
840.0
706.0
747.0
758.0
727.0
741.0
761.0
880.0
839.0
747.0
713.0
909.0
881.0
757.0
874.0
777.0
795.0
886.0
795.0
886.0
729.0
732.0
919.0
827.0
956.0
850.0
934.0
837.0
864.0
726.0
755.0
739.0
775.0
957.0
852.0
805.0
849.0
723.0
847.0
729.0
805.0
803.0
874.0
900.0
836.0
801.0
739.0
805.0
771.0
822.0
839.0
816.0
836.0
856.0
713.0
748.0
780.0
821.0
790.0
926.0
842.0
842.0
865.0
845.0
692.0
889.0
819.0
814.0
796.0
917.0
786.0
796.0
804.0
715.0
711.0
941.0
747.0
885.0
725.0
718.0
703.0
736.0
798.0
775.0
772.0
806.0
717.0
918.0
820.0
628.0
785.0
751.0
947.0
735.0
798.0
768.0
850.0
817.0
815.0
777.0
791.0
739.0
727.0
767.0
732.0
824.0
985.0
868.0
813.0
701.0
756.0
888.0
853.0
655.0
763.0
823.0
862.0
696.0
853.0
730.0
789.0
668.0
788.0
743.0
704.0
773.0
844.0
1024.0
762.0
846.0
942.0
817.0
812.0
970.0
823.0
746.0
713.0
792.0
805.0
743.0
734.0
850.0
717.0
891.0
736.0
790.0
748.0
857.0
932.0
738.0
775.0
816.0
744.0
889.0
892.0
824.0
909.0
758.0
729.0
780.0
759.0
762.0
753.0
785.0
