249.0
263.0
292.0
224.0
289.0
275.0
269.0
264.0
234.0
242.0
295.0
265.0
265.0
228.0
275.0
259.0
237.0
257.0
308.0
262.0
292.0
238.0
222.0
254.0
294.0
302.0
255.0
297.0
270.0
242.0
259.0
219.0
229.0
265.0
249.0
243.0
250.0
324.0
266.0
225.0
271.0
243.0
247.0
265.0
260.0
270.0
224.0
271.0
257.0
238.0
254.0
274.0
253.0
273.0
255.0
287.0
247.0
302.0
265.0
285.0
237.0
258.0
348.0
280.0
247.0
272.0
285.0
260.0
302.0
247.0
238.0
308.0
251.0
219.0
261.0
243.0
240.0
227.0
320.0
314.0
286.0
250.0
277.0
276.0
265.0
270.0
227.0
236.0
258.0
295.0
249.0
246.0
236.0
242.0
277.0
277.0
239.0
243.0
219.0
212.0
263.0
259.0
290.0
245.0
302.0
278.0
288.0
255.0
276.0
292.0
279.0
267.0
266.0
246.0
254.0
315.0
237.0
259.0
277.0
226.0
289.0
257.0
207.0
251.0
241.0
269.0
314.0
228.0
258.0
244.0
226.0
227.0
293.0
256.0
238.0
263.0
264.0
258.0
256.0
318.0
234.0
260.0
238.0
207.0
265.0
245.0
239.0
226.0
260.0
250.0
235.0
269.0
201.0
302.0
267.0
248.0
291.0
268.0
259.0
240.0
222.0
270.0
216.0
253.0
289.0
279.0
289.0
239.0
240.0
264.0
282.0
235.0
264.0
214.0
236.0
250.0
287.0
268.0
257.0
231.0
320.0
315.0
266.0
257.0
244.0
273.0
251.0
266.0
252.0
253.0
256.0
240.0
270.0
267.0
235.0
247.0
288.0
251.0
253.0
291.0
