309.0
286.0
243.0
251.0
307.0
240.0
226.0
281.0
253.0
320.0
249.0
248.0
283.0
252.0
249.0
274.0
258.0
260.0
259.0
245.0
237.0
262.0
279.0
230.0
222.0
256.0
311.0
250.0
273.0
283.0
300.0
287.0
269.0
254.0
264.0
283.0
273.0
272.0
276.0
263.0
251.0
245.0
265.0
275.0
251.0
315.0
295.0
296.0
228.0
335.0
293.0
330.0
256.0
259.0
314.0
272.0
267.0
242.0
270.0
281.0
271.0
294.0
253.0
308.0
245.0
276.0
253.0
264.0
300.0
246.0
260.0
330.0
271.0
299.0
252.0
297.0
253.0
265.0
253.0
287.0
256.0
275.0
233.0
251.0
248.0
273.0
290.0
261.0
258.0
238.0
277.0
248.0
219.0
252.0
255.0
284.0
246.0
294.0
242.0
264.0
237.0
220.0
258.0
242.0
234.0
265.0
326.0
260.0
265.0
244.0
241.0
247.0
285.0
339.0
350.0
258.0
266.0
267.0
286.0
328.0
240.0
238.0
310.0
244.0
290.0
251.0
265.0
306.0
260.0
336.0
252.0
252.0
284.0
265.0
283.0
275.0
311.0
265.0
296.0
279.0
243.0
247.0
282.0
291.0
258.0
259.0
265.0
275.0
253.0
283.0
251.0
335.0
283.0
293.0
331.0
272.0
234.0
273.0
312.0
334.0
219.0
300.0
270.0
251.0
310.0
313.0
318.0
296.0
258.0
289.0
273.0
301.0
234.0
281.0
299.0
301.0
267.0
345.0
307.0
308.0
266.0
284.0
242.0
271.0
261.0
299.0
270.0
251.0
330.0
246.0
298.0
223.0
271.0
309.0
267.0
251.0
231.0
298.0
259.0
248.0
