223.0
253.0
269.0
267.0
281.0
257.0
235.0
265.0
249.0
255.0
237.0
242.0
211.0
248.0
251.0
266.0
261.0
259.0
264.0
224.0
282.0
223.0
220.0
257.0
251.0
264.0
300.0
257.0
276.0
242.0
261.0
238.0
242.0
272.0
211.0
249.0
230.0
228.0
245.0
237.0
270.0
242.0
239.0
253.0
235.0
287.0
304.0
266.0
229.0
246.0
290.0
251.0
251.0
227.0
237.0
292.0
224.0
251.0
326.0
266.0
225.0
231.0
269.0
267.0
231.0
266.0
225.0
239.0
264.0
295.0
227.0
267.0
293.0
325.0
236.0
240.0
267.0
228.0
265.0
253.0
327.0
310.0
256.0
256.0
308.0
228.0
221.0
231.0
300.0
255.0
232.0
267.0
235.0
275.0
221.0
235.0
269.0
247.0
292.0
279.0
260.0
260.0
231.0
282.0
242.0
265.0
295.0
241.0
286.0
234.0
259.0
219.0
215.0
246.0
287.0
268.0
260.0
234.0
227.0
291.0
242.0
242.0
256.0
301.0
295.0
268.0
331.0
230.0
219.0
269.0
249.0
237.0
234.0
245.0
301.0
266.0
273.0
251.0
294.0
242.0
226.0
238.0
229.0
253.0
274.0
261.0
243.0
262.0
303.0
241.0
262.0
236.0
266.0
236.0
249.0
235.0
338.0
298.0
238.0
227.0
249.0
283.0
263.0
263.0
247.0
291.0
231.0
269.0
239.0
267.0
253.0
309.0
251.0
259.0
309.0
257.0
256.0
254.0
225.0
251.0
251.0
231.0
240.0
257.0
245.0
283.0
244.0
271.0
220.0
301.0
261.0
229.0
239.0
240.0
224.0
285.0
273.0
274.0
219.0
301.0
