269.0
230.0
236.0
253.0
262.0
247.0
272.0
249.0
293.0
243.0
281.0
234.0
244.0
211.0
280.0
228.0
274.0
232.0
254.0
253.0
283.0
231.0
264.0
266.0
234.0
282.0
290.0
274.0
252.0
264.0
244.0
282.0
272.0
270.0
285.0
270.0
265.0
223.0
276.0
227.0
229.0
248.0
255.0
289.0
289.0
275.0
316.0
232.0
267.0
273.0
241.0
305.0
287.0
282.0
284.0
281.0
260.0
253.0
219.0
274.0
274.0
315.0
287.0
298.0
257.0
239.0
243.0
272.0
233.0
254.0
257.0
271.0
253.0
292.0
268.0
262.0
264.0
258.0
223.0
228.0
278.0
270.0
226.0
312.0
257.0
281.0
307.0
235.0
237.0
361.0
273.0
300.0
251.0
279.0
278.0
247.0
281.0
240.0
230.0
266.0
261.0
274.0
262.0
284.0
268.0
288.0
305.0
304.0
246.0
293.0
328.0
291.0
335.0
239.0
260.0
256.0
259.0
236.0
232.0
223.0
270.0
278.0
289.0
288.0
228.0
302.0
268.0
285.0
292.0
246.0
236.0
287.0
268.0
264.0
318.0
253.0
235.0
271.0
241.0
402.0
294.0
262.0
226.0
229.0
273.0
252.0
290.0
268.0
226.0
251.0
299.0
229.0
254.0
248.0
260.0
259.0
267.0
285.0
262.0
227.0
254.0
293.0
273.0
250.0
287.0
260.0
249.0
261.0
255.0
250.0
252.0
289.0
305.0
269.0
337.0
276.0
279.0
259.0
288.0
278.0
223.0
274.0
252.0
261.0
265.0
250.0
256.0
249.0
264.0
258.0
272.0
268.0
275.0
250.0
304.0
251.0
271.0
268.0
244.0
318.0
