134.0
145.0
137.0
161.0
145.0
131.0
149.0
144.0
137.0
165.0
158.0
153.0
156.0
136.0
160.0
165.0
138.0
146.0
159.0
173.0
143.0
121.0
135.0
157.0
154.0
143.0
155.0
182.0
157.0
160.0
153.0
166.0
149.0
151.0
148.0
163.0
147.0
131.0
165.0
146.0
162.0
165.0
148.0
131.0
175.0
152.0
124.0
146.0
171.0
154.0
139.0
156.0
149.0
141.0
151.0
149.0
132.0
144.0
141.0
153.0
161.0
125.0
138.0
147.0
187.0
139.0
187.0
153.0
134.0
152.0
176.0
152.0
208.0
133.0
157.0
132.0
143.0
145.0
167.0
145.0
140.0
143.0
168.0
152.0
171.0
155.0
147.0
149.0
146.0
155.0
137.0
140.0
162.0
152.0
138.0
146.0
131.0
161.0
143.0
152.0
150.0
177.0
173.0
149.0
132.0
150.0
182.0
135.0
156.0
140.0
148.0
159.0
180.0
142.0
145.0
158.0
129.0
163.0
153.0
132.0
154.0
151.0
167.0
185.0
166.0
157.0
158.0
159.0
165.0
134.0
142.0
132.0
225.0
146.0
195.0
137.0
152.0
175.0
144.0
160.0
122.0
163.0
145.0
144.0
160.0
138.0
153.0
142.0
164.0
163.0
140.0
159.0
126.0
151.0
149.0
157.0
141.0
127.0
141.0
136.0
176.0
185.0
165.0
133.0
140.0
149.0
167.0
124.0
169.0
138.0
155.0
154.0
151.0
146.0
155.0
212.0
158.0
144.0
158.0
147.0
150.0
136.0
157.0
154.0
155.0
165.0
153.0
169.0
154.0
161.0
128.0
142.0
150.0
162.0
166.0
152.0
153.0
124.0
146.0
151.0
