196.0
179.0
154.0
179.0
152.0
166.0
185.0
179.0
222.0
245.0
186.0
133.0
154.0
217.0
152.0
160.0
188.0
163.0
156.0
154.0
174.0
172.0
179.0
186.0
144.0
206.0
130.0
235.0
232.0
158.0
158.0
133.0
158.0
198.0
210.0
176.0
158.0
162.0
166.0
225.0
161.0
136.0
188.0
163.0
146.0
203.0
204.0
185.0
154.0
169.0
164.0
185.0
155.0
145.0
196.0
156.0
191.0
181.0
158.0
180.0
177.0
133.0
163.0
224.0
138.0
151.0
149.0
148.0
166.0
160.0
152.0
170.0
151.0
167.0
124.0
211.0
212.0
196.0
290.0
169.0
172.0
154.0
136.0
176.0
174.0
154.0
205.0
162.0
166.0
172.0
176.0
186.0
149.0
214.0
184.0
145.0
261.0
154.0
205.0
152.0
149.0
164.0
208.0
167.0
219.0
145.0
175.0
205.0
140.0
147.0
148.0
224.0
217.0
163.0
173.0
154.0
206.0
229.0
196.0
160.0
161.0
150.0
134.0
218.0
166.0
165.0
186.0
215.0
157.0
216.0
148.0
184.0
182.0
179.0
176.0
160.0
180.0
141.0
161.0
199.0
176.0
208.0
155.0
175.0
135.0
168.0
161.0
263.0
188.0
163.0
160.0
176.0
183.0
170.0
170.0
182.0
146.0
186.0
295.0
177.0
264.0
182.0
191.0
182.0
170.0
163.0
150.0
165.0
184.0
222.0
162.0
156.0
265.0
165.0
235.0
183.0
220.0
182.0
184.0
231.0
182.0
218.0
255.0
170.0
174.0
177.0
169.0
182.0
140.0
182.0
158.0
165.0
168.0
171.0
173.0
167.0
176.0
137.0
202.0
251.0
