350.0
256.0
286.0
279.0
292.0
268.0
241.0
241.0
280.0
225.0
343.0
262.0
234.0
261.0
224.0
278.0
257.0
248.0
217.0
254.0
226.0
228.0
208.0
257.0
254.0
245.0
291.0
222.0
251.0
262.0
222.0
273.0
246.0
259.0
252.0
264.0
228.0
299.0
264.0
253.0
262.0
276.0
254.0
276.0
275.0
249.0
289.0
272.0
251.0
231.0
260.0
255.0
258.0
313.0
260.0
232.0
276.0
267.0
333.0
261.0
302.0
318.0
226.0
238.0
248.0
265.0
246.0
266.0
255.0
243.0
236.0
282.0
285.0
267.0
211.0
255.0
208.0
251.0
236.0
230.0
256.0
228.0
227.0
253.0
266.0
251.0
254.0
278.0
263.0
241.0
302.0
240.0
267.0
221.0
275.0
213.0
227.0
286.0
255.0
325.0
226.0
272.0
277.0
282.0
300.0
257.0
244.0
265.0
242.0
266.0
289.0
291.0
270.0
212.0
296.0
237.0
240.0
256.0
251.0
256.0
230.0
259.0
214.0
240.0
262.0
243.0
278.0
224.0
236.0
277.0
225.0
250.0
249.0
224.0
235.0
238.0
283.0
228.0
248.0
257.0
259.0
227.0
228.0
258.0
234.0
310.0
272.0
258.0
244.0
263.0
266.0
232.0
218.0
229.0
252.0
237.0
256.0
230.0
277.0
268.0
278.0
238.0
247.0
258.0
315.0
230.0
377.0
287.0
314.0
246.0
267.0
228.0
246.0
194.0
265.0
269.0
245.0
285.0
248.0
254.0
275.0
243.0
237.0
268.0
250.0
263.0
249.0
273.0
273.0
247.0
244.0
221.0
235.0
298.0
295.0
287.0
249.0
247.0
278.0
225.0
