165.0
161.0
142.0
199.0
133.0
162.0
139.0
164.0
148.0
203.0
144.0
157.0
139.0
143.0
133.0
159.0
157.0
156.0
163.0
173.0
166.0
147.0
146.0
146.0
161.0
148.0
158.0
150.0
146.0
154.0
145.0
174.0
144.0
168.0
134.0
178.0
161.0
181.0
150.0
152.0
172.0
151.0
172.0
123.0
136.0
149.0
195.0
135.0
194.0
153.0
157.0
165.0
183.0
151.0
175.0
198.0
159.0
177.0
132.0
174.0
150.0
179.0
185.0
149.0
142.0
145.0
127.0
244.0
152.0
206.0
141.0
239.0
151.0
147.0
145.0
136.0
145.0
153.0
142.0
180.0
157.0
152.0
133.0
141.0
172.0
179.0
149.0
145.0
161.0
203.0
229.0
166.0
131.0
174.0
153.0
171.0
173.0
147.0
147.0
166.0
163.0
167.0
172.0
156.0
161.0
155.0
166.0
315.0
140.0
133.0
138.0
156.0
149.0
141.0
166.0
148.0
150.0
157.0
145.0
150.0
144.0
144.0
147.0
155.0
273.0
148.0
169.0
147.0
170.0
142.0
187.0
152.0
157.0
157.0
125.0
145.0
137.0
152.0
214.0
148.0
142.0
137.0
150.0
166.0
160.0
137.0
145.0
151.0
151.0
155.0
158.0
138.0
145.0
220.0
151.0
167.0
148.0
142.0
164.0
187.0
164.0
185.0
139.0
180.0
172.0
156.0
257.0
231.0
163.0
148.0
181.0
142.0
140.0
161.0
163.0
139.0
144.0
155.0
173.0
145.0
143.0
211.0
135.0
141.0
177.0
176.0
156.0
164.0
175.0
138.0
216.0
153.0
161.0
163.0
143.0
172.0
163.0
166.0
169.0
182.0
