375.0
131.0
150.0
152.0
208.0
170.0
147.0
142.0
149.0
259.0
203.0
166.0
230.0
151.0
147.0
152.0
177.0
192.0
152.0
160.0
221.0
165.0
147.0
179.0
136.0
166.0
242.0
188.0
180.0
156.0
215.0
152.0
150.0
182.0
153.0
142.0
149.0
145.0
149.0
165.0
153.0
157.0
178.0
166.0
158.0
177.0
175.0
144.0
179.0
198.0
177.0
146.0
202.0
222.0
185.0
162.0
179.0
202.0
188.0
161.0
160.0
189.0
168.0
177.0
151.0
153.0
149.0
167.0
167.0
165.0
150.0
236.0
163.0
153.0
157.0
180.0
182.0
147.0
138.0
167.0
161.0
169.0
163.0
200.0
153.0
150.0
149.0
163.0
193.0
140.0
167.0
158.0
131.0
173.0
166.0
283.0
178.0
148.0
174.0
141.0
151.0
151.0
158.0
159.0
172.0
144.0
195.0
163.0
137.0
201.0
171.0
288.0
178.0
218.0
147.0
174.0
166.0
263.0
190.0
149.0
156.0
170.0
174.0
158.0
183.0
175.0
213.0
173.0
183.0
169.0
144.0
158.0
165.0
215.0
181.0
144.0
206.0
165.0
157.0
209.0
157.0
184.0
169.0
161.0
154.0
169.0
212.0
194.0
155.0
234.0
156.0
172.0
174.0
172.0
164.0
176.0
190.0
181.0
138.0
175.0
166.0
173.0
194.0
145.0
150.0
161.0
195.0
171.0
144.0
195.0
158.0
144.0
173.0
157.0
149.0
148.0
148.0
177.0
167.0
195.0
169.0
260.0
157.0
207.0
159.0
141.0
181.0
152.0
192.0
160.0
199.0
173.0
152.0
171.0
176.0
251.0
185.0
154.0
165.0
154.0
