254.0
251.0
266.0
279.0
283.0
265.0
260.0
265.0
285.0
243.0
237.0
257.0
303.0
301.0
269.0
283.0
238.0
279.0
306.0
268.0
255.0
262.0
288.0
269.0
267.0
288.0
263.0
298.0
276.0
245.0
241.0
248.0
242.0
261.0
257.0
254.0
248.0
307.0
235.0
370.0
261.0
264.0
243.0
254.0
258.0
279.0
335.0
277.0
274.0
264.0
242.0
228.0
252.0
288.0
295.0
278.0
255.0
272.0
254.0
288.0
259.0
233.0
228.0
267.0
277.0
252.0
237.0
250.0
272.0
279.0
277.0
240.0
308.0
305.0
294.0
293.0
250.0
270.0
246.0
288.0
281.0
293.0
238.0
297.0
331.0
284.0
294.0
271.0
269.0
264.0
251.0
315.0
244.0
258.0
291.0
247.0
265.0
228.0
275.0
271.0
250.0
217.0
255.0
279.0
242.0
265.0
248.0
256.0
239.0
249.0
316.0
216.0
247.0
300.0
270.0
243.0
247.0
264.0
302.0
300.0
272.0
221.0
264.0
240.0
268.0
255.0
281.0
263.0
248.0
340.0
260.0
293.0
227.0
230.0
250.0
315.0
270.0
318.0
253.0
257.0
239.0
248.0
266.0
258.0
253.0
245.0
237.0
232.0
301.0
277.0
251.0
293.0
269.0
238.0
220.0
291.0
328.0
231.0
261.0
258.0
272.0
299.0
242.0
262.0
246.0
271.0
254.0
246.0
227.0
272.0
252.0
262.0
273.0
257.0
243.0
277.0
253.0
253.0
217.0
263.0
302.0
284.0
295.0
318.0
260.0
296.0
268.0
261.0
324.0
239.0
300.0
242.0
233.0
278.0
274.0
233.0
226.0
250.0
258.0
230.0
