234.0
280.0
266.0
226.0
265.0
299.0
338.0
244.0
220.0
286.0
273.0
282.0
276.0
263.0
243.0
242.0
267.0
331.0
260.0
220.0
229.0
266.0
230.0
288.0
210.0
244.0
242.0
237.0
212.0
268.0
244.0
228.0
284.0
255.0
275.0
269.0
228.0
242.0
264.0
258.0
264.0
295.0
257.0
233.0
222.0
227.0
237.0
258.0
280.0
251.0
262.0
254.0
247.0
231.0
270.0
227.0
233.0
248.0
262.0
266.0
236.0
273.0
273.0
261.0
227.0
263.0
260.0
247.0
314.0
301.0
243.0
241.0
254.0
263.0
269.0
235.0
257.0
278.0
251.0
271.0
225.0
250.0
242.0
267.0
249.0
276.0
243.0
279.0
253.0
290.0
262.0
280.0
257.0
295.0
265.0
283.0
222.0
268.0
243.0
251.0
273.0
285.0
247.0
256.0
296.0
258.0
279.0
239.0
279.0
230.0
227.0
238.0
277.0
274.0
249.0
264.0
262.0
247.0
276.0
246.0
256.0
280.0
208.0
221.0
253.0
249.0
224.0
241.0
261.0
236.0
255.0
329.0
241.0
267.0
252.0
293.0
243.0
280.0
244.0
208.0
294.0
277.0
295.0
227.0
245.0
216.0
258.0
253.0
261.0
257.0
255.0
263.0
258.0
281.0
227.0
221.0
261.0
254.0
272.0
259.0
257.0
238.0
237.0
231.0
307.0
257.0
283.0
283.0
233.0
304.0
245.0
231.0
253.0
211.0
228.0
240.0
230.0
245.0
247.0
221.0
266.0
241.0
247.0
253.0
254.0
254.0
296.0
208.0
280.0
263.0
271.0
238.0
229.0
295.0
282.0
261.0
227.0
243.0
251.0
250.0
