165.0
138.0
197.0
139.0
158.0
172.0
156.0
150.0
130.0
133.0
253.0
134.0
154.0
172.0
136.0
165.0
144.0
161.0
154.0
138.0
143.0
191.0
145.0
162.0
153.0
151.0
162.0
173.0
127.0
129.0
217.0
174.0
188.0
230.0
174.0
157.0
161.0
169.0
153.0
147.0
158.0
142.0
193.0
152.0
210.0
197.0
199.0
144.0
144.0
150.0
133.0
159.0
146.0
147.0
171.0
137.0
167.0
199.0
141.0
186.0
159.0
148.0
130.0
199.0
140.0
143.0
152.0
282.0
129.0
154.0
145.0
143.0
158.0
137.0
159.0
198.0
151.0
161.0
182.0
142.0
199.0
157.0
166.0
172.0
131.0
178.0
187.0
147.0
155.0
217.0
156.0
144.0
148.0
167.0
137.0
166.0
168.0
165.0
146.0
145.0
176.0
165.0
211.0
138.0
127.0
143.0
148.0
161.0
151.0
140.0
152.0
236.0
161.0
169.0
145.0
178.0
163.0
155.0
166.0
157.0
171.0
158.0
166.0
160.0
147.0
129.0
154.0
156.0
130.0
153.0
142.0
158.0
152.0
136.0
153.0
174.0
177.0
148.0
171.0
142.0
151.0
160.0
156.0
145.0
161.0
146.0
195.0
150.0
193.0
143.0
147.0
185.0
140.0
186.0
151.0
194.0
163.0
233.0
183.0
159.0
143.0
140.0
151.0
185.0
155.0
149.0
153.0
169.0
177.0
133.0
169.0
211.0
211.0
168.0
286.0
176.0
170.0
165.0
182.0
287.0
159.0
140.0
155.0
176.0
149.0
222.0
161.0
145.0
165.0
134.0
168.0
153.0
169.0
169.0
157.0
171.0
154.0
155.0
206.0
185.0
