190.0
149.0
194.0
156.0
171.0
155.0
256.0
254.0
173.0
147.0
174.0
130.0
167.0
190.0
206.0
158.0
164.0
166.0
158.0
174.0
169.0
158.0
208.0
205.0
194.0
232.0
176.0
254.0
173.0
180.0
124.0
165.0
155.0
162.0
206.0
169.0
157.0
170.0
208.0
152.0
162.0
190.0
152.0
183.0
244.0
154.0
154.0
168.0
193.0
172.0
160.0
147.0
165.0
176.0
165.0
160.0
161.0
164.0
174.0
160.0
159.0
134.0
161.0
170.0
169.0
139.0
142.0
130.0
143.0
145.0
181.0
154.0
207.0
162.0
200.0
199.0
159.0
244.0
160.0
166.0
177.0
193.0
181.0
174.0
175.0
182.0
152.0
168.0
242.0
138.0
182.0
169.0
149.0
186.0
213.0
167.0
222.0
145.0
165.0
201.0
176.0
150.0
180.0
179.0
172.0
160.0
138.0
156.0
160.0
163.0
161.0
140.0
157.0
163.0
266.0
170.0
206.0
167.0
179.0
166.0
162.0
167.0
163.0
201.0
196.0
175.0
253.0
154.0
147.0
150.0
143.0
184.0
195.0
183.0
186.0
198.0
188.0
184.0
173.0
178.0
173.0
158.0
191.0
167.0
229.0
140.0
172.0
217.0
169.0
151.0
212.0
182.0
216.0
161.0
190.0
171.0
190.0
155.0
189.0
187.0
203.0
216.0
224.0
142.0
190.0
264.0
156.0
164.0
156.0
182.0
204.0
210.0
162.0
218.0
170.0
169.0
189.0
200.0
164.0
217.0
226.0
162.0
153.0
202.0
259.0
173.0
167.0
165.0
186.0
181.0
186.0
162.0
166.0
153.0
215.0
150.0
194.0
145.0
240.0
183.0
