271.0
223.0
220.0
283.0
235.0
236.0
293.0
298.0
283.0
249.0
259.0
279.0
261.0
259.0
254.0
265.0
255.0
251.0
308.0
280.0
268.0
246.0
276.0
236.0
253.0
272.0
249.0
309.0
231.0
247.0
230.0
223.0
228.0
248.0
241.0
239.0
257.0
261.0
279.0
239.0
232.0
272.0
287.0
256.0
249.0
271.0
241.0
266.0
256.0
235.0
239.0
258.0
307.0
209.0
237.0
224.0
248.0
229.0
253.0
259.0
251.0
226.0
261.0
345.0
227.0
264.0
265.0
263.0
339.0
263.0
233.0
262.0
269.0
243.0
284.0
240.0
227.0
260.0
277.0
269.0
253.0
267.0
234.0
272.0
233.0
251.0
217.0
216.0
257.0
227.0
282.0
277.0
245.0
276.0
257.0
218.0
207.0
248.0
235.0
257.0
320.0
232.0
247.0
289.0
210.0
290.0
219.0
231.0
252.0
292.0
238.0
230.0
213.0
241.0
247.0
251.0
291.0
238.0
260.0
235.0
272.0
276.0
268.0
375.0
234.0
237.0
248.0
229.0
262.0
253.0
212.0
257.0
272.0
284.0
285.0
269.0
257.0
248.0
264.0
262.0
231.0
236.0
269.0
241.0
240.0
263.0
294.0
276.0
244.0
256.0
253.0
283.0
285.0
211.0
250.0
244.0
266.0
248.0
249.0
260.0
244.0
256.0
239.0
251.0
227.0
249.0
228.0
265.0
232.0
213.0
236.0
234.0
275.0
260.0
236.0
254.0
281.0
241.0
297.0
254.0
254.0
273.0
238.0
246.0
278.0
231.0
242.0
249.0
255.0
242.0
273.0
225.0
246.0
241.0
289.0
260.0
248.0
272.0
268.0
238.0
