313.0
298.0
305.0
308.0
314.0
275.0
256.0
255.0
278.0
269.0
299.0
272.0
285.0
239.0
267.0
260.0
265.0
296.0
257.0
329.0
251.0
251.0
312.0
270.0
303.0
296.0
303.0
326.0
300.0
292.0
281.0
284.0
277.0
219.0
285.0
269.0
261.0
269.0
258.0
256.0
251.0
305.0
228.0
248.0
261.0
289.0
229.0
263.0
247.0
259.0
275.0
241.0
251.0
269.0
261.0
283.0
295.0
268.0
233.0
232.0
329.0
286.0
239.0
298.0
262.0
280.0
258.0
258.0
243.0
306.0
254.0
242.0
251.0
262.0
253.0
282.0
333.0
239.0
292.0
266.0
264.0
254.0
236.0
269.0
273.0
260.0
310.0
275.0
297.0
300.0
307.0
242.0
266.0
330.0
278.0
298.0
309.0
245.0
241.0
278.0
283.0
264.0
271.0
232.0
247.0
252.0
263.0
280.0
284.0
277.0
284.0
260.0
267.0
250.0
369.0
265.0
254.0
315.0
296.0
287.0
253.0
246.0
266.0
280.0
316.0
266.0
258.0
219.0
353.0
263.0
341.0
284.0
245.0
302.0
276.0
235.0
286.0
253.0
318.0
250.0
254.0
214.0
236.0
248.0
316.0
271.0
254.0
289.0
246.0
228.0
275.0
290.0
297.0
270.0
292.0
255.0
329.0
377.0
252.0
282.0
256.0
252.0
250.0
236.0
271.0
249.0
325.0
281.0
292.0
284.0
274.0
293.0
268.0
276.0
299.0
262.0
280.0
259.0
238.0
249.0
277.0
282.0
266.0
260.0
258.0
268.0
265.0
308.0
353.0
267.0
286.0
233.0
266.0
296.0
251.0
308.0
352.0
267.0
231.0
297.0
