254.0
251.0
255.0
283.0
296.0
323.0
309.0
425.0
403.0
367.0
326.0
264.0
222.0
168.0
207.0
175.0
163.0
167.0
212.0
199.0
181.0
240.0
242.0
220.0
241.0
170.0
184.0
175.0
169.0
267.0
211.0
274.0
360.0
349.0
357.0
354.0
277.0
258.0
265.0
280.0
240.0
185.0
203.0
238.0
305.0
285.0
238.0
165.0
191.0
167.0
181.0
212.0
215.0
174.0
250.0
153.0
200.0
177.0
202.0
196.0
167.0
227.0
227.0
208.0
159.0
181.0
179.0
162.0
225.0
281.0
281.0
245.0
236.0
201.0
214.0
257.0
261.0
239.0
204.0
210.0
266.0
256.0
160.0
250.0
264.0
228.0
211.0
271.0
245.0
286.0
196.0
216.0
179.0
179.0
176.0
225.0
185.0
266.0
300.0
335.0
315.0
319.0
231.0
203.0
264.0
183.0
183.0
169.0
177.0
218.0
180.0
148.0
206.0
149.0
171.0
206.0
185.0
173.0
177.0
175.0
195.0
195.0
180.0
258.0
186.0
172.0
248.0
244.0
186.0
234.0
186.0
235.0
232.0
331.0
207.0
165.0
173.0
180.0
195.0
300.0
340.0
249.0
283.0
293.0
260.0
296.0
299.0
245.0
302.0
276.0
229.0
183.0
172.0
181.0
198.0
189.0
186.0
182.0
189.0
192.0
180.0
192.0
188.0
213.0
155.0
203.0
187.0
197.0
169.0
172.0
281.0
210.0
185.0
246.0
210.0
192.0
198.0
284.0
328.0
330.0
292.0
204.0
191.0
166.0
189.0
169.0
215.0
170.0
176.0
225.0
214.0
220.0
256.0
256.0
234.0
270.0
262.0
360.0
298.0
226.0
