290.0
262.0
287.0
259.0
310.0
265.0
271.0
234.0
280.0
269.0
198.0
231.0
257.0
271.0
252.0
250.0
301.0
276.0
214.0
239.0
293.0
257.0
251.0
264.0
239.0
274.0
245.0
235.0
248.0
243.0
225.0
253.0
295.0
319.0
237.0
253.0
335.0
271.0
243.0
239.0
282.0
239.0
250.0
237.0
231.0
274.0
273.0
379.0
244.0
267.0
292.0
266.0
234.0
295.0
239.0
272.0
320.0
291.0
255.0
299.0
280.0
231.0
341.0
232.0
358.0
247.0
239.0
290.0
239.0
232.0
303.0
242.0
238.0
234.0
290.0
236.0
306.0
245.0
234.0
351.0
242.0
253.0
273.0
266.0
261.0
241.0
220.0
236.0
251.0
256.0
255.0
239.0
279.0
229.0
240.0
376.0
252.0
277.0
242.0
264.0
237.0
238.0
268.0
272.0
318.0
297.0
280.0
266.0
234.0
243.0
215.0
298.0
269.0
231.0
294.0
241.0
239.0
231.0
256.0
215.0
254.0
277.0
273.0
262.0
273.0
232.0
237.0
237.0
254.0
245.0
266.0
236.0
233.0
262.0
241.0
279.0
251.0
240.0
249.0
216.0
274.0
251.0
287.0
233.0
256.0
287.0
258.0
247.0
291.0
246.0
254.0
317.0
260.0
270.0
273.0
250.0
234.0
237.0
287.0
265.0
222.0
260.0
242.0
322.0
288.0
202.0
229.0
262.0
271.0
238.0
315.0
304.0
288.0
293.0
272.0
254.0
289.0
254.0
244.0
239.0
262.0
252.0
256.0
257.0
236.0
262.0
268.0
224.0
264.0
282.0
289.0
235.0
253.0
243.0
306.0
241.0
245.0
305.0
272.0
258.0
