170.0
344.0
160.0
144.0
187.0
145.0
159.0
161.0
200.0
140.0
298.0
211.0
148.0
223.0
157.0
137.0
194.0
161.0
157.0
187.0
215.0
155.0
168.0
162.0
175.0
193.0
155.0
175.0
234.0
164.0
201.0
177.0
180.0
291.0
189.0
178.0
164.0
200.0
171.0
168.0
175.0
152.0
157.0
185.0
212.0
170.0
140.0
151.0
188.0
284.0
173.0
202.0
153.0
161.0
178.0
150.0
168.0
177.0
207.0
173.0
199.0
229.0
160.0
143.0
164.0
154.0
172.0
158.0
154.0
157.0
160.0
158.0
127.0
156.0
168.0
175.0
150.0
141.0
165.0
153.0
145.0
172.0
171.0
189.0
162.0
179.0
168.0
160.0
167.0
141.0
170.0
140.0
149.0
152.0
178.0
149.0
283.0
190.0
165.0
151.0
162.0
162.0
155.0
166.0
175.0
262.0
159.0
201.0
141.0
185.0
147.0
175.0
181.0
169.0
154.0
180.0
178.0
148.0
165.0
159.0
159.0
161.0
150.0
199.0
181.0
135.0
180.0
196.0
137.0
208.0
176.0
174.0
163.0
179.0
154.0
144.0
137.0
174.0
173.0
154.0
164.0
143.0
171.0
154.0
154.0
170.0
282.0
182.0
140.0
158.0
180.0
138.0
151.0
158.0
204.0
229.0
191.0
158.0
148.0
158.0
158.0
145.0
170.0
145.0
155.0
192.0
146.0
285.0
203.0
140.0
176.0
157.0
146.0
181.0
210.0
161.0
230.0
222.0
192.0
177.0
166.0
191.0
156.0
240.0
163.0
161.0
154.0
153.0
322.0
146.0
150.0
139.0
148.0
154.0
158.0
144.0
160.0
211.0
156.0
173.0
