166.0
133.0
133.0
180.0
194.0
160.0
156.0
215.0
162.0
167.0
149.0
157.0
139.0
152.0
161.0
149.0
132.0
177.0
154.0
139.0
144.0
152.0
142.0
152.0
156.0
215.0
243.0
181.0
151.0
159.0
160.0
141.0
155.0
149.0
144.0
152.0
155.0
145.0
191.0
159.0
171.0
166.0
134.0
195.0
155.0
166.0
173.0
147.0
178.0
159.0
175.0
170.0
214.0
213.0
157.0
168.0
160.0
160.0
152.0
172.0
200.0
154.0
165.0
142.0
153.0
183.0
153.0
174.0
195.0
172.0
174.0
160.0
180.0
143.0
232.0
184.0
180.0
143.0
181.0
175.0
168.0
185.0
174.0
145.0
204.0
151.0
153.0
156.0
137.0
154.0
165.0
201.0
168.0
174.0
150.0
183.0
178.0
255.0
164.0
166.0
145.0
178.0
144.0
159.0
140.0
133.0
196.0
160.0
133.0
158.0
139.0
190.0
138.0
144.0
143.0
159.0
131.0
179.0
178.0
144.0
155.0
185.0
160.0
149.0
138.0
161.0
205.0
164.0
169.0
216.0
149.0
171.0
158.0
136.0
146.0
160.0
148.0
144.0
162.0
144.0
172.0
160.0
151.0
149.0
179.0
149.0
180.0
179.0
162.0
159.0
150.0
163.0
168.0
144.0
190.0
180.0
151.0
159.0
166.0
207.0
150.0
192.0
143.0
163.0
148.0
191.0
181.0
148.0
148.0
178.0
164.0
170.0
144.0
146.0
140.0
148.0
203.0
160.0
173.0
159.0
141.0
158.0
167.0
164.0
156.0
150.0
146.0
143.0
133.0
160.0
182.0
249.0
153.0
146.0
186.0
196.0
147.0
162.0
151.0
145.0
