354.0
238.0
346.0
237.0
253.0
235.0
273.0
276.0
296.0
322.0
253.0
247.0
256.0
276.0
260.0
283.0
274.0
262.0
258.0
236.0
255.0
276.0
333.0
290.0
290.0
243.0
237.0
353.0
298.0
258.0
272.0
268.0
251.0
246.0
289.0
274.0
260.0
307.0
281.0
296.0
242.0
240.0
234.0
252.0
260.0
268.0
307.0
276.0
253.0
313.0
250.0
271.0
240.0
349.0
286.0
270.0
240.0
287.0
289.0
290.0
288.0
286.0
291.0
221.0
234.0
298.0
286.0
295.0
303.0
278.0
313.0
239.0
242.0
309.0
245.0
257.0
324.0
275.0
236.0
285.0
218.0
246.0
290.0
309.0
270.0
266.0
243.0
299.0
254.0
304.0
290.0
286.0
228.0
374.0
260.0
291.0
309.0
305.0
306.0
254.0
245.0
269.0
294.0
264.0
298.0
235.0
232.0
283.0
242.0
261.0
337.0
311.0
276.0
280.0
252.0
247.0
265.0
285.0
244.0
266.0
255.0
261.0
276.0
255.0
230.0
237.0
280.0
268.0
259.0
247.0
253.0
289.0
337.0
356.0
267.0
273.0
291.0
279.0
274.0
239.0
238.0
283.0
254.0
289.0
248.0
275.0
230.0
301.0
344.0
252.0
262.0
258.0
255.0
324.0
245.0
243.0
270.0
240.0
260.0
287.0
272.0
321.0
254.0
308.0
262.0
282.0
290.0
256.0
262.0
315.0
278.0
275.0
294.0
308.0
285.0
359.0
244.0
242.0
282.0
232.0
281.0
255.0
253.0
267.0
226.0
262.0
256.0
345.0
242.0
254.0
313.0
257.0
261.0
311.0
270.0
270.0
323.0
246.0
322.0
275.0
