172.0
174.0
168.0
157.0
165.0
339.0
153.0
157.0
135.0
138.0
169.0
180.0
214.0
192.0
144.0
141.0
271.0
144.0
207.0
171.0
222.0
175.0
182.0
142.0
186.0
190.0
205.0
170.0
242.0
158.0
153.0
159.0
158.0
139.0
155.0
174.0
163.0
182.0
147.0
132.0
130.0
143.0
165.0
235.0
168.0
217.0
144.0
139.0
154.0
149.0
162.0
151.0
165.0
156.0
137.0
175.0
166.0
177.0
173.0
144.0
152.0
178.0
165.0
152.0
141.0
162.0
161.0
150.0
179.0
193.0
197.0
178.0
164.0
150.0
153.0
182.0
151.0
148.0
157.0
163.0
183.0
141.0
179.0
261.0
144.0
269.0
169.0
147.0
166.0
174.0
158.0
150.0
134.0
161.0
167.0
159.0
176.0
174.0
175.0
162.0
237.0
139.0
157.0
145.0
147.0
146.0
149.0
160.0
218.0
151.0
157.0
173.0
208.0
167.0
222.0
221.0
158.0
155.0
157.0
134.0
164.0
138.0
153.0
153.0
146.0
182.0
135.0
177.0
169.0
166.0
199.0
172.0
213.0
163.0
159.0
133.0
185.0
169.0
153.0
155.0
151.0
163.0
181.0
144.0
201.0
139.0
170.0
172.0
160.0
133.0
178.0
196.0
167.0
148.0
143.0
183.0
164.0
145.0
139.0
151.0
167.0
143.0
156.0
188.0
148.0
189.0
177.0
157.0
143.0
165.0
167.0
166.0
246.0
225.0
215.0
151.0
166.0
154.0
146.0
168.0
184.0
148.0
171.0
162.0
141.0
151.0
168.0
155.0
175.0
154.0
301.0
131.0
162.0
158.0
179.0
160.0
175.0
152.0
163.0
181.0
