166.0
147.0
183.0
178.0
162.0
155.0
153.0
146.0
159.0
180.0
148.0
147.0
150.0
151.0
156.0
159.0
160.0
154.0
182.0
157.0
169.0
145.0
162.0
192.0
149.0
139.0
136.0
157.0
241.0
157.0
144.0
159.0
224.0
169.0
273.0
148.0
168.0
185.0
191.0
135.0
187.0
171.0
161.0
181.0
146.0
158.0
233.0
158.0
177.0
163.0
174.0
149.0
190.0
162.0
132.0
166.0
280.0
151.0
156.0
144.0
168.0
167.0
139.0
154.0
159.0
170.0
173.0
129.0
174.0
141.0
162.0
150.0
183.0
155.0
150.0
185.0
186.0
191.0
152.0
159.0
155.0
148.0
156.0
152.0
152.0
148.0
207.0
172.0
200.0
170.0
175.0
146.0
158.0
132.0
151.0
170.0
149.0
167.0
144.0
141.0
189.0
161.0
155.0
159.0
156.0
136.0
146.0
188.0
148.0
196.0
153.0
172.0
144.0
170.0
156.0
147.0
146.0
166.0
158.0
156.0
158.0
173.0
148.0
172.0
148.0
137.0
151.0
157.0
144.0
170.0
173.0
151.0
144.0
158.0
190.0
171.0
194.0
177.0
162.0
158.0
193.0
155.0
155.0
152.0
171.0
146.0
179.0
154.0
215.0
140.0
165.0
187.0
138.0
142.0
135.0
155.0
298.0
137.0
159.0
168.0
184.0
237.0
149.0
139.0
233.0
179.0
140.0
179.0
166.0
148.0
130.0
140.0
177.0
154.0
176.0
147.0
140.0
163.0
157.0
153.0
131.0
147.0
215.0
156.0
202.0
160.0
159.0
156.0
151.0
196.0
181.0
156.0
157.0
189.0
161.0
163.0
230.0
147.0
165.0
163.0
