159.0
134.0
197.0
188.0
162.0
182.0
160.0
152.0
155.0
139.0
163.0
158.0
161.0
164.0
174.0
139.0
157.0
258.0
140.0
194.0
178.0
165.0
131.0
228.0
179.0
180.0
185.0
161.0
179.0
160.0
148.0
129.0
186.0
193.0
180.0
176.0
148.0
203.0
160.0
150.0
294.0
171.0
148.0
138.0
195.0
154.0
166.0
159.0
128.0
159.0
273.0
149.0
158.0
163.0
167.0
168.0
161.0
174.0
169.0
174.0
216.0
177.0
236.0
156.0
140.0
161.0
143.0
179.0
194.0
137.0
182.0
150.0
145.0
139.0
168.0
189.0
168.0
159.0
140.0
161.0
162.0
139.0
183.0
151.0
149.0
169.0
163.0
147.0
140.0
169.0
172.0
144.0
179.0
139.0
169.0
175.0
163.0
159.0
161.0
166.0
152.0
175.0
205.0
157.0
164.0
163.0
138.0
143.0
149.0
172.0
174.0
155.0
151.0
162.0
218.0
255.0
184.0
158.0
174.0
154.0
148.0
198.0
159.0
148.0
201.0
158.0
196.0
179.0
239.0
165.0
189.0
143.0
163.0
155.0
189.0
172.0
150.0
178.0
247.0
151.0
182.0
155.0
146.0
185.0
199.0
183.0
157.0
138.0
155.0
208.0
183.0
170.0
160.0
168.0
145.0
200.0
153.0
163.0
139.0
175.0
181.0
167.0
136.0
162.0
190.0
167.0
187.0
182.0
190.0
162.0
195.0
146.0
164.0
155.0
175.0
171.0
206.0
181.0
148.0
162.0
157.0
157.0
189.0
163.0
162.0
163.0
210.0
202.0
171.0
161.0
168.0
155.0
165.0
169.0
167.0
168.0
130.0
193.0
189.0
203.0
