256.0
215.0
276.0
222.0
254.0
267.0
261.0
340.0
286.0
282.0
225.0
237.0
223.0
295.0
278.0
268.0
307.0
280.0
257.0
269.0
238.0
298.0
265.0
274.0
267.0
234.0
235.0
239.0
243.0
283.0
276.0
267.0
275.0
293.0
246.0
276.0
284.0
217.0
256.0
222.0
255.0
259.0
252.0
243.0
279.0
283.0
273.0
256.0
255.0
240.0
275.0
251.0
250.0
276.0
283.0
304.0
304.0
274.0
259.0
263.0
285.0
249.0
318.0
285.0
267.0
254.0
285.0
269.0
287.0
294.0
224.0
248.0
228.0
267.0
271.0
274.0
220.0
334.0
263.0
242.0
245.0
304.0
253.0
339.0
244.0
257.0
317.0
222.0
274.0
271.0
237.0
265.0
296.0
264.0
263.0
290.0
279.0
268.0
262.0
284.0
312.0
302.0
262.0
265.0
237.0
293.0
285.0
240.0
271.0
232.0
255.0
328.0
247.0
272.0
302.0
275.0
236.0
260.0
260.0
260.0
236.0
236.0
306.0
256.0
316.0
229.0
228.0
262.0
270.0
254.0
205.0
252.0
282.0
265.0
275.0
266.0
257.0
249.0
239.0
286.0
248.0
243.0
236.0
301.0
292.0
252.0
282.0
249.0
259.0
302.0
294.0
273.0
290.0
265.0
248.0
255.0
276.0
250.0
278.0
261.0
256.0
298.0
268.0
235.0
230.0
239.0
286.0
246.0
243.0
283.0
236.0
262.0
248.0
266.0
247.0
291.0
282.0
231.0
279.0
296.0
218.0
265.0
265.0
249.0
370.0
259.0
244.0
287.0
234.0
293.0
252.0
242.0
271.0
258.0
254.0
261.0
362.0
279.0
289.0
266.0
