162.0
137.0
147.0
158.0
137.0
176.0
136.0
123.0
127.0
129.0
144.0
136.0
158.0
158.0
161.0
135.0
154.0
173.0
172.0
173.0
149.0
133.0
146.0
150.0
129.0
144.0
147.0
147.0
229.0
139.0
149.0
166.0
133.0
147.0
135.0
162.0
147.0
131.0
148.0
148.0
147.0
133.0
149.0
129.0
165.0
189.0
161.0
127.0
183.0
168.0
148.0
125.0
154.0
144.0
177.0
186.0
146.0
132.0
137.0
143.0
150.0
149.0
154.0
145.0
172.0
206.0
150.0
162.0
186.0
147.0
140.0
153.0
147.0
154.0
131.0
156.0
121.0
139.0
130.0
340.0
141.0
166.0
147.0
174.0
131.0
127.0
143.0
138.0
178.0
155.0
143.0
155.0
147.0
144.0
139.0
156.0
147.0
156.0
154.0
138.0
131.0
146.0
135.0
181.0
122.0
155.0
150.0
146.0
133.0
140.0
145.0
165.0
146.0
162.0
134.0
154.0
149.0
155.0
180.0
129.0
179.0
145.0
145.0
131.0
150.0
145.0
142.0
162.0
147.0
163.0
148.0
163.0
166.0
129.0
158.0
137.0
138.0
166.0
189.0
145.0
160.0
157.0
152.0
174.0
148.0
168.0
132.0
146.0
153.0
144.0
139.0
135.0
148.0
142.0
155.0
153.0
177.0
162.0
153.0
141.0
131.0
149.0
122.0
136.0
169.0
161.0
158.0
148.0
141.0
187.0
142.0
245.0
165.0
134.0
155.0
132.0
143.0
147.0
165.0
154.0
169.0
141.0
140.0
165.0
167.0
135.0
135.0
203.0
168.0
156.0
150.0
147.0
163.0
171.0
163.0
143.0
157.0
149.0
122.0
139.0
