309.0
271.0
246.0
287.0
230.0
246.0
254.0
238.0
238.0
288.0
243.0
257.0
348.0
290.0
259.0
267.0
276.0
297.0
312.0
249.0
292.0
235.0
286.0
291.0
255.0
279.0
244.0
247.0
293.0
252.0
260.0
243.0
274.0
319.0
248.0
224.0
288.0
246.0
257.0
262.0
250.0
285.0
270.0
293.0
283.0
311.0
275.0
285.0
306.0
365.0
238.0
232.0
271.0
299.0
262.0
246.0
262.0
344.0
302.0
273.0
220.0
317.0
282.0
243.0
250.0
271.0
327.0
267.0
283.0
340.0
313.0
326.0
260.0
272.0
256.0
276.0
320.0
273.0
239.0
265.0
293.0
272.0
260.0
233.0
250.0
276.0
260.0
273.0
251.0
340.0
280.0
327.0
299.0
275.0
263.0
337.0
258.0
299.0
258.0
264.0
245.0
278.0
248.0
280.0
258.0
253.0
288.0
324.0
276.0
243.0
323.0
300.0
259.0
256.0
268.0
257.0
252.0
239.0
276.0
331.0
227.0
249.0
258.0
257.0
272.0
250.0
273.0
290.0
302.0
299.0
302.0
296.0
272.0
259.0
294.0
257.0
291.0
246.0
301.0
324.0
303.0
267.0
264.0
294.0
261.0
288.0
264.0
298.0
287.0
280.0
269.0
292.0
263.0
249.0
238.0
265.0
286.0
269.0
267.0
234.0
244.0
263.0
268.0
262.0
306.0
273.0
360.0
236.0
243.0
235.0
260.0
286.0
251.0
272.0
229.0
250.0
289.0
244.0
278.0
304.0
311.0
241.0
244.0
293.0
282.0
259.0
345.0
291.0
248.0
313.0
315.0
234.0
308.0
236.0
264.0
219.0
272.0
268.0
238.0
265.0
