267.0
236.0
252.0
256.0
254.0
252.0
229.0
285.0
239.0
233.0
277.0
251.0
255.0
267.0
254.0
227.0
255.0
238.0
228.0
287.0
241.0
271.0
284.0
241.0
241.0
270.0
248.0
255.0
259.0
247.0
264.0
257.0
242.0
236.0
282.0
228.0
268.0
248.0
262.0
306.0
265.0
206.0
294.0
240.0
248.0
228.0
260.0
239.0
268.0
284.0
262.0
295.0
285.0
291.0
221.0
270.0
234.0
251.0
271.0
215.0
231.0
275.0
259.0
257.0
240.0
232.0
297.0
319.0
276.0
254.0
244.0
243.0
247.0
274.0
263.0
258.0
324.0
261.0
270.0
260.0
248.0
236.0
244.0
221.0
210.0
267.0
373.0
280.0
263.0
253.0
273.0
233.0
256.0
220.0
229.0
305.0
295.0
286.0
265.0
268.0
251.0
245.0
256.0
286.0
227.0
227.0
252.0
282.0
249.0
258.0
235.0
281.0
264.0
236.0
308.0
271.0
228.0
266.0
241.0
273.0
244.0
255.0
226.0
240.0
311.0
250.0
254.0
236.0
242.0
289.0
274.0
228.0
226.0
264.0
226.0
240.0
289.0
262.0
233.0
247.0
256.0
281.0
248.0
279.0
317.0
257.0
219.0
255.0
237.0
236.0
260.0
221.0
219.0
271.0
227.0
266.0
334.0
251.0
293.0
248.0
245.0
253.0
265.0
265.0
270.0
255.0
308.0
239.0
230.0
261.0
261.0
301.0
259.0
225.0
254.0
277.0
254.0
250.0
222.0
256.0
236.0
230.0
233.0
246.0
219.0
268.0
234.0
267.0
250.0
252.0
241.0
232.0
249.0
256.0
230.0
250.0
250.0
341.0
260.0
249.0
