262.0
248.0
283.0
230.0
278.0
260.0
294.0
308.0
260.0
263.0
284.0
268.0
242.0
275.0
254.0
242.0
322.0
278.0
341.0
268.0
249.0
246.0
296.0
281.0
250.0
293.0
251.0
244.0
245.0
277.0
238.0
287.0
237.0
332.0
269.0
314.0
289.0
235.0
294.0
295.0
232.0
242.0
265.0
285.0
287.0
277.0
243.0
258.0
230.0
236.0
285.0
272.0
296.0
256.0
242.0
234.0
278.0
239.0
270.0
233.0
221.0
287.0
267.0
271.0
308.0
287.0
244.0
236.0
236.0
293.0
270.0
360.0
252.0
277.0
260.0
308.0
245.0
274.0
257.0
275.0
347.0
233.0
281.0
293.0
242.0
255.0
250.0
245.0
221.0
290.0
229.0
252.0
252.0
288.0
247.0
245.0
233.0
229.0
238.0
295.0
207.0
264.0
230.0
307.0
289.0
267.0
298.0
240.0
263.0
292.0
268.0
237.0
257.0
333.0
291.0
242.0
274.0
277.0
296.0
345.0
278.0
276.0
241.0
270.0
262.0
249.0
250.0
273.0
281.0
259.0
324.0
251.0
311.0
279.0
249.0
286.0
289.0
269.0
284.0
305.0
233.0
258.0
287.0
254.0
241.0
236.0
261.0
255.0
253.0
259.0
232.0
228.0
243.0
243.0
268.0
346.0
296.0
346.0
255.0
241.0
279.0
240.0
236.0
270.0
261.0
316.0
267.0
282.0
306.0
274.0
224.0
257.0
291.0
288.0
230.0
253.0
281.0
243.0
256.0
229.0
257.0
229.0
267.0
294.0
236.0
263.0
250.0
235.0
370.0
257.0
302.0
245.0
284.0
232.0
269.0
274.0
293.0
295.0
281.0
265.0
