159.0
170.0
168.0
156.0
141.0
148.0
160.0
150.0
154.0
152.0
159.0
156.0
141.0
149.0
178.0
224.0
163.0
227.0
142.0
121.0
152.0
134.0
161.0
173.0
164.0
183.0
137.0
152.0
164.0
145.0
156.0
149.0
164.0
170.0
183.0
156.0
152.0
168.0
178.0
159.0
139.0
151.0
185.0
137.0
140.0
141.0
135.0
145.0
184.0
223.0
249.0
167.0
184.0
146.0
138.0
132.0
126.0
178.0
119.0
186.0
158.0
149.0
173.0
158.0
145.0
146.0
158.0
165.0
176.0
137.0
182.0
152.0
178.0
176.0
133.0
146.0
166.0
154.0
149.0
156.0
159.0
159.0
142.0
148.0
139.0
177.0
177.0
142.0
136.0
151.0
139.0
156.0
163.0
135.0
196.0
140.0
140.0
179.0
149.0
148.0
158.0
143.0
133.0
169.0
172.0
138.0
148.0
151.0
170.0
143.0
151.0
151.0
156.0
148.0
147.0
158.0
154.0
150.0
167.0
163.0
158.0
144.0
133.0
155.0
150.0
143.0
143.0
154.0
160.0
151.0
147.0
178.0
142.0
170.0
165.0
154.0
164.0
152.0
140.0
132.0
207.0
287.0
165.0
171.0
167.0
143.0
147.0
140.0
158.0
151.0
127.0
189.0
150.0
215.0
148.0
147.0
150.0
243.0
149.0
202.0
141.0
171.0
153.0
156.0
139.0
190.0
187.0
141.0
168.0
149.0
141.0
164.0
141.0
160.0
120.0
158.0
145.0
151.0
161.0
177.0
146.0
174.0
147.0
124.0
177.0
153.0
134.0
144.0
121.0
148.0
149.0
163.0
160.0
156.0
162.0
159.0
155.0
145.0
186.0
140.0
