356.0
453.0
540.0
547.0
532.0
410.0
482.0
485.0
485.0
467.0
488.0
471.0
602.0
706.0
710.0
767.0
761.0
836.0
781.0
767.0
793.0
755.0
775.0
760.0
813.0
1007.0
717.0
803.0
901.0
908.0
880.0
783.0
816.0
751.0
867.0
742.0
730.0
828.0
891.0
839.0
808.0
921.0
767.0
793.0
773.0
674.0
678.0
795.0
789.0
640.0
721.0
929.0
836.0
748.0
836.0
725.0
890.0
851.0
752.0
861.0
799.0
858.0
893.0
723.0
930.0
841.0
770.0
850.0
819.0
782.0
900.0
872.0
787.0
878.0
638.0
729.0
743.0
699.0
1121.0
796.0
865.0
887.0
880.0
893.0
824.0
893.0
877.0
726.0
874.0
776.0
788.0
888.0
782.0
868.0
843.0
1025.0
883.0
744.0
799.0
847.0
732.0
750.0
726.0
784.0
902.0
764.0
764.0
805.0
744.0
812.0
785.0
697.0
814.0
777.0
777.0
862.0
812.0
837.0
728.0
835.0
689.0
816.0
811.0
766.0
746.0
870.0
774.0
738.0
887.0
877.0
852.0
754.0
868.0
678.0
887.0
926.0
815.0
822.0
889.0
1076.0
894.0
774.0
770.0
691.0
730.0
806.0
717.0
835.0
1062.0
865.0
868.0
740.0
708.0
829.0
683.0
732.0
793.0
682.0
828.0
864.0
830.0
721.0
792.0
826.0
801.0
737.0
820.0
891.0
719.0
791.0
775.0
865.0
917.0
800.0
788.0
869.0
837.0
807.0
890.0
799.0
785.0
793.0
786.0
799.0
777.0
723.0
912.0
938.0
788.0
848.0
786.0
791.0
740.0
844.0
695.0
737.0
858.0
817.0
754.0
787.0
