246.0
333.0
259.0
253.0
230.0
259.0
243.0
234.0
303.0
251.0
261.0
255.0
270.0
290.0
235.0
238.0
302.0
277.0
250.0
240.0
284.0
242.0
254.0
297.0
276.0
307.0
231.0
247.0
262.0
250.0
227.0
247.0
268.0
277.0
264.0
252.0
253.0
230.0
236.0
279.0
223.0
247.0
275.0
270.0
299.0
253.0
259.0
279.0
280.0
257.0
302.0
276.0
265.0
259.0
268.0
275.0
246.0
310.0
239.0
230.0
245.0
298.0
310.0
259.0
222.0
255.0
273.0
269.0
259.0
265.0
283.0
263.0
268.0
242.0
259.0
251.0
267.0
265.0
235.0
251.0
243.0
297.0
259.0
274.0
235.0
230.0
286.0
288.0
208.0
280.0
236.0
277.0
291.0
262.0
234.0
231.0
236.0
261.0
232.0
261.0
218.0
258.0
293.0
210.0
256.0
259.0
269.0
212.0
295.0
255.0
237.0
252.0
254.0
266.0
249.0
256.0
241.0
258.0
269.0
295.0
253.0
270.0
229.0
259.0
249.0
268.0
213.0
238.0
269.0
227.0
302.0
233.0
255.0
240.0
242.0
251.0
252.0
263.0
271.0
272.0
272.0
223.0
265.0
250.0
273.0
273.0
257.0
298.0
266.0
318.0
271.0
243.0
243.0
308.0
240.0
257.0
285.0
241.0
265.0
296.0
259.0
235.0
255.0
270.0
288.0
227.0
302.0
252.0
295.0
281.0
221.0
275.0
229.0
249.0
242.0
263.0
262.0
269.0
229.0
259.0
265.0
213.0
279.0
238.0
251.0
255.0
257.0
252.0
253.0
235.0
284.0
267.0
223.0
241.0
225.0
268.0
245.0
248.0
330.0
283.0
