163.0
142.0
226.0
140.0
188.0
150.0
152.0
149.0
177.0
161.0
180.0
159.0
158.0
161.0
131.0
142.0
179.0
165.0
255.0
162.0
164.0
146.0
127.0
157.0
215.0
143.0
144.0
173.0
206.0
147.0
141.0
157.0
143.0
159.0
122.0
140.0
177.0
176.0
146.0
131.0
156.0
149.0
134.0
143.0
136.0
140.0
155.0
153.0
159.0
179.0
150.0
151.0
158.0
127.0
169.0
169.0
191.0
141.0
156.0
136.0
177.0
168.0
177.0
166.0
177.0
148.0
121.0
135.0
156.0
164.0
150.0
202.0
154.0
193.0
135.0
187.0
150.0
181.0
140.0
158.0
167.0
162.0
168.0
133.0
137.0
137.0
153.0
155.0
140.0
140.0
142.0
145.0
156.0
191.0
174.0
181.0
143.0
151.0
161.0
158.0
138.0
153.0
187.0
138.0
146.0
137.0
148.0
130.0
186.0
165.0
153.0
173.0
177.0
160.0
152.0
145.0
135.0
179.0
154.0
172.0
136.0
145.0
132.0
153.0
142.0
150.0
167.0
159.0
143.0
171.0
128.0
135.0
170.0
139.0
166.0
155.0
170.0
141.0
169.0
145.0
184.0
156.0
147.0
142.0
157.0
165.0
158.0
153.0
143.0
160.0
144.0
136.0
144.0
134.0
135.0
156.0
118.0
137.0
130.0
143.0
148.0
151.0
143.0
178.0
154.0
170.0
132.0
178.0
154.0
290.0
167.0
169.0
160.0
149.0
134.0
151.0
157.0
167.0
151.0
150.0
139.0
158.0
151.0
182.0
131.0
156.0
149.0
182.0
139.0
137.0
136.0
177.0
144.0
152.0
145.0
168.0
184.0
149.0
171.0
142.0
