131.0
148.0
151.0
136.0
154.0
176.0
172.0
149.0
149.0
158.0
146.0
145.0
149.0
143.0
147.0
202.0
158.0
149.0
145.0
148.0
151.0
133.0
137.0
167.0
154.0
127.0
154.0
176.0
142.0
131.0
144.0
175.0
143.0
142.0
172.0
151.0
122.0
180.0
144.0
166.0
233.0
164.0
138.0
169.0
206.0
135.0
143.0
149.0
155.0
151.0
142.0
180.0
158.0
152.0
137.0
168.0
137.0
148.0
139.0
143.0
155.0
170.0
164.0
138.0
184.0
146.0
133.0
134.0
148.0
145.0
180.0
129.0
129.0
145.0
155.0
140.0
132.0
153.0
145.0
144.0
138.0
161.0
144.0
153.0
148.0
159.0
152.0
148.0
144.0
183.0
141.0
148.0
145.0
159.0
155.0
164.0
147.0
171.0
158.0
165.0
163.0
155.0
129.0
134.0
156.0
130.0
139.0
141.0
160.0
138.0
145.0
166.0
169.0
129.0
158.0
155.0
175.0
191.0
132.0
151.0
152.0
151.0
156.0
148.0
169.0
154.0
172.0
170.0
148.0
169.0
146.0
135.0
169.0
151.0
143.0
172.0
159.0
164.0
175.0
162.0
162.0
164.0
146.0
168.0
146.0
147.0
155.0
151.0
152.0
141.0
141.0
174.0
162.0
148.0
134.0
144.0
159.0
154.0
157.0
188.0
140.0
143.0
150.0
138.0
156.0
157.0
159.0
148.0
148.0
160.0
141.0
156.0
142.0
142.0
162.0
153.0
131.0
128.0
151.0
136.0
135.0
158.0
144.0
134.0
156.0
164.0
181.0
147.0
163.0
164.0
148.0
134.0
145.0
157.0
157.0
150.0
137.0
153.0
142.0
163.0
