151.0
153.0
184.0
217.0
324.0
289.0
238.0
222.0
266.0
216.0
194.0
168.0
177.0
176.0
211.0
238.0
202.0
165.0
220.0
208.0
268.0
201.0
187.0
236.0
161.0
204.0
166.0
172.0
184.0
184.0
165.0
192.0
154.0
175.0
161.0
155.0
188.0
177.0
193.0
203.0
225.0
236.0
168.0
166.0
172.0
210.0
204.0
201.0
273.0
199.0
213.0
157.0
210.0
193.0
213.0
202.0
235.0
159.0
235.0
263.0
249.0
191.0
213.0
223.0
208.0
174.0
200.0
191.0
254.0
235.0
190.0
360.0
324.0
288.0
249.0
269.0
271.0
180.0
230.0
313.0
215.0
206.0
179.0
215.0
163.0
181.0
256.0
234.0
201.0
196.0
367.0
307.0
207.0
201.0
224.0
212.0
192.0
272.0
205.0
195.0
236.0
237.0
233.0
221.0
207.0
199.0
268.0
178.0
263.0
178.0
257.0
242.0
208.0
192.0
161.0
173.0
190.0
260.0
315.0
254.0
346.0
230.0
212.0
191.0
155.0
249.0
252.0
208.0
153.0
171.0
170.0
187.0
162.0
211.0
177.0
176.0
148.0
220.0
213.0
181.0
295.0
289.0
271.0
140.0
173.0
229.0
215.0
175.0
180.0
241.0
296.0
347.0
331.0
330.0
308.0
235.0
225.0
260.0
272.0
210.0
174.0
180.0
166.0
166.0
165.0
193.0
180.0
211.0
190.0
178.0
212.0
203.0
180.0
201.0
149.0
171.0
158.0
193.0
190.0
223.0
193.0
154.0
154.0
206.0
185.0
275.0
203.0
168.0
205.0
196.0
209.0
144.0
203.0
298.0
311.0
247.0
177.0
298.0
263.0
187.0
