189.0
208.0
167.0
224.0
226.0
194.0
178.0
197.0
240.0
190.0
156.0
158.0
164.0
184.0
245.0
221.0
267.0
213.0
174.0
163.0
143.0
216.0
169.0
284.0
179.0
155.0
167.0
171.0
169.0
202.0
197.0
194.0
146.0
181.0
178.0
215.0
220.0
211.0
153.0
166.0
217.0
177.0
158.0
146.0
188.0
177.0
198.0
145.0
164.0
148.0
182.0
189.0
157.0
169.0
197.0
171.0
252.0
207.0
285.0
151.0
180.0
151.0
146.0
200.0
190.0
180.0
254.0
209.0
149.0
255.0
145.0
185.0
180.0
174.0
182.0
164.0
213.0
207.0
176.0
142.0
232.0
166.0
179.0
203.0
195.0
183.0
184.0
186.0
168.0
206.0
168.0
205.0
237.0
239.0
218.0
175.0
177.0
184.0
164.0
197.0
154.0
197.0
171.0
214.0
242.0
202.0
160.0
210.0
165.0
143.0
208.0
295.0
211.0
191.0
183.0
243.0
215.0
173.0
208.0
194.0
241.0
219.0
157.0
159.0
255.0
219.0
190.0
148.0
138.0
183.0
159.0
202.0
164.0
226.0
294.0
220.0
228.0
202.0
157.0
175.0
183.0
206.0
152.0
178.0
241.0
183.0
155.0
198.0
144.0
185.0
175.0
164.0
202.0
303.0
228.0
171.0
160.0
184.0
246.0
189.0
207.0
175.0
164.0
141.0
164.0
225.0
163.0
174.0
162.0
164.0
174.0
168.0
157.0
168.0
205.0
209.0
167.0
190.0
148.0
168.0
171.0
170.0
150.0
293.0
286.0
423.0
329.0
221.0
175.0
176.0
150.0
218.0
167.0
246.0
157.0
185.0
179.0
304.0
151.0
166.0
