170.0
186.0
229.0
158.0
287.0
217.0
169.0
186.0
162.0
203.0
194.0
176.0
186.0
168.0
170.0
180.0
173.0
201.0
227.0
154.0
161.0
172.0
174.0
139.0
153.0
208.0
165.0
178.0
167.0
154.0
287.0
178.0
163.0
165.0
151.0
157.0
174.0
184.0
171.0
236.0
163.0
163.0
214.0
198.0
145.0
156.0
171.0
161.0
176.0
175.0
171.0
143.0
159.0
199.0
187.0
234.0
153.0
199.0
177.0
163.0
183.0
160.0
208.0
164.0
201.0
176.0
161.0
176.0
142.0
166.0
156.0
171.0
173.0
155.0
162.0
190.0
185.0
266.0
172.0
196.0
176.0
146.0
246.0
202.0
154.0
164.0
192.0
152.0
162.0
155.0
157.0
200.0
167.0
154.0
128.0
192.0
192.0
158.0
177.0
240.0
158.0
163.0
214.0
170.0
183.0
162.0
170.0
184.0
155.0
151.0
176.0
217.0
161.0
154.0
184.0
175.0
156.0
181.0
288.0
163.0
147.0
148.0
144.0
188.0
146.0
198.0
204.0
211.0
169.0
202.0
168.0
169.0
139.0
160.0
176.0
197.0
176.0
183.0
184.0
193.0
207.0
234.0
186.0
167.0
366.0
181.0
168.0
214.0
194.0
149.0
211.0
176.0
170.0
193.0
165.0
191.0
169.0
162.0
175.0
221.0
202.0
203.0
204.0
216.0
185.0
144.0
208.0
167.0
207.0
163.0
183.0
153.0
152.0
152.0
165.0
150.0
152.0
200.0
232.0
269.0
177.0
144.0
166.0
174.0
140.0
169.0
165.0
157.0
158.0
161.0
199.0
159.0
188.0
156.0
194.0
154.0
173.0
209.0
238.0
207.0
