316.0
328.0
260.0
269.0
294.0
386.0
339.0
301.0
334.0
264.0
269.0
241.0
292.0
328.0
234.0
212.0
194.0
169.0
160.0
187.0
214.0
214.0
163.0
231.0
192.0
172.0
212.0
272.0
255.0
204.0
178.0
187.0
230.0
204.0
331.0
297.0
277.0
284.0
308.0
297.0
227.0
270.0
356.0
292.0
346.0
351.0
275.0
319.0
331.0
346.0
312.0
241.0
298.0
281.0
228.0
242.0
234.0
226.0
282.0
251.0
228.0
290.0
363.0
352.0
318.0
256.0
193.0
210.0
213.0
286.0
299.0
239.0
251.0
254.0
211.0
227.0
170.0
288.0
321.0
297.0
268.0
267.0
268.0
281.0
257.0
303.0
266.0
276.0
205.0
210.0
198.0
278.0
218.0
267.0
337.0
305.0
245.0
246.0
251.0
210.0
417.0
384.0
348.0
355.0
357.0
454.0
512.0
432.0
386.0
380.0
357.0
265.0
292.0
295.0
297.0
294.0
219.0
194.0
265.0
320.0
293.0
314.0
282.0
195.0
164.0
177.0
221.0
191.0
217.0
199.0
196.0
192.0
236.0
279.0
293.0
334.0
282.0
294.0
293.0
258.0
265.0
359.0
307.0
320.0
302.0
289.0
223.0
208.0
203.0
170.0
212.0
279.0
326.0
324.0
330.0
323.0
358.0
382.0
323.0
312.0
230.0
253.0
219.0
288.0
276.0
281.0
308.0
280.0
281.0
403.0
471.0
460.0
439.0
548.0
551.0
502.0
424.0
464.0
459.0
422.0
347.0
440.0
474.0
570.0
697.0
811.0
742.0
642.0
688.0
555.0
486.0
499.0
428.0
443.0
405.0
385.0
387.0
362.0
254.0
295.0
