222.0
247.0
315.0
233.0
246.0
241.0
252.0
228.0
230.0
265.0
220.0
230.0
226.0
252.0
250.0
286.0
228.0
261.0
285.0
240.0
255.0
254.0
252.0
253.0
326.0
251.0
232.0
254.0
329.0
228.0
226.0
218.0
252.0
256.0
233.0
204.0
286.0
263.0
267.0
277.0
333.0
247.0
342.0
243.0
256.0
261.0
243.0
278.0
243.0
222.0
226.0
262.0
257.0
245.0
280.0
248.0
259.0
255.0
259.0
241.0
260.0
246.0
251.0
248.0
249.0
239.0
254.0
294.0
257.0
304.0
240.0
247.0
255.0
270.0
237.0
243.0
236.0
290.0
273.0
276.0
281.0
222.0
238.0
244.0
253.0
240.0
253.0
227.0
265.0
261.0
257.0
227.0
269.0
220.0
248.0
274.0
239.0
215.0
242.0
294.0
234.0
237.0
285.0
268.0
253.0
248.0
265.0
284.0
290.0
229.0
265.0
239.0
253.0
280.0
313.0
277.0
286.0
301.0
245.0
252.0
263.0
304.0
292.0
294.0
245.0
242.0
240.0
229.0
263.0
226.0
258.0
265.0
248.0
246.0
273.0
295.0
244.0
265.0
241.0
298.0
262.0
294.0
277.0
292.0
221.0
251.0
277.0
241.0
249.0
210.0
266.0
265.0
234.0
308.0
260.0
286.0
240.0
278.0
318.0
249.0
328.0
248.0
233.0
261.0
267.0
237.0
342.0
267.0
250.0
277.0
220.0
252.0
290.0
216.0
228.0
266.0
252.0
293.0
279.0
257.0
242.0
232.0
249.0
247.0
259.0
293.0
270.0
275.0
282.0
322.0
226.0
268.0
236.0
297.0
253.0
252.0
255.0
262.0
270.0
280.0
