258.0
241.0
250.0
272.0
243.0
270.0
297.0
250.0
251.0
281.0
308.0
250.0
275.0
269.0
267.0
278.0
268.0
282.0
262.0
278.0
264.0
250.0
242.0
248.0
271.0
251.0
300.0
293.0
226.0
243.0
266.0
231.0
318.0
247.0
252.0
269.0
237.0
228.0
267.0
263.0
270.0
262.0
258.0
269.0
262.0
266.0
218.0
254.0
259.0
271.0
322.0
302.0
274.0
268.0
265.0
281.0
273.0
290.0
301.0
240.0
310.0
244.0
310.0
312.0
298.0
267.0
263.0
259.0
285.0
281.0
242.0
294.0
245.0
289.0
291.0
259.0
274.0
239.0
277.0
238.0
259.0
265.0
236.0
257.0
254.0
230.0
238.0
292.0
244.0
234.0
249.0
290.0
245.0
227.0
274.0
297.0
306.0
272.0
279.0
265.0
264.0
282.0
285.0
260.0
269.0
290.0
280.0
284.0
245.0
304.0
254.0
291.0
330.0
245.0
256.0
222.0
261.0
244.0
297.0
251.0
243.0
249.0
282.0
260.0
297.0
297.0
249.0
293.0
235.0
241.0
268.0
273.0
265.0
331.0
247.0
239.0
228.0
302.0
269.0
236.0
267.0
264.0
258.0
278.0
295.0
301.0
297.0
272.0
254.0
268.0
240.0
234.0
249.0
253.0
246.0
310.0
262.0
237.0
258.0
275.0
250.0
299.0
256.0
297.0
251.0
265.0
243.0
259.0
253.0
296.0
337.0
249.0
254.0
327.0
260.0
245.0
229.0
250.0
261.0
273.0
210.0
251.0
297.0
279.0
286.0
289.0
254.0
350.0
245.0
281.0
293.0
294.0
270.0
249.0
283.0
264.0
227.0
277.0
262.0
295.0
