270.0
253.0
237.0
249.0
246.0
289.0
272.0
296.0
250.0
258.0
277.0
273.0
251.0
254.0
263.0
287.0
294.0
279.0
228.0
275.0
219.0
221.0
253.0
257.0
251.0
263.0
218.0
234.0
284.0
249.0
268.0
236.0
247.0
247.0
236.0
256.0
284.0
289.0
301.0
300.0
253.0
236.0
256.0
257.0
285.0
225.0
260.0
238.0
252.0
288.0
284.0
246.0
249.0
250.0
273.0
268.0
247.0
260.0
235.0
256.0
252.0
262.0
226.0
261.0
254.0
250.0
285.0
305.0
277.0
244.0
255.0
282.0
231.0
234.0
267.0
264.0
240.0
253.0
243.0
267.0
293.0
232.0
256.0
235.0
277.0
220.0
254.0
258.0
238.0
270.0
252.0
242.0
224.0
248.0
312.0
230.0
249.0
240.0
246.0
212.0
252.0
230.0
253.0
268.0
231.0
222.0
228.0
350.0
287.0
257.0
265.0
248.0
265.0
255.0
238.0
277.0
241.0
228.0
218.0
241.0
281.0
224.0
239.0
257.0
246.0
280.0
254.0
250.0
258.0
273.0
236.0
282.0
286.0
226.0
269.0
278.0
247.0
233.0
250.0
238.0
279.0
240.0
288.0
263.0
262.0
283.0
242.0
256.0
304.0
249.0
293.0
308.0
270.0
293.0
249.0
232.0
239.0
256.0
265.0
259.0
246.0
255.0
233.0
306.0
237.0
264.0
241.0
242.0
280.0
258.0
225.0
306.0
241.0
264.0
210.0
230.0
256.0
247.0
225.0
264.0
280.0
266.0
245.0
290.0
228.0
267.0
263.0
259.0
250.0
263.0
225.0
229.0
272.0
290.0
289.0
360.0
200.0
252.0
341.0
227.0
