308.0
304.0
343.0
275.0
319.0
259.0
250.0
286.0
210.0
236.0
189.0
149.0
175.0
200.0
212.0
163.0
240.0
314.0
193.0
232.0
242.0
249.0
174.0
151.0
198.0
230.0
191.0
174.0
221.0
209.0
173.0
220.0
176.0
248.0
299.0
268.0
192.0
189.0
175.0
240.0
213.0
222.0
225.0
306.0
301.0
293.0
265.0
235.0
257.0
264.0
223.0
239.0
234.0
282.0
343.0
307.0
226.0
300.0
321.0
291.0
299.0
255.0
219.0
212.0
280.0
271.0
216.0
248.0
222.0
212.0
250.0
296.0
189.0
161.0
172.0
325.0
266.0
163.0
213.0
192.0
310.0
299.0
306.0
232.0
238.0
194.0
183.0
197.0
224.0
252.0
162.0
188.0
215.0
156.0
274.0
215.0
209.0
205.0
187.0
178.0
171.0
162.0
300.0
226.0
249.0
208.0
168.0
262.0
216.0
181.0
306.0
291.0
217.0
179.0
196.0
262.0
292.0
307.0
265.0
210.0
265.0
208.0
303.0
317.0
255.0
193.0
248.0
289.0
301.0
269.0
280.0
278.0
231.0
233.0
210.0
273.0
234.0
335.0
275.0
327.0
265.0
287.0
220.0
185.0
159.0
189.0
199.0
208.0
181.0
164.0
188.0
183.0
172.0
230.0
212.0
246.0
218.0
188.0
192.0
155.0
206.0
157.0
161.0
157.0
238.0
187.0
230.0
165.0
235.0
187.0
210.0
190.0
200.0
169.0
337.0
350.0
326.0
292.0
235.0
179.0
184.0
190.0
171.0
173.0
219.0
195.0
196.0
202.0
240.0
313.0
275.0
232.0
186.0
240.0
198.0
367.0
446.0
333.0
334.0
327.0
