167.0
158.0
141.0
167.0
182.0
147.0
165.0
154.0
304.0
227.0
180.0
175.0
167.0
157.0
202.0
195.0
164.0
213.0
180.0
158.0
151.0
158.0
155.0
159.0
170.0
177.0
177.0
179.0
161.0
150.0
177.0
190.0
154.0
137.0
188.0
157.0
165.0
175.0
193.0
171.0
225.0
149.0
173.0
176.0
153.0
167.0
178.0
195.0
146.0
165.0
152.0
186.0
201.0
154.0
161.0
150.0
154.0
159.0
169.0
191.0
197.0
197.0
197.0
177.0
161.0
150.0
157.0
127.0
139.0
141.0
164.0
152.0
185.0
188.0
166.0
161.0
197.0
210.0
140.0
137.0
149.0
159.0
158.0
231.0
158.0
171.0
196.0
246.0
170.0
148.0
162.0
160.0
191.0
140.0
151.0
203.0
173.0
183.0
158.0
154.0
217.0
179.0
252.0
179.0
219.0
146.0
198.0
140.0
209.0
154.0
167.0
212.0
154.0
197.0
177.0
181.0
171.0
141.0
182.0
185.0
154.0
155.0
177.0
174.0
158.0
165.0
166.0
175.0
138.0
162.0
165.0
187.0
182.0
230.0
151.0
161.0
176.0
148.0
135.0
134.0
191.0
182.0
150.0
191.0
206.0
153.0
140.0
151.0
156.0
155.0
159.0
157.0
166.0
201.0
195.0
210.0
154.0
174.0
188.0
165.0
212.0
151.0
155.0
179.0
158.0
161.0
157.0
198.0
167.0
173.0
136.0
176.0
195.0
144.0
202.0
169.0
199.0
189.0
157.0
161.0
184.0
213.0
188.0
186.0
146.0
209.0
167.0
270.0
172.0
164.0
170.0
153.0
175.0
154.0
250.0
158.0
177.0
143.0
184.0
171.0
