239.0
256.0
326.0
249.0
239.0
222.0
222.0
248.0
230.0
321.0
276.0
287.0
247.0
233.0
261.0
296.0
255.0
263.0
237.0
268.0
253.0
273.0
286.0
247.0
317.0
246.0
216.0
311.0
233.0
295.0
260.0
251.0
241.0
261.0
241.0
280.0
270.0
270.0
301.0
258.0
363.0
295.0
271.0
272.0
297.0
241.0
257.0
234.0
332.0
259.0
222.0
267.0
230.0
248.0
292.0
307.0
236.0
305.0
237.0
273.0
297.0
277.0
244.0
229.0
245.0
268.0
292.0
244.0
328.0
231.0
251.0
282.0
236.0
255.0
275.0
249.0
277.0
293.0
265.0
256.0
255.0
324.0
228.0
261.0
294.0
252.0
375.0
240.0
267.0
275.0
279.0
246.0
269.0
325.0
268.0
268.0
288.0
276.0
280.0
279.0
205.0
234.0
250.0
244.0
268.0
283.0
232.0
252.0
229.0
265.0
244.0
298.0
254.0
224.0
232.0
255.0
262.0
258.0
247.0
250.0
277.0
230.0
245.0
263.0
255.0
266.0
244.0
294.0
276.0
266.0
246.0
260.0
270.0
243.0
262.0
238.0
232.0
278.0
258.0
265.0
270.0
291.0
270.0
245.0
252.0
262.0
223.0
265.0
256.0
272.0
235.0
309.0
265.0
241.0
274.0
253.0
265.0
294.0
303.0
278.0
322.0
254.0
269.0
261.0
248.0
270.0
253.0
302.0
250.0
236.0
283.0
276.0
254.0
246.0
228.0
286.0
245.0
269.0
275.0
276.0
254.0
237.0
256.0
228.0
267.0
238.0
283.0
250.0
326.0
245.0
306.0
266.0
279.0
286.0
234.0
260.0
268.0
275.0
251.0
289.0
