170.0
176.0
208.0
162.0
273.0
215.0
231.0
141.0
270.0
240.0
233.0
151.0
151.0
149.0
188.0
193.0
162.0
163.0
189.0
321.0
216.0
181.0
155.0
261.0
316.0
193.0
154.0
224.0
178.0
175.0
199.0
185.0
243.0
158.0
161.0
170.0
210.0
182.0
170.0
280.0
185.0
147.0
141.0
154.0
154.0
159.0
177.0
139.0
159.0
154.0
172.0
159.0
224.0
198.0
184.0
149.0
191.0
156.0
140.0
194.0
201.0
221.0
171.0
130.0
160.0
168.0
148.0
154.0
192.0
213.0
208.0
216.0
146.0
269.0
153.0
151.0
181.0
191.0
175.0
172.0
180.0
186.0
152.0
164.0
281.0
189.0
203.0
152.0
158.0
138.0
158.0
152.0
170.0
199.0
174.0
163.0
162.0
161.0
171.0
241.0
174.0
173.0
180.0
149.0
166.0
162.0
138.0
183.0
173.0
210.0
172.0
168.0
171.0
201.0
155.0
162.0
144.0
163.0
178.0
172.0
214.0
189.0
161.0
168.0
192.0
191.0
189.0
157.0
223.0
160.0
174.0
212.0
203.0
159.0
251.0
175.0
180.0
161.0
351.0
268.0
148.0
141.0
157.0
207.0
178.0
174.0
225.0
164.0
216.0
168.0
145.0
156.0
172.0
188.0
159.0
175.0
166.0
185.0
145.0
200.0
159.0
174.0
210.0
238.0
144.0
151.0
174.0
171.0
153.0
191.0
187.0
266.0
165.0
184.0
191.0
235.0
174.0
202.0
161.0
168.0
197.0
154.0
160.0
198.0
194.0
160.0
135.0
175.0
164.0
193.0
177.0
166.0
176.0
171.0
174.0
277.0
160.0
158.0
175.0
164.0
