139.0
137.0
151.0
213.0
141.0
146.0
147.0
152.0
157.0
160.0
165.0
181.0
149.0
134.0
158.0
138.0
151.0
135.0
143.0
132.0
163.0
198.0
150.0
172.0
212.0
148.0
138.0
151.0
126.0
191.0
126.0
147.0
185.0
152.0
146.0
133.0
134.0
157.0
141.0
141.0
150.0
157.0
146.0
139.0
127.0
143.0
137.0
146.0
161.0
140.0
151.0
153.0
122.0
208.0
157.0
147.0
167.0
160.0
156.0
148.0
193.0
137.0
157.0
162.0
158.0
159.0
134.0
123.0
131.0
138.0
184.0
180.0
153.0
163.0
148.0
122.0
158.0
135.0
155.0
148.0
137.0
166.0
145.0
140.0
163.0
131.0
151.0
129.0
140.0
172.0
199.0
151.0
149.0
125.0
154.0
162.0
182.0
159.0
139.0
147.0
164.0
161.0
130.0
135.0
166.0
143.0
141.0
134.0
148.0
162.0
143.0
146.0
138.0
160.0
169.0
168.0
168.0
142.0
141.0
133.0
194.0
147.0
154.0
126.0
130.0
141.0
151.0
168.0
143.0
151.0
148.0
154.0
149.0
179.0
146.0
150.0
156.0
170.0
152.0
130.0
153.0
138.0
150.0
138.0
159.0
138.0
169.0
159.0
155.0
153.0
146.0
200.0
144.0
160.0
175.0
131.0
150.0
159.0
159.0
177.0
157.0
164.0
144.0
186.0
144.0
132.0
162.0
143.0
155.0
248.0
127.0
170.0
162.0
131.0
137.0
148.0
153.0
166.0
151.0
253.0
157.0
126.0
148.0
146.0
168.0
128.0
141.0
137.0
139.0
158.0
133.0
139.0
144.0
166.0
143.0
137.0
156.0
129.0
150.0
139.0
