188.0
170.0
211.0
174.0
277.0
230.0
176.0
185.0
160.0
160.0
207.0
220.0
362.0
304.0
222.0
225.0
198.0
212.0
224.0
176.0
162.0
200.0
197.0
210.0
192.0
137.0
177.0
156.0
185.0
193.0
191.0
159.0
161.0
159.0
223.0
193.0
149.0
206.0
200.0
166.0
156.0
211.0
193.0
301.0
232.0
177.0
159.0
164.0
221.0
248.0
291.0
256.0
229.0
187.0
248.0
167.0
166.0
232.0
225.0
262.0
216.0
203.0
232.0
220.0
155.0
208.0
189.0
211.0
219.0
217.0
206.0
192.0
174.0
156.0
417.0
389.0
310.0
282.0
287.0
187.0
162.0
250.0
198.0
151.0
198.0
177.0
192.0
190.0
173.0
245.0
206.0
193.0
319.0
301.0
439.0
340.0
328.0
291.0
303.0
237.0
279.0
251.0
150.0
182.0
155.0
179.0
221.0
254.0
223.0
157.0
172.0
172.0
163.0
196.0
297.0
283.0
153.0
261.0
164.0
212.0
177.0
281.0
229.0
216.0
181.0
159.0
182.0
182.0
169.0
168.0
252.0
214.0
181.0
159.0
139.0
158.0
196.0
195.0
186.0
229.0
297.0
211.0
197.0
177.0
196.0
200.0
162.0
207.0
242.0
171.0
271.0
331.0
222.0
197.0
196.0
191.0
198.0
289.0
288.0
209.0
172.0
225.0
151.0
168.0
182.0
170.0
178.0
165.0
194.0
308.0
260.0
201.0
154.0
184.0
154.0
177.0
165.0
170.0
180.0
192.0
179.0
199.0
162.0
169.0
208.0
173.0
166.0
193.0
194.0
174.0
176.0
199.0
176.0
167.0
219.0
153.0
211.0
276.0
224.0
210.0
