233.0
263.0
268.0
295.0
255.0
265.0
265.0
259.0
252.0
260.0
253.0
313.0
269.0
271.0
255.0
287.0
271.0
307.0
281.0
270.0
229.0
244.0
256.0
236.0
239.0
274.0
300.0
285.0
282.0
252.0
263.0
327.0
264.0
293.0
273.0
264.0
232.0
309.0
266.0
265.0
269.0
293.0
289.0
278.0
229.0
273.0
268.0
311.0
252.0
273.0
310.0
301.0
252.0
254.0
253.0
268.0
327.0
298.0
230.0
241.0
399.0
353.0
266.0
219.0
283.0
237.0
271.0
265.0
274.0
236.0
277.0
233.0
244.0
282.0
307.0
250.0
296.0
274.0
280.0
215.0
299.0
269.0
283.0
286.0
229.0
274.0
251.0
314.0
301.0
241.0
241.0
245.0
291.0
314.0
254.0
304.0
241.0
282.0
356.0
257.0
257.0
253.0
265.0
284.0
328.0
345.0
252.0
272.0
255.0
279.0
252.0
281.0
293.0
284.0
245.0
269.0
306.0
276.0
272.0
289.0
255.0
270.0
272.0
237.0
267.0
322.0
232.0
245.0
331.0
248.0
248.0
272.0
314.0
279.0
281.0
313.0
256.0
275.0
282.0
287.0
269.0
252.0
282.0
250.0
282.0
287.0
265.0
288.0
274.0
278.0
256.0
269.0
320.0
266.0
283.0
250.0
248.0
295.0
285.0
264.0
390.0
242.0
254.0
298.0
262.0
290.0
286.0
277.0
295.0
287.0
280.0
249.0
290.0
491.0
287.0
276.0
273.0
291.0
257.0
283.0
282.0
246.0
278.0
252.0
311.0
295.0
273.0
234.0
284.0
272.0
278.0
250.0
258.0
225.0
284.0
248.0
261.0
315.0
287.0
257.0
