274.0
261.0
245.0
265.0
274.0
276.0
235.0
236.0
263.0
244.0
251.0
267.0
280.0
239.0
233.0
263.0
284.0
233.0
233.0
236.0
270.0
285.0
284.0
207.0
265.0
335.0
272.0
279.0
246.0
255.0
250.0
232.0
250.0
243.0
270.0
243.0
271.0
301.0
247.0
252.0
248.0
218.0
280.0
251.0
235.0
238.0
247.0
253.0
261.0
285.0
250.0
243.0
269.0
255.0
249.0
268.0
251.0
283.0
299.0
271.0
235.0
264.0
263.0
245.0
261.0
275.0
268.0
238.0
299.0
236.0
267.0
224.0
260.0
255.0
217.0
222.0
286.0
235.0
248.0
236.0
260.0
251.0
263.0
280.0
256.0
256.0
245.0
262.0
262.0
287.0
280.0
266.0
254.0
316.0
296.0
272.0
222.0
269.0
273.0
260.0
272.0
250.0
233.0
265.0
246.0
250.0
267.0
250.0
245.0
230.0
230.0
261.0
240.0
273.0
251.0
248.0
268.0
291.0
294.0
261.0
258.0
248.0
267.0
237.0
272.0
226.0
264.0
220.0
268.0
267.0
331.0
236.0
282.0
268.0
318.0
255.0
246.0
263.0
228.0
240.0
236.0
298.0
312.0
275.0
244.0
226.0
236.0
265.0
237.0
247.0
248.0
281.0
228.0
230.0
249.0
297.0
282.0
224.0
292.0
321.0
254.0
235.0
266.0
257.0
246.0
242.0
242.0
250.0
233.0
252.0
237.0
241.0
281.0
277.0
266.0
242.0
283.0
236.0
269.0
272.0
260.0
270.0
290.0
270.0
272.0
226.0
251.0
235.0
294.0
257.0
248.0
251.0
254.0
265.0
246.0
276.0
277.0
306.0
251.0
258.0
