245.0
214.0
297.0
234.0
257.0
234.0
222.0
287.0
266.0
233.0
255.0
254.0
307.0
242.0
278.0
213.0
245.0
273.0
324.0
296.0
278.0
287.0
270.0
279.0
325.0
281.0
253.0
277.0
310.0
278.0
283.0
263.0
280.0
290.0
278.0
287.0
295.0
222.0
282.0
227.0
243.0
255.0
282.0
315.0
230.0
253.0
238.0
238.0
302.0
233.0
220.0
226.0
274.0
280.0
220.0
265.0
235.0
271.0
288.0
270.0
264.0
269.0
281.0
248.0
262.0
315.0
261.0
263.0
273.0
244.0
293.0
253.0
269.0
261.0
247.0
257.0
255.0
274.0
254.0
246.0
247.0
275.0
246.0
237.0
279.0
281.0
264.0
238.0
266.0
295.0
224.0
252.0
235.0
232.0
253.0
304.0
273.0
282.0
261.0
252.0
266.0
231.0
241.0
276.0
251.0
248.0
249.0
226.0
244.0
288.0
269.0
331.0
241.0
306.0
262.0
233.0
261.0
266.0
231.0
259.0
306.0
267.0
261.0
276.0
235.0
265.0
222.0
255.0
243.0
268.0
236.0
273.0
277.0
238.0
307.0
240.0
256.0
246.0
321.0
261.0
272.0
250.0
228.0
252.0
264.0
239.0
317.0
247.0
293.0
260.0
269.0
226.0
268.0
244.0
246.0
241.0
297.0
289.0
270.0
225.0
254.0
251.0
262.0
285.0
268.0
264.0
244.0
284.0
268.0
260.0
309.0
258.0
242.0
253.0
261.0
284.0
317.0
289.0
271.0
225.0
281.0
238.0
256.0
266.0
271.0
240.0
283.0
307.0
272.0
308.0
244.0
295.0
257.0
228.0
227.0
251.0
273.0
243.0
267.0
245.0
