288.0
318.0
288.0
309.0
235.0
304.0
250.0
256.0
284.0
245.0
288.0
255.0
300.0
248.0
251.0
282.0
259.0
245.0
298.0
245.0
289.0
211.0
231.0
262.0
289.0
216.0
255.0
276.0
229.0
249.0
237.0
264.0
273.0
324.0
232.0
284.0
247.0
261.0
258.0
255.0
252.0
302.0
277.0
288.0
239.0
238.0
274.0
259.0
228.0
268.0
265.0
270.0
236.0
275.0
247.0
247.0
248.0
272.0
251.0
233.0
277.0
259.0
247.0
247.0
237.0
259.0
281.0
357.0
257.0
299.0
245.0
264.0
256.0
259.0
231.0
294.0
285.0
293.0
289.0
239.0
262.0
250.0
250.0
247.0
231.0
265.0
233.0
234.0
288.0
281.0
267.0
251.0
258.0
229.0
269.0
274.0
286.0
284.0
248.0
273.0
239.0
221.0
225.0
228.0
257.0
279.0
235.0
270.0
246.0
251.0
274.0
307.0
273.0
259.0
254.0
237.0
271.0
266.0
249.0
253.0
258.0
225.0
258.0
253.0
251.0
246.0
260.0
281.0
266.0
315.0
242.0
277.0
219.0
254.0
252.0
323.0
267.0
262.0
249.0
255.0
286.0
231.0
250.0
238.0
237.0
215.0
279.0
232.0
242.0
256.0
271.0
240.0
264.0
260.0
223.0
240.0
282.0
324.0
269.0
286.0
263.0
257.0
227.0
288.0
256.0
293.0
263.0
242.0
271.0
246.0
230.0
296.0
273.0
227.0
269.0
237.0
250.0
302.0
281.0
227.0
232.0
321.0
304.0
262.0
300.0
289.0
278.0
283.0
228.0
321.0
233.0
238.0
293.0
226.0
277.0
285.0
265.0
239.0
266.0
265.0
