161.0
140.0
147.0
182.0
146.0
161.0
136.0
143.0
147.0
139.0
151.0
148.0
141.0
143.0
129.0
148.0
145.0
145.0
176.0
139.0
152.0
137.0
145.0
156.0
146.0
144.0
140.0
138.0
140.0
131.0
140.0
133.0
145.0
127.0
131.0
131.0
145.0
145.0
126.0
135.0
165.0
146.0
138.0
146.0
154.0
161.0
149.0
136.0
133.0
154.0
136.0
160.0
134.0
137.0
145.0
148.0
173.0
143.0
132.0
143.0
150.0
145.0
173.0
137.0
134.0
149.0
146.0
140.0
152.0
149.0
144.0
131.0
151.0
163.0
133.0
285.0
152.0
151.0
157.0
119.0
148.0
168.0
149.0
136.0
140.0
161.0
124.0
134.0
138.0
133.0
147.0
149.0
141.0
151.0
147.0
132.0
122.0
130.0
129.0
174.0
146.0
152.0
151.0
146.0
128.0
150.0
125.0
167.0
146.0
153.0
133.0
140.0
143.0
149.0
140.0
135.0
125.0
125.0
146.0
144.0
155.0
136.0
170.0
168.0
143.0
146.0
125.0
155.0
131.0
129.0
119.0
141.0
134.0
133.0
167.0
150.0
145.0
137.0
153.0
149.0
143.0
145.0
115.0
172.0
163.0
128.0
153.0
151.0
143.0
163.0
163.0
186.0
157.0
139.0
138.0
141.0
151.0
146.0
154.0
148.0
121.0
150.0
128.0
131.0
168.0
156.0
137.0
156.0
144.0
132.0
144.0
158.0
150.0
139.0
142.0
166.0
147.0
149.0
145.0
142.0
147.0
144.0
150.0
167.0
133.0
127.0
141.0
147.0
127.0
163.0
162.0
145.0
148.0
147.0
168.0
142.0
159.0
149.0
157.0
150.0
