347.0
289.0
260.0
257.0
264.0
323.0
290.0
250.0
256.0
266.0
303.0
258.0
311.0
322.0
267.0
302.0
237.0
280.0
250.0
244.0
314.0
257.0
313.0
308.0
231.0
255.0
246.0
256.0
321.0
274.0
262.0
297.0
261.0
277.0
272.0
259.0
240.0
298.0
288.0
258.0
252.0
244.0
257.0
285.0
289.0
290.0
273.0
309.0
254.0
263.0
250.0
229.0
311.0
271.0
229.0
253.0
230.0
246.0
265.0
314.0
230.0
281.0
273.0
287.0
273.0
257.0
279.0
299.0
247.0
283.0
256.0
263.0
285.0
356.0
301.0
290.0
277.0
228.0
302.0
267.0
345.0
297.0
263.0
272.0
392.0
294.0
291.0
292.0
299.0
307.0
258.0
244.0
273.0
265.0
241.0
226.0
272.0
265.0
358.0
247.0
235.0
266.0
238.0
265.0
276.0
291.0
247.0
302.0
291.0
255.0
258.0
258.0
359.0
268.0
339.0
311.0
289.0
425.0
256.0
270.0
242.0
268.0
276.0
257.0
253.0
340.0
277.0
271.0
250.0
289.0
247.0
256.0
259.0
294.0
259.0
258.0
266.0
269.0
257.0
278.0
275.0
249.0
244.0
301.0
256.0
264.0
337.0
327.0
268.0
274.0
348.0
247.0
309.0
236.0
265.0
246.0
259.0
280.0
247.0
298.0
269.0
280.0
247.0
285.0
257.0
347.0
312.0
265.0
277.0
316.0
256.0
294.0
274.0
276.0
320.0
252.0
250.0
289.0
332.0
276.0
316.0
322.0
296.0
304.0
270.0
262.0
263.0
265.0
282.0
274.0
234.0
282.0
268.0
321.0
256.0
266.0
285.0
249.0
306.0
272.0
