305.0
281.0
240.0
266.0
219.0
248.0
250.0
233.0
227.0
264.0
239.0
273.0
268.0
249.0
287.0
276.0
312.0
263.0
234.0
307.0
266.0
225.0
291.0
268.0
259.0
201.0
306.0
264.0
262.0
238.0
286.0
261.0
267.0
285.0
262.0
297.0
284.0
248.0
270.0
264.0
216.0
229.0
231.0
317.0
277.0
239.0
230.0
240.0
235.0
233.0
247.0
290.0
334.0
275.0
216.0
299.0
255.0
291.0
245.0
258.0
209.0
226.0
240.0
251.0
253.0
280.0
296.0
259.0
270.0
251.0
256.0
258.0
259.0
209.0
261.0
253.0
241.0
233.0
286.0
244.0
253.0
236.0
253.0
274.0
283.0
254.0
235.0
309.0
238.0
230.0
265.0
212.0
233.0
272.0
246.0
225.0
218.0
297.0
257.0
258.0
261.0
276.0
269.0
265.0
300.0
287.0
264.0
254.0
244.0
226.0
229.0
269.0
242.0
258.0
220.0
256.0
236.0
265.0
265.0
239.0
241.0
290.0
299.0
260.0
280.0
250.0
270.0
245.0
311.0
289.0
263.0
282.0
307.0
243.0
231.0
211.0
238.0
301.0
252.0
238.0
269.0
331.0
258.0
259.0
263.0
292.0
269.0
244.0
274.0
274.0
268.0
217.0
222.0
246.0
244.0
283.0
315.0
267.0
278.0
302.0
226.0
227.0
300.0
272.0
273.0
274.0
281.0
281.0
256.0
266.0
286.0
271.0
302.0
254.0
265.0
321.0
248.0
286.0
290.0
272.0
226.0
242.0
285.0
244.0
270.0
250.0
254.0
234.0
282.0
252.0
253.0
242.0
264.0
237.0
243.0
250.0
224.0
274.0
277.0
238.0
