137.0
153.0
196.0
137.0
147.0
158.0
160.0
136.0
142.0
158.0
156.0
141.0
139.0
150.0
133.0
135.0
147.0
150.0
130.0
131.0
145.0
129.0
181.0
207.0
151.0
164.0
140.0
126.0
150.0
154.0
150.0
139.0
123.0
130.0
204.0
145.0
150.0
166.0
175.0
190.0
161.0
133.0
159.0
178.0
169.0
133.0
128.0
125.0
149.0
146.0
156.0
149.0
141.0
115.0
138.0
176.0
124.0
146.0
195.0
148.0
164.0
140.0
147.0
121.0
136.0
155.0
156.0
206.0
160.0
131.0
149.0
142.0
135.0
152.0
152.0
156.0
156.0
169.0
150.0
149.0
157.0
157.0
120.0
140.0
145.0
153.0
143.0
159.0
133.0
140.0
131.0
138.0
160.0
149.0
133.0
173.0
137.0
144.0
143.0
154.0
150.0
167.0
122.0
136.0
133.0
147.0
151.0
181.0
129.0
136.0
161.0
116.0
147.0
140.0
152.0
156.0
140.0
154.0
151.0
145.0
151.0
185.0
154.0
147.0
171.0
136.0
142.0
164.0
147.0
143.0
144.0
159.0
160.0
200.0
230.0
160.0
119.0
144.0
193.0
165.0
154.0
134.0
149.0
149.0
151.0
143.0
146.0
174.0
136.0
145.0
133.0
127.0
137.0
153.0
145.0
138.0
148.0
136.0
141.0
197.0
142.0
147.0
146.0
145.0
274.0
225.0
150.0
151.0
138.0
164.0
159.0
145.0
148.0
143.0
158.0
156.0
175.0
133.0
159.0
142.0
156.0
142.0
157.0
149.0
137.0
136.0
149.0
143.0
129.0
130.0
133.0
140.0
150.0
166.0
161.0
157.0
135.0
164.0
161.0
143.0
