275.0
297.0
240.0
288.0
321.0
250.0
256.0
253.0
328.0
293.0
243.0
274.0
292.0
247.0
278.0
270.0
250.0
257.0
253.0
243.0
260.0
331.0
230.0
261.0
246.0
254.0
302.0
264.0
296.0
266.0
261.0
287.0
233.0
230.0
234.0
272.0
226.0
227.0
230.0
244.0
274.0
242.0
267.0
247.0
316.0
319.0
240.0
252.0
282.0
261.0
275.0
211.0
273.0
332.0
320.0
300.0
268.0
246.0
348.0
239.0
261.0
214.0
233.0
278.0
291.0
317.0
307.0
273.0
234.0
227.0
255.0
246.0
287.0
287.0
279.0
248.0
237.0
240.0
247.0
230.0
257.0
260.0
243.0
233.0
269.0
234.0
256.0
201.0
251.0
300.0
235.0
297.0
295.0
251.0
232.0
256.0
243.0
262.0
226.0
264.0
266.0
259.0
258.0
270.0
258.0
258.0
283.0
262.0
291.0
268.0
268.0
251.0
281.0
277.0
275.0
268.0
229.0
280.0
276.0
272.0
238.0
237.0
286.0
293.0
341.0
264.0
287.0
243.0
266.0
265.0
254.0
285.0
321.0
291.0
277.0
302.0
253.0
279.0
292.0
228.0
310.0
282.0
265.0
259.0
253.0
245.0
248.0
264.0
312.0
285.0
238.0
264.0
257.0
267.0
257.0
259.0
292.0
289.0
255.0
224.0
267.0
289.0
272.0
287.0
325.0
260.0
264.0
250.0
251.0
243.0
259.0
245.0
267.0
265.0
254.0
309.0
286.0
250.0
248.0
339.0
236.0
208.0
280.0
240.0
250.0
233.0
340.0
246.0
229.0
267.0
261.0
273.0
286.0
267.0
288.0
282.0
278.0
321.0
243.0
247.0
