266.0
275.0
287.0
301.0
305.0
255.0
303.0
290.0
275.0
253.0
268.0
289.0
270.0
293.0
275.0
266.0
256.0
241.0
256.0
247.0
228.0
283.0
242.0
230.0
238.0
269.0
330.0
328.0
241.0
238.0
266.0
280.0
240.0
257.0
251.0
230.0
293.0
315.0
269.0
263.0
243.0
293.0
270.0
239.0
267.0
258.0
254.0
270.0
309.0
320.0
279.0
264.0
294.0
298.0
291.0
275.0
291.0
282.0
327.0
239.0
325.0
248.0
305.0
238.0
265.0
262.0
304.0
287.0
318.0
361.0
255.0
271.0
321.0
297.0
276.0
251.0
268.0
333.0
273.0
238.0
254.0
250.0
247.0
290.0
253.0
237.0
269.0
301.0
270.0
250.0
293.0
328.0
288.0
252.0
263.0
251.0
253.0
260.0
277.0
270.0
287.0
256.0
299.0
259.0
282.0
374.0
238.0
286.0
247.0
268.0
224.0
252.0
280.0
263.0
227.0
263.0
269.0
298.0
256.0
268.0
259.0
245.0
249.0
255.0
274.0
293.0
264.0
228.0
285.0
262.0
326.0
290.0
266.0
259.0
241.0
334.0
260.0
323.0
292.0
308.0
263.0
297.0
300.0
257.0
231.0
274.0
339.0
284.0
280.0
303.0
243.0
287.0
291.0
277.0
353.0
294.0
254.0
253.0
278.0
233.0
336.0
258.0
286.0
330.0
284.0
256.0
226.0
252.0
284.0
300.0
282.0
281.0
313.0
288.0
305.0
258.0
285.0
288.0
256.0
333.0
257.0
264.0
256.0
304.0
252.0
265.0
301.0
277.0
338.0
355.0
279.0
263.0
236.0
260.0
271.0
271.0
244.0
243.0
269.0
278.0
