207.0
198.0
253.0
240.0
175.0
163.0
145.0
153.0
236.0
288.0
360.0
305.0
289.0
221.0
239.0
248.0
264.0
242.0
450.0
366.0
314.0
376.0
287.0
258.0
254.0
227.0
212.0
191.0
182.0
212.0
249.0
245.0
174.0
192.0
174.0
201.0
196.0
260.0
241.0
229.0
230.0
195.0
204.0
187.0
194.0
211.0
208.0
226.0
198.0
186.0
200.0
175.0
223.0
199.0
215.0
206.0
171.0
218.0
202.0
174.0
156.0
226.0
308.0
317.0
301.0
261.0
216.0
166.0
168.0
156.0
189.0
181.0
180.0
228.0
201.0
307.0
325.0
253.0
216.0
275.0
192.0
191.0
168.0
206.0
193.0
187.0
216.0
318.0
240.0
244.0
214.0
220.0
268.0
218.0
181.0
209.0
175.0
214.0
230.0
256.0
171.0
196.0
270.0
282.0
310.0
307.0
233.0
236.0
156.0
159.0
169.0
192.0
217.0
191.0
175.0
188.0
231.0
177.0
210.0
230.0
251.0
220.0
226.0
305.0
277.0
245.0
249.0
205.0
232.0
229.0
234.0
301.0
211.0
217.0
284.0
195.0
185.0
182.0
221.0
143.0
182.0
197.0
292.0
211.0
220.0
232.0
216.0
153.0
266.0
261.0
244.0
212.0
183.0
199.0
177.0
182.0
183.0
212.0
190.0
185.0
201.0
172.0
192.0
283.0
290.0
196.0
163.0
248.0
199.0
217.0
235.0
173.0
187.0
170.0
179.0
210.0
267.0
224.0
164.0
189.0
156.0
176.0
241.0
224.0
235.0
222.0
181.0
280.0
240.0
169.0
162.0
205.0
184.0
190.0
210.0
166.0
185.0
284.0
208.0
265.0
