135.0
134.0
136.0
182.0
146.0
182.0
145.0
150.0
172.0
140.0
164.0
144.0
168.0
203.0
162.0
189.0
152.0
138.0
151.0
169.0
126.0
144.0
136.0
178.0
163.0
149.0
127.0
147.0
176.0
169.0
139.0
136.0
146.0
144.0
151.0
142.0
115.0
173.0
162.0
165.0
149.0
197.0
146.0
154.0
146.0
137.0
130.0
121.0
209.0
149.0
144.0
155.0
150.0
148.0
162.0
137.0
155.0
153.0
156.0
161.0
150.0
136.0
142.0
177.0
133.0
155.0
145.0
163.0
166.0
145.0
138.0
130.0
143.0
186.0
142.0
146.0
152.0
130.0
161.0
139.0
162.0
148.0
141.0
145.0
187.0
152.0
141.0
145.0
139.0
169.0
170.0
194.0
120.0
157.0
142.0
162.0
142.0
137.0
150.0
152.0
161.0
174.0
149.0
138.0
146.0
151.0
128.0
141.0
139.0
180.0
157.0
133.0
186.0
152.0
163.0
144.0
141.0
138.0
157.0
140.0
165.0
166.0
145.0
160.0
151.0
186.0
155.0
168.0
163.0
138.0
169.0
147.0
155.0
142.0
165.0
151.0
144.0
152.0
186.0
175.0
136.0
141.0
153.0
154.0
156.0
176.0
148.0
147.0
158.0
156.0
150.0
139.0
164.0
222.0
136.0
140.0
134.0
169.0
220.0
148.0
162.0
148.0
152.0
139.0
136.0
157.0
153.0
155.0
166.0
148.0
196.0
137.0
156.0
128.0
140.0
143.0
159.0
130.0
164.0
134.0
153.0
139.0
151.0
136.0
148.0
142.0
159.0
181.0
162.0
225.0
140.0
162.0
159.0
159.0
136.0
149.0
136.0
154.0
142.0
149.0
