267.0
261.0
256.0
244.0
277.0
288.0
327.0
238.0
277.0
234.0
342.0
273.0
244.0
281.0
251.0
254.0
285.0
246.0
286.0
266.0
237.0
248.0
262.0
246.0
249.0
273.0
249.0
272.0
275.0
239.0
262.0
261.0
269.0
274.0
296.0
242.0
264.0
264.0
265.0
292.0
267.0
256.0
280.0
212.0
226.0
247.0
247.0
303.0
241.0
272.0
303.0
260.0
246.0
238.0
258.0
238.0
305.0
272.0
262.0
258.0
241.0
262.0
270.0
316.0
241.0
265.0
257.0
281.0
283.0
297.0
243.0
282.0
263.0
240.0
301.0
289.0
294.0
256.0
263.0
298.0
272.0
251.0
241.0
276.0
254.0
298.0
257.0
260.0
262.0
255.0
251.0
248.0
236.0
273.0
267.0
318.0
228.0
241.0
263.0
275.0
291.0
260.0
245.0
279.0
293.0
274.0
292.0
262.0
275.0
265.0
254.0
263.0
265.0
257.0
272.0
244.0
287.0
298.0
243.0
264.0
303.0
258.0
234.0
233.0
242.0
295.0
234.0
240.0
294.0
256.0
317.0
222.0
247.0
255.0
275.0
262.0
286.0
241.0
255.0
308.0
256.0
261.0
296.0
278.0
320.0
251.0
262.0
305.0
236.0
267.0
279.0
278.0
255.0
267.0
233.0
252.0
234.0
294.0
250.0
263.0
243.0
256.0
227.0
240.0
294.0
229.0
242.0
254.0
256.0
265.0
269.0
254.0
310.0
257.0
286.0
240.0
248.0
270.0
254.0
246.0
266.0
237.0
350.0
260.0
271.0
283.0
246.0
256.0
286.0
233.0
290.0
301.0
315.0
239.0
283.0
290.0
258.0
238.0
239.0
260.0
