154.0
154.0
154.0
148.0
142.0
160.0
174.0
160.0
177.0
146.0
126.0
150.0
133.0
140.0
253.0
185.0
142.0
135.0
143.0
192.0
150.0
173.0
171.0
156.0
149.0
144.0
149.0
143.0
143.0
123.0
146.0
151.0
173.0
146.0
182.0
182.0
166.0
163.0
141.0
159.0
133.0
172.0
219.0
159.0
152.0
172.0
211.0
196.0
139.0
204.0
157.0
141.0
161.0
133.0
132.0
142.0
168.0
149.0
155.0
195.0
150.0
158.0
161.0
142.0
190.0
176.0
162.0
154.0
162.0
129.0
131.0
158.0
166.0
143.0
178.0
137.0
147.0
201.0
153.0
212.0
169.0
166.0
164.0
176.0
156.0
158.0
151.0
185.0
301.0
181.0
136.0
133.0
155.0
155.0
134.0
136.0
152.0
143.0
173.0
133.0
148.0
142.0
143.0
146.0
156.0
174.0
158.0
144.0
210.0
169.0
159.0
150.0
134.0
143.0
150.0
163.0
143.0
161.0
175.0
174.0
201.0
151.0
144.0
138.0
143.0
157.0
140.0
208.0
156.0
150.0
160.0
145.0
155.0
131.0
170.0
191.0
167.0
146.0
184.0
148.0
146.0
141.0
176.0
158.0
170.0
138.0
169.0
147.0
159.0
144.0
169.0
132.0
124.0
168.0
144.0
163.0
153.0
173.0
168.0
145.0
157.0
164.0
157.0
168.0
140.0
137.0
166.0
166.0
139.0
148.0
144.0
162.0
155.0
170.0
141.0
178.0
136.0
145.0
137.0
160.0
163.0
162.0
136.0
148.0
165.0
161.0
145.0
141.0
149.0
136.0
150.0
171.0
158.0
151.0
141.0
142.0
131.0
155.0
149.0
162.0
