250.0
283.0
262.0
262.0
249.0
323.0
273.0
248.0
241.0
265.0
246.0
300.0
275.0
221.0
303.0
229.0
262.0
331.0
232.0
245.0
261.0
291.0
238.0
303.0
310.0
337.0
270.0
236.0
317.0
240.0
241.0
303.0
254.0
244.0
269.0
246.0
258.0
303.0
307.0
243.0
241.0
229.0
237.0
227.0
234.0
319.0
267.0
267.0
270.0
259.0
289.0
336.0
270.0
262.0
258.0
266.0
277.0
226.0
244.0
246.0
254.0
266.0
309.0
236.0
271.0
278.0
252.0
254.0
255.0
293.0
274.0
250.0
248.0
263.0
272.0
258.0
262.0
292.0
265.0
290.0
274.0
269.0
273.0
250.0
305.0
239.0
268.0
272.0
215.0
242.0
258.0
230.0
269.0
275.0
239.0
327.0
226.0
231.0
258.0
264.0
269.0
276.0
229.0
238.0
332.0
260.0
261.0
372.0
279.0
339.0
275.0
264.0
247.0
264.0
302.0
275.0
267.0
242.0
298.0
269.0
236.0
217.0
241.0
214.0
264.0
260.0
273.0
282.0
283.0
236.0
271.0
268.0
259.0
248.0
241.0
284.0
236.0
242.0
301.0
250.0
327.0
279.0
268.0
249.0
245.0
248.0
280.0
330.0
285.0
232.0
267.0
217.0
247.0
286.0
277.0
274.0
273.0
290.0
258.0
229.0
241.0
257.0
259.0
267.0
289.0
225.0
252.0
224.0
245.0
226.0
273.0
238.0
323.0
254.0
266.0
245.0
242.0
280.0
253.0
228.0
212.0
264.0
275.0
277.0
260.0
226.0
275.0
264.0
231.0
269.0
248.0
229.0
292.0
268.0
276.0
210.0
282.0
240.0
247.0
238.0
