175.0
150.0
168.0
152.0
163.0
139.0
190.0
165.0
146.0
157.0
161.0
226.0
214.0
190.0
171.0
214.0
167.0
142.0
128.0
215.0
254.0
277.0
180.0
143.0
159.0
154.0
205.0
179.0
159.0
151.0
171.0
167.0
161.0
211.0
138.0
146.0
151.0
142.0
149.0
148.0
184.0
192.0
225.0
142.0
184.0
144.0
189.0
162.0
230.0
180.0
142.0
157.0
228.0
194.0
172.0
155.0
187.0
149.0
165.0
141.0
137.0
170.0
307.0
204.0
160.0
150.0
156.0
165.0
154.0
221.0
154.0
168.0
170.0
197.0
179.0
201.0
186.0
195.0
155.0
162.0
186.0
168.0
207.0
179.0
220.0
270.0
175.0
157.0
131.0
149.0
167.0
163.0
166.0
207.0
191.0
222.0
151.0
152.0
155.0
158.0
190.0
165.0
148.0
234.0
204.0
146.0
157.0
179.0
161.0
165.0
203.0
165.0
172.0
158.0
189.0
153.0
190.0
152.0
204.0
215.0
153.0
165.0
164.0
170.0
163.0
218.0
182.0
151.0
175.0
197.0
141.0
160.0
187.0
153.0
164.0
170.0
183.0
146.0
152.0
181.0
159.0
168.0
162.0
137.0
158.0
148.0
161.0
169.0
156.0
164.0
187.0
143.0
147.0
151.0
161.0
147.0
172.0
157.0
202.0
162.0
155.0
149.0
145.0
170.0
139.0
147.0
152.0
169.0
174.0
161.0
181.0
196.0
173.0
211.0
195.0
149.0
153.0
184.0
172.0
191.0
169.0
147.0
181.0
188.0
152.0
144.0
174.0
173.0
191.0
143.0
201.0
215.0
144.0
151.0
186.0
166.0
186.0
326.0
210.0
170.0
