254.0
276.0
249.0
244.0
243.0
246.0
221.0
276.0
252.0
249.0
288.0
258.0
261.0
271.0
256.0
273.0
249.0
243.0
222.0
257.0
284.0
233.0
294.0
247.0
252.0
292.0
230.0
304.0
228.0
234.0
256.0
252.0
294.0
268.0
240.0
251.0
254.0
325.0
280.0
253.0
271.0
256.0
250.0
238.0
267.0
271.0
322.0
266.0
288.0
242.0
269.0
282.0
260.0
244.0
277.0
245.0
276.0
273.0
231.0
344.0
233.0
244.0
264.0
229.0
237.0
318.0
352.0
243.0
290.0
250.0
264.0
246.0
247.0
302.0
251.0
240.0
268.0
240.0
249.0
260.0
299.0
239.0
222.0
290.0
239.0
225.0
263.0
249.0
247.0
243.0
240.0
240.0
265.0
258.0
242.0
318.0
286.0
257.0
245.0
253.0
260.0
271.0
295.0
285.0
247.0
293.0
271.0
246.0
290.0
266.0
239.0
268.0
259.0
206.0
314.0
293.0
275.0
268.0
222.0
304.0
243.0
225.0
272.0
257.0
247.0
297.0
232.0
228.0
257.0
273.0
254.0
254.0
236.0
255.0
223.0
243.0
283.0
250.0
257.0
299.0
251.0
234.0
258.0
293.0
239.0
245.0
259.0
303.0
244.0
271.0
297.0
254.0
236.0
241.0
281.0
292.0
231.0
279.0
256.0
263.0
304.0
243.0
246.0
233.0
317.0
278.0
225.0
304.0
287.0
225.0
281.0
264.0
233.0
214.0
226.0
248.0
262.0
320.0
242.0
268.0
247.0
273.0
258.0
322.0
258.0
260.0
342.0
300.0
273.0
271.0
249.0
264.0
282.0
249.0
275.0
261.0
260.0
275.0
282.0
274.0
