433.0
498.0
601.0
764.0
689.0
673.0
733.0
685.0
764.0
635.0
646.0
731.0
766.0
845.0
670.0
766.0
713.0
747.0
770.0
668.0
741.0
719.0
819.0
824.0
741.0
783.0
776.0
921.0
897.0
780.0
813.0
717.0
829.0
889.0
862.0
866.0
838.0
1023.0
743.0
949.0
858.0
701.0
819.0
750.0
873.0
742.0
777.0
804.0
807.0
892.0
753.0
920.0
881.0
763.0
969.0
849.0
862.0
994.0
932.0
838.0
1019.0
886.0
776.0
843.0
1062.0
707.0
828.0
807.0
776.0
909.0
903.0
737.0
760.0
856.0
846.0
777.0
803.0
842.0
768.0
815.0
910.0
997.0
853.0
908.0
766.0
870.0
802.0
715.0
765.0
763.0
882.0
762.0
761.0
748.0
816.0
728.0
891.0
709.0
770.0
814.0
757.0
779.0
764.0
733.0
724.0
973.0
901.0
837.0
769.0
764.0
710.0
821.0
734.0
824.0
866.0
771.0
686.0
771.0
742.0
849.0
738.0
821.0
798.0
797.0
868.0
886.0
891.0
930.0
860.0
777.0
775.0
738.0
718.0
890.0
755.0
764.0
734.0
794.0
740.0
812.0
736.0
845.0
903.0
745.0
779.0
636.0
789.0
766.0
863.0
670.0
789.0
754.0
862.0
794.0
787.0
809.0
760.0
848.0
853.0
870.0
745.0
733.0
710.0
752.0
794.0
841.0
854.0
723.0
767.0
880.0
747.0
802.0
949.0
828.0
807.0
817.0
735.0
841.0
821.0
740.0
783.0
719.0
908.0
819.0
900.0
856.0
794.0
670.0
747.0
849.0
917.0
813.0
956.0
897.0
974.0
869.0
782.0
741.0
804.0
800.0
