195.0
193.0
229.0
276.0
183.0
156.0
168.0
178.0
221.0
223.0
171.0
159.0
162.0
225.0
211.0
198.0
194.0
344.0
228.0
200.0
178.0
189.0
176.0
168.0
156.0
167.0
181.0
177.0
213.0
214.0
266.0
185.0
157.0
158.0
205.0
193.0
180.0
216.0
211.0
161.0
174.0
158.0
187.0
181.0
220.0
146.0
170.0
217.0
169.0
183.0
186.0
169.0
247.0
278.0
285.0
171.0
167.0
167.0
189.0
152.0
170.0
185.0
175.0
194.0
158.0
147.0
184.0
224.0
199.0
201.0
180.0
167.0
160.0
135.0
167.0
153.0
201.0
184.0
174.0
169.0
165.0
190.0
229.0
162.0
167.0
188.0
200.0
237.0
202.0
153.0
194.0
191.0
241.0
184.0
176.0
149.0
195.0
182.0
211.0
201.0
159.0
160.0
213.0
161.0
181.0
142.0
170.0
151.0
166.0
217.0
171.0
190.0
209.0
149.0
196.0
166.0
199.0
184.0
193.0
215.0
139.0
198.0
190.0
208.0
189.0
240.0
226.0
183.0
165.0
269.0
256.0
175.0
187.0
162.0
213.0
180.0
188.0
168.0
164.0
259.0
211.0
182.0
168.0
157.0
193.0
165.0
161.0
202.0
172.0
222.0
162.0
161.0
173.0
211.0
162.0
225.0
226.0
241.0
156.0
179.0
170.0
156.0
223.0
190.0
212.0
156.0
169.0
165.0
202.0
156.0
165.0
163.0
159.0
190.0
186.0
171.0
218.0
207.0
173.0
181.0
139.0
174.0
167.0
159.0
184.0
172.0
160.0
201.0
196.0
175.0
206.0
224.0
212.0
197.0
217.0
225.0
179.0
200.0
266.0
231.0
