225.0
253.0
265.0
262.0
230.0
235.0
319.0
300.0
249.0
266.0
278.0
256.0
233.0
253.0
279.0
277.0
244.0
271.0
223.0
268.0
257.0
266.0
273.0
270.0
286.0
274.0
234.0
290.0
256.0
271.0
268.0
243.0
315.0
254.0
299.0
267.0
267.0
261.0
248.0
306.0
288.0
226.0
252.0
250.0
240.0
235.0
269.0
262.0
236.0
303.0
230.0
327.0
284.0
310.0
261.0
296.0
268.0
243.0
255.0
288.0
295.0
259.0
236.0
290.0
224.0
239.0
248.0
236.0
300.0
247.0
299.0
263.0
285.0
278.0
298.0
234.0
243.0
324.0
257.0
252.0
243.0
297.0
250.0
252.0
223.0
259.0
238.0
271.0
259.0
279.0
238.0
280.0
235.0
230.0
327.0
263.0
296.0
282.0
239.0
257.0
280.0
243.0
248.0
264.0
242.0
281.0
251.0
315.0
271.0
340.0
262.0
316.0
275.0
257.0
249.0
237.0
320.0
265.0
273.0
267.0
288.0
330.0
307.0
252.0
319.0
248.0
276.0
285.0
297.0
258.0
277.0
261.0
251.0
275.0
244.0
295.0
283.0
330.0
300.0
271.0
263.0
245.0
294.0
230.0
277.0
292.0
269.0
251.0
288.0
278.0
234.0
273.0
239.0
250.0
274.0
275.0
264.0
248.0
273.0
323.0
287.0
269.0
269.0
285.0
236.0
260.0
274.0
299.0
236.0
257.0
307.0
222.0
250.0
245.0
284.0
263.0
266.0
276.0
233.0
281.0
352.0
277.0
247.0
292.0
284.0
267.0
241.0
289.0
289.0
270.0
281.0
255.0
255.0
293.0
319.0
268.0
229.0
214.0
225.0
254.0
