677.0
701.0
656.0
700.0
648.0
744.0
769.0
739.0
654.0
704.0
728.0
627.0
674.0
693.0
675.0
688.0
702.0
769.0
807.0
754.0
740.0
737.0
884.0
790.0
821.0
888.0
769.0
773.0
916.0
876.0
757.0
777.0
800.0
718.0
766.0
822.0
888.0
896.0
804.0
791.0
834.0
714.0
817.0
873.0
797.0
930.0
941.0
805.0
819.0
790.0
887.0
821.0
773.0
755.0
988.0
774.0
908.0
903.0
989.0
781.0
832.0
893.0
797.0
1028.0
778.0
784.0
840.0
798.0
733.0
899.0
1036.0
913.0
838.0
848.0
878.0
734.0
781.0
799.0
866.0
641.0
715.0
779.0
748.0
860.0
780.0
792.0
812.0
691.0
925.0
920.0
694.0
820.0
799.0
837.0
809.0
728.0
800.0
691.0
881.0
884.0
906.0
783.0
903.0
764.0
674.0
729.0
670.0
740.0
783.0
735.0
782.0
790.0
882.0
779.0
871.0
819.0
863.0
837.0
798.0
827.0
811.0
922.0
783.0
783.0
809.0
758.0
788.0
776.0
739.0
767.0
717.0
778.0
809.0
703.0
717.0
896.0
777.0
676.0
704.0
691.0
756.0
851.0
727.0
847.0
700.0
863.0
937.0
756.0
778.0
787.0
713.0
750.0
792.0
723.0
782.0
890.0
802.0
784.0
766.0
777.0
786.0
732.0
778.0
760.0
717.0
673.0
737.0
748.0
764.0
806.0
750.0
957.0
733.0
730.0
873.0
820.0
745.0
745.0
836.0
875.0
736.0
711.0
859.0
904.0
847.0
743.0
842.0
858.0
757.0
717.0
870.0
862.0
819.0
738.0
844.0
836.0
825.0
996.0
887.0
869.0
