160.0
255.0
239.0
142.0
156.0
197.0
141.0
213.0
135.0
214.0
183.0
198.0
214.0
188.0
161.0
174.0
213.0
143.0
288.0
192.0
166.0
172.0
241.0
233.0
139.0
149.0
183.0
168.0
189.0
164.0
208.0
247.0
183.0
180.0
207.0
150.0
218.0
168.0
226.0
161.0
161.0
152.0
211.0
181.0
159.0
159.0
204.0
194.0
164.0
146.0
162.0
203.0
193.0
176.0
211.0
225.0
135.0
159.0
198.0
203.0
177.0
228.0
157.0
228.0
162.0
195.0
175.0
198.0
263.0
162.0
188.0
170.0
174.0
169.0
174.0
173.0
164.0
201.0
163.0
205.0
157.0
214.0
202.0
159.0
275.0
242.0
163.0
212.0
179.0
181.0
157.0
194.0
218.0
168.0
166.0
185.0
189.0
149.0
178.0
162.0
168.0
198.0
178.0
275.0
149.0
193.0
185.0
191.0
232.0
166.0
155.0
181.0
301.0
224.0
160.0
246.0
212.0
199.0
211.0
185.0
168.0
203.0
154.0
169.0
157.0
152.0
145.0
245.0
185.0
187.0
192.0
180.0
170.0
222.0
209.0
210.0
221.0
184.0
196.0
177.0
162.0
158.0
139.0
170.0
152.0
261.0
169.0
132.0
206.0
176.0
206.0
157.0
183.0
191.0
181.0
162.0
188.0
158.0
148.0
181.0
165.0
195.0
157.0
175.0
168.0
176.0
219.0
159.0
198.0
169.0
153.0
256.0
186.0
177.0
161.0
178.0
167.0
167.0
146.0
177.0
165.0
178.0
221.0
161.0
301.0
269.0
267.0
194.0
236.0
166.0
242.0
199.0
156.0
228.0
166.0
181.0
246.0
157.0
216.0
168.0
