149.0
224.0
184.0
167.0
157.0
153.0
185.0
149.0
144.0
169.0
136.0
151.0
202.0
140.0
141.0
166.0
153.0
152.0
237.0
148.0
141.0
160.0
236.0
167.0
184.0
150.0
160.0
159.0
125.0
144.0
257.0
142.0
266.0
164.0
286.0
156.0
129.0
164.0
160.0
140.0
171.0
158.0
137.0
190.0
176.0
131.0
153.0
155.0
169.0
130.0
313.0
213.0
160.0
158.0
158.0
149.0
169.0
143.0
162.0
148.0
243.0
172.0
167.0
167.0
193.0
167.0
156.0
186.0
170.0
139.0
161.0
170.0
148.0
154.0
146.0
139.0
281.0
266.0
149.0
159.0
142.0
153.0
166.0
146.0
152.0
219.0
148.0
144.0
150.0
287.0
180.0
193.0
250.0
149.0
185.0
128.0
160.0
137.0
163.0
158.0
188.0
156.0
139.0
155.0
154.0
144.0
155.0
153.0
150.0
174.0
129.0
151.0
155.0
174.0
179.0
176.0
154.0
154.0
153.0
142.0
163.0
139.0
134.0
163.0
208.0
150.0
183.0
141.0
154.0
157.0
165.0
146.0
145.0
180.0
148.0
134.0
149.0
158.0
168.0
152.0
233.0
126.0
164.0
173.0
184.0
211.0
154.0
170.0
153.0
172.0
228.0
159.0
140.0
144.0
147.0
131.0
173.0
140.0
165.0
170.0
168.0
194.0
151.0
232.0
165.0
156.0
160.0
157.0
165.0
162.0
171.0
141.0
176.0
177.0
147.0
168.0
154.0
213.0
133.0
203.0
159.0
155.0
155.0
173.0
169.0
193.0
196.0
221.0
144.0
182.0
165.0
200.0
148.0
163.0
164.0
144.0
137.0
138.0
172.0
138.0
