278.0
298.0
300.0
233.0
259.0
243.0
274.0
318.0
254.0
303.0
338.0
239.0
290.0
230.0
221.0
245.0
273.0
269.0
273.0
284.0
276.0
267.0
251.0
252.0
245.0
296.0
299.0
241.0
299.0
246.0
254.0
238.0
276.0
252.0
259.0
265.0
226.0
257.0
250.0
276.0
224.0
235.0
303.0
245.0
273.0
266.0
263.0
242.0
253.0
299.0
243.0
220.0
231.0
232.0
257.0
254.0
265.0
242.0
269.0
242.0
246.0
268.0
255.0
235.0
236.0
260.0
282.0
241.0
236.0
272.0
259.0
256.0
267.0
260.0
270.0
315.0
334.0
260.0
251.0
293.0
285.0
257.0
249.0
320.0
283.0
287.0
253.0
254.0
232.0
307.0
242.0
266.0
263.0
311.0
267.0
254.0
231.0
273.0
266.0
265.0
272.0
260.0
257.0
302.0
244.0
248.0
240.0
259.0
233.0
272.0
268.0
259.0
233.0
264.0
286.0
301.0
284.0
239.0
254.0
295.0
251.0
256.0
254.0
234.0
245.0
286.0
261.0
294.0
244.0
282.0
258.0
260.0
241.0
264.0
306.0
266.0
289.0
268.0
306.0
240.0
254.0
243.0
353.0
235.0
281.0
238.0
257.0
316.0
275.0
263.0
247.0
251.0
266.0
302.0
248.0
271.0
257.0
245.0
264.0
272.0
303.0
246.0
265.0
266.0
329.0
247.0
246.0
255.0
272.0
333.0
252.0
279.0
298.0
341.0
274.0
233.0
309.0
269.0
237.0
248.0
253.0
270.0
317.0
257.0
250.0
298.0
261.0
249.0
265.0
297.0
252.0
240.0
272.0
305.0
273.0
244.0
245.0
270.0
269.0
216.0
