151.0
146.0
177.0
183.0
147.0
152.0
157.0
150.0
137.0
168.0
133.0
151.0
148.0
172.0
149.0
128.0
131.0
151.0
176.0
172.0
186.0
139.0
136.0
262.0
131.0
129.0
148.0
135.0
124.0
130.0
159.0
160.0
143.0
166.0
175.0
137.0
163.0
177.0
150.0
157.0
145.0
144.0
149.0
133.0
140.0
146.0
131.0
147.0
206.0
164.0
148.0
153.0
146.0
122.0
153.0
127.0
121.0
156.0
140.0
158.0
258.0
148.0
172.0
147.0
172.0
166.0
168.0
154.0
146.0
152.0
140.0
164.0
152.0
145.0
144.0
143.0
144.0
140.0
152.0
144.0
164.0
154.0
126.0
143.0
150.0
192.0
170.0
145.0
169.0
168.0
152.0
154.0
147.0
147.0
151.0
138.0
162.0
162.0
177.0
141.0
161.0
129.0
158.0
167.0
140.0
152.0
145.0
204.0
240.0
169.0
127.0
247.0
162.0
149.0
176.0
182.0
161.0
157.0
151.0
142.0
164.0
181.0
158.0
132.0
132.0
169.0
150.0
144.0
159.0
186.0
178.0
148.0
132.0
142.0
151.0
153.0
195.0
135.0
179.0
155.0
134.0
178.0
168.0
144.0
149.0
160.0
143.0
145.0
154.0
133.0
145.0
139.0
144.0
158.0
130.0
159.0
154.0
148.0
156.0
148.0
130.0
164.0
148.0
154.0
144.0
151.0
168.0
167.0
149.0
176.0
155.0
156.0
144.0
143.0
165.0
217.0
143.0
150.0
158.0
149.0
157.0
143.0
151.0
149.0
154.0
258.0
162.0
147.0
168.0
166.0
203.0
201.0
162.0
145.0
147.0
178.0
136.0
147.0
157.0
133.0
