253.0
237.0
239.0
254.0
259.0
262.0
258.0
252.0
229.0
309.0
232.0
236.0
256.0
248.0
344.0
276.0
238.0
235.0
252.0
288.0
235.0
257.0
232.0
258.0
264.0
255.0
303.0
302.0
292.0
246.0
281.0
241.0
210.0
235.0
222.0
305.0
247.0
266.0
284.0
241.0
249.0
265.0
264.0
233.0
268.0
227.0
348.0
244.0
240.0
279.0
312.0
322.0
256.0
224.0
277.0
255.0
283.0
296.0
236.0
217.0
243.0
260.0
237.0
267.0
271.0
253.0
314.0
290.0
263.0
267.0
252.0
269.0
279.0
253.0
248.0
281.0
235.0
308.0
233.0
236.0
249.0
251.0
251.0
224.0
249.0
284.0
221.0
236.0
254.0
308.0
273.0
264.0
293.0
248.0
278.0
274.0
288.0
207.0
271.0
236.0
278.0
256.0
270.0
257.0
295.0
264.0
285.0
254.0
231.0
282.0
234.0
257.0
235.0
251.0
260.0
273.0
233.0
308.0
275.0
271.0
282.0
295.0
234.0
278.0
249.0
236.0
271.0
258.0
243.0
232.0
270.0
221.0
280.0
239.0
250.0
311.0
272.0
256.0
252.0
287.0
267.0
238.0
227.0
233.0
281.0
251.0
273.0
300.0
261.0
255.0
260.0
248.0
266.0
261.0
244.0
224.0
228.0
315.0
236.0
320.0
273.0
255.0
240.0
283.0
298.0
226.0
304.0
257.0
262.0
263.0
313.0
285.0
268.0
246.0
287.0
264.0
263.0
295.0
279.0
244.0
312.0
231.0
299.0
258.0
317.0
274.0
296.0
235.0
277.0
243.0
249.0
277.0
249.0
236.0
277.0
276.0
299.0
276.0
281.0
278.0
