178.0
154.0
189.0
203.0
190.0
266.0
229.0
175.0
171.0
173.0
166.0
153.0
195.0
150.0
170.0
188.0
173.0
226.0
174.0
286.0
212.0
150.0
170.0
260.0
285.0
187.0
172.0
175.0
160.0
161.0
154.0
186.0
366.0
226.0
177.0
176.0
157.0
172.0
184.0
154.0
169.0
200.0
169.0
152.0
193.0
165.0
200.0
171.0
189.0
191.0
130.0
184.0
147.0
193.0
234.0
204.0
251.0
158.0
167.0
155.0
200.0
217.0
179.0
180.0
169.0
164.0
177.0
185.0
144.0
288.0
177.0
158.0
176.0
167.0
184.0
199.0
164.0
282.0
183.0
180.0
154.0
161.0
160.0
152.0
183.0
187.0
152.0
210.0
201.0
201.0
179.0
153.0
185.0
172.0
184.0
238.0
157.0
147.0
170.0
158.0
186.0
182.0
220.0
206.0
221.0
157.0
173.0
155.0
232.0
191.0
141.0
172.0
193.0
140.0
211.0
180.0
212.0
198.0
216.0
229.0
213.0
152.0
176.0
255.0
184.0
274.0
185.0
158.0
155.0
192.0
185.0
256.0
180.0
126.0
185.0
183.0
173.0
169.0
264.0
223.0
207.0
251.0
214.0
185.0
202.0
195.0
235.0
194.0
194.0
191.0
196.0
227.0
162.0
185.0
156.0
223.0
204.0
145.0
176.0
173.0
202.0
180.0
174.0
158.0
205.0
195.0
157.0
159.0
167.0
163.0
203.0
196.0
169.0
164.0
301.0
272.0
178.0
165.0
159.0
168.0
208.0
157.0
302.0
220.0
172.0
176.0
214.0
197.0
182.0
165.0
152.0
154.0
248.0
205.0
221.0
152.0
203.0
242.0
182.0
146.0
