257.0
260.0
307.0
235.0
241.0
234.0
257.0
248.0
310.0
231.0
272.0
265.0
238.0
293.0
279.0
269.0
237.0
250.0
288.0
283.0
249.0
241.0
264.0
266.0
258.0
235.0
245.0
258.0
274.0
200.0
228.0
208.0
262.0
259.0
261.0
266.0
224.0
261.0
257.0
232.0
296.0
268.0
223.0
256.0
226.0
248.0
215.0
225.0
318.0
303.0
275.0
257.0
242.0
252.0
253.0
319.0
244.0
290.0
243.0
222.0
253.0
261.0
321.0
213.0
259.0
247.0
245.0
242.0
220.0
209.0
246.0
237.0
246.0
254.0
270.0
254.0
267.0
287.0
228.0
271.0
211.0
285.0
261.0
257.0
246.0
257.0
242.0
255.0
218.0
242.0
244.0
259.0
246.0
256.0
219.0
273.0
288.0
235.0
244.0
234.0
260.0
254.0
234.0
253.0
226.0
293.0
199.0
254.0
235.0
267.0
275.0
227.0
266.0
336.0
343.0
277.0
239.0
303.0
268.0
259.0
255.0
295.0
280.0
342.0
267.0
250.0
272.0
213.0
254.0
230.0
243.0
251.0
257.0
243.0
279.0
240.0
243.0
224.0
298.0
253.0
336.0
260.0
248.0
257.0
229.0
243.0
266.0
338.0
273.0
248.0
266.0
256.0
251.0
382.0
254.0
277.0
240.0
209.0
240.0
245.0
265.0
277.0
300.0
253.0
226.0
204.0
222.0
261.0
272.0
277.0
259.0
265.0
243.0
241.0
274.0
238.0
276.0
255.0
268.0
273.0
290.0
315.0
253.0
291.0
250.0
288.0
234.0
279.0
230.0
235.0
250.0
241.0
236.0
244.0
251.0
237.0
246.0
231.0
254.0
256.0
