144.0
158.0
157.0
138.0
152.0
203.0
145.0
136.0
137.0
140.0
159.0
129.0
181.0
164.0
149.0
149.0
140.0
149.0
124.0
155.0
160.0
142.0
134.0
164.0
150.0
143.0
124.0
133.0
176.0
168.0
126.0
141.0
159.0
145.0
164.0
160.0
156.0
163.0
167.0
169.0
148.0
152.0
154.0
152.0
156.0
207.0
156.0
149.0
147.0
160.0
151.0
148.0
147.0
166.0
165.0
150.0
147.0
121.0
155.0
163.0
150.0
143.0
145.0
153.0
187.0
163.0
136.0
125.0
134.0
134.0
134.0
146.0
148.0
167.0
142.0
165.0
163.0
141.0
153.0
163.0
161.0
151.0
134.0
140.0
142.0
134.0
163.0
144.0
145.0
150.0
178.0
145.0
141.0
149.0
154.0
153.0
162.0
147.0
153.0
158.0
143.0
159.0
169.0
135.0
157.0
140.0
145.0
135.0
166.0
139.0
137.0
154.0
143.0
146.0
240.0
147.0
193.0
138.0
145.0
137.0
167.0
232.0
156.0
159.0
152.0
154.0
150.0
173.0
139.0
129.0
158.0
145.0
151.0
156.0
148.0
140.0
141.0
154.0
151.0
142.0
180.0
147.0
148.0
142.0
140.0
152.0
154.0
178.0
144.0
172.0
139.0
168.0
146.0
162.0
191.0
133.0
156.0
147.0
139.0
146.0
143.0
138.0
154.0
158.0
179.0
162.0
142.0
159.0
167.0
175.0
145.0
134.0
151.0
150.0
152.0
142.0
169.0
147.0
169.0
141.0
146.0
134.0
144.0
156.0
188.0
159.0
169.0
144.0
140.0
143.0
140.0
144.0
147.0
260.0
157.0
160.0
133.0
161.0
138.0
152.0
