263.0
255.0
233.0
343.0
263.0
233.0
300.0
295.0
343.0
299.0
264.0
264.0
260.0
333.0
254.0
256.0
266.0
262.0
269.0
291.0
234.0
237.0
275.0
256.0
321.0
210.0
264.0
249.0
300.0
254.0
260.0
239.0
265.0
299.0
329.0
298.0
253.0
276.0
270.0
303.0
326.0
225.0
269.0
297.0
335.0
275.0
263.0
275.0
231.0
260.0
259.0
241.0
309.0
260.0
308.0
309.0
284.0
280.0
262.0
236.0
297.0
253.0
245.0
274.0
265.0
287.0
304.0
284.0
270.0
284.0
265.0
256.0
303.0
227.0
230.0
268.0
257.0
250.0
266.0
269.0
271.0
250.0
311.0
240.0
283.0
240.0
214.0
232.0
235.0
256.0
306.0
273.0
243.0
249.0
271.0
248.0
274.0
256.0
252.0
252.0
268.0
295.0
248.0
308.0
250.0
249.0
252.0
253.0
236.0
249.0
286.0
257.0
231.0
270.0
272.0
272.0
266.0
303.0
329.0
340.0
251.0
262.0
276.0
219.0
242.0
256.0
249.0
232.0
278.0
329.0
258.0
246.0
235.0
302.0
264.0
237.0
283.0
252.0
313.0
281.0
235.0
282.0
300.0
265.0
289.0
245.0
272.0
240.0
281.0
224.0
273.0
323.0
237.0
281.0
247.0
231.0
241.0
264.0
281.0
270.0
309.0
279.0
275.0
237.0
280.0
250.0
256.0
228.0
246.0
274.0
302.0
271.0
260.0
255.0
341.0
326.0
269.0
301.0
271.0
262.0
310.0
234.0
274.0
300.0
263.0
249.0
261.0
250.0
290.0
266.0
307.0
259.0
239.0
230.0
303.0
242.0
229.0
297.0
244.0
270.0
