675.0
711.0
783.0
700.0
759.0
823.0
935.0
736.0
777.0
711.0
800.0
787.0
788.0
920.0
855.0
795.0
735.0
794.0
971.0
784.0
714.0
740.0
854.0
881.0
771.0
791.0
839.0
741.0
711.0
779.0
740.0
706.0
718.0
855.0
773.0
771.0
989.0
947.0
776.0
850.0
804.0
738.0
718.0
781.0
745.0
711.0
808.0
849.0
808.0
827.0
790.0
799.0
780.0
907.0
943.0
805.0
979.0
831.0
869.0
1092.0
766.0
763.0
757.0
886.0
877.0
924.0
900.0
750.0
857.0
933.0
929.0
1072.0
727.0
825.0
723.0
685.0
868.0
813.0
870.0
706.0
826.0
856.0
865.0
758.0
767.0
830.0
801.0
796.0
857.0
803.0
787.0
883.0
745.0
889.0
703.0
831.0
891.0
760.0
787.0
831.0
778.0
804.0
797.0
926.0
678.0
740.0
766.0
799.0
682.0
784.0
782.0
773.0
837.0
849.0
815.0
786.0
782.0
699.0
751.0
804.0
880.0
871.0
739.0
824.0
774.0
736.0
868.0
857.0
779.0
785.0
682.0
813.0
798.0
703.0
689.0
826.0
862.0
703.0
764.0
688.0
899.0
833.0
810.0
769.0
794.0
857.0
724.0
775.0
731.0
734.0
938.0
840.0
721.0
789.0
667.0
871.0
910.0
820.0
777.0
885.0
721.0
795.0
873.0
868.0
844.0
859.0
781.0
952.0
903.0
824.0
691.0
786.0
813.0
845.0
745.0
727.0
803.0
786.0
761.0
716.0
778.0
825.0
769.0
838.0
772.0
759.0
879.0
820.0
734.0
732.0
753.0
957.0
966.0
732.0
797.0
843.0
869.0
924.0
712.0
683.0
