128.0
138.0
145.0
129.0
151.0
137.0
148.0
142.0
161.0
138.0
162.0
135.0
173.0
146.0
173.0
137.0
134.0
151.0
164.0
148.0
140.0
156.0
145.0
266.0
161.0
146.0
162.0
150.0
139.0
147.0
139.0
148.0
133.0
130.0
174.0
152.0
126.0
156.0
174.0
150.0
161.0
144.0
140.0
169.0
149.0
129.0
143.0
168.0
145.0
154.0
140.0
154.0
167.0
152.0
149.0
167.0
210.0
142.0
146.0
136.0
138.0
127.0
133.0
139.0
134.0
264.0
144.0
147.0
136.0
140.0
127.0
170.0
151.0
131.0
138.0
137.0
142.0
152.0
132.0
144.0
156.0
132.0
153.0
157.0
135.0
133.0
143.0
134.0
156.0
140.0
189.0
151.0
166.0
137.0
138.0
153.0
131.0
149.0
184.0
134.0
152.0
181.0
158.0
175.0
150.0
132.0
151.0
136.0
149.0
152.0
139.0
152.0
165.0
271.0
151.0
148.0
145.0
148.0
141.0
135.0
138.0
206.0
183.0
160.0
150.0
201.0
155.0
148.0
145.0
216.0
165.0
156.0
134.0
164.0
142.0
137.0
134.0
138.0
149.0
132.0
155.0
134.0
129.0
149.0
125.0
141.0
163.0
193.0
160.0
165.0
145.0
166.0
123.0
188.0
154.0
142.0
144.0
140.0
142.0
145.0
157.0
182.0
185.0
176.0
146.0
137.0
137.0
146.0
150.0
163.0
152.0
155.0
149.0
129.0
151.0
129.0
139.0
128.0
168.0
149.0
167.0
146.0
123.0
148.0
141.0
184.0
153.0
170.0
154.0
174.0
178.0
129.0
175.0
154.0
171.0
164.0
144.0
141.0
145.0
146.0
