147.0
146.0
129.0
145.0
173.0
134.0
151.0
142.0
151.0
133.0
147.0
152.0
127.0
138.0
122.0
142.0
128.0
175.0
145.0
153.0
137.0
158.0
162.0
129.0
143.0
157.0
150.0
134.0
173.0
164.0
145.0
147.0
156.0
144.0
135.0
150.0
155.0
144.0
180.0
171.0
141.0
151.0
149.0
123.0
142.0
163.0
123.0
134.0
132.0
148.0
151.0
125.0
131.0
148.0
173.0
144.0
160.0
155.0
142.0
138.0
165.0
154.0
161.0
151.0
123.0
132.0
144.0
155.0
133.0
129.0
133.0
160.0
132.0
133.0
124.0
148.0
151.0
179.0
144.0
154.0
152.0
173.0
219.0
160.0
120.0
149.0
124.0
149.0
163.0
151.0
161.0
124.0
148.0
142.0
149.0
140.0
135.0
153.0
140.0
153.0
138.0
151.0
207.0
132.0
137.0
138.0
167.0
143.0
144.0
164.0
160.0
148.0
162.0
146.0
148.0
173.0
166.0
148.0
145.0
153.0
137.0
132.0
145.0
152.0
131.0
145.0
145.0
130.0
136.0
156.0
140.0
141.0
140.0
139.0
150.0
151.0
164.0
148.0
136.0
163.0
143.0
150.0
134.0
155.0
135.0
148.0
147.0
182.0
129.0
129.0
168.0
144.0
153.0
148.0
139.0
131.0
138.0
156.0
140.0
152.0
168.0
142.0
137.0
191.0
151.0
154.0
148.0
153.0
146.0
137.0
130.0
165.0
134.0
153.0
165.0
191.0
224.0
151.0
140.0
126.0
183.0
133.0
191.0
144.0
132.0
137.0
129.0
193.0
179.0
141.0
135.0
135.0
132.0
161.0
159.0
145.0
173.0
136.0
180.0
149.0
