226.0
240.0
239.0
311.0
312.0
274.0
241.0
229.0
257.0
262.0
247.0
237.0
374.0
259.0
229.0
255.0
234.0
227.0
211.0
317.0
221.0
284.0
258.0
229.0
267.0
289.0
254.0
303.0
258.0
266.0
245.0
251.0
261.0
256.0
300.0
238.0
268.0
244.0
232.0
250.0
281.0
318.0
243.0
212.0
277.0
264.0
250.0
267.0
228.0
231.0
225.0
254.0
270.0
254.0
297.0
228.0
244.0
296.0
272.0
254.0
234.0
244.0
262.0
240.0
242.0
231.0
238.0
280.0
234.0
290.0
242.0
309.0
268.0
298.0
307.0
275.0
253.0
261.0
261.0
231.0
299.0
220.0
270.0
246.0
274.0
247.0
296.0
265.0
261.0
263.0
229.0
259.0
280.0
272.0
242.0
265.0
254.0
262.0
264.0
254.0
290.0
295.0
243.0
243.0
248.0
267.0
297.0
228.0
245.0
230.0
290.0
276.0
285.0
243.0
221.0
241.0
291.0
234.0
262.0
260.0
215.0
252.0
231.0
251.0
229.0
241.0
251.0
287.0
296.0
234.0
276.0
263.0
235.0
267.0
243.0
279.0
276.0
252.0
242.0
277.0
285.0
249.0
300.0
267.0
248.0
263.0
252.0
236.0
284.0
247.0
268.0
329.0
335.0
227.0
269.0
291.0
261.0
230.0
227.0
266.0
260.0
264.0
243.0
258.0
211.0
231.0
231.0
283.0
228.0
243.0
252.0
240.0
271.0
265.0
266.0
256.0
261.0
226.0
254.0
276.0
245.0
255.0
259.0
262.0
287.0
261.0
234.0
283.0
296.0
239.0
274.0
262.0
247.0
267.0
283.0
213.0
307.0
247.0
227.0
302.0
