226.0
246.0
205.0
233.0
235.0
270.0
267.0
303.0
296.0
263.0
286.0
239.0
291.0
275.0
279.0
264.0
221.0
276.0
241.0
233.0
243.0
261.0
236.0
236.0
310.0
228.0
250.0
250.0
262.0
226.0
337.0
264.0
254.0
250.0
265.0
239.0
300.0
238.0
211.0
256.0
333.0
231.0
262.0
274.0
240.0
241.0
259.0
257.0
279.0
263.0
227.0
240.0
226.0
253.0
282.0
269.0
229.0
292.0
260.0
250.0
277.0
229.0
238.0
239.0
229.0
243.0
255.0
250.0
240.0
240.0
237.0
274.0
269.0
284.0
306.0
245.0
231.0
274.0
291.0
258.0
243.0
258.0
301.0
242.0
259.0
288.0
297.0
288.0
244.0
236.0
249.0
234.0
235.0
267.0
233.0
263.0
252.0
222.0
253.0
290.0
241.0
243.0
252.0
270.0
235.0
282.0
261.0
250.0
221.0
251.0
227.0
258.0
293.0
272.0
267.0
270.0
260.0
312.0
224.0
255.0
225.0
275.0
296.0
261.0
225.0
206.0
281.0
258.0
288.0
278.0
270.0
272.0
245.0
289.0
277.0
273.0
269.0
247.0
276.0
259.0
218.0
218.0
246.0
208.0
240.0
260.0
285.0
233.0
315.0
245.0
231.0
243.0
355.0
265.0
240.0
258.0
240.0
267.0
283.0
314.0
244.0
262.0
339.0
251.0
261.0
213.0
274.0
253.0
232.0
253.0
256.0
229.0
249.0
275.0
248.0
247.0
247.0
266.0
241.0
242.0
248.0
297.0
241.0
245.0
282.0
258.0
259.0
241.0
298.0
227.0
270.0
264.0
274.0
268.0
280.0
259.0
261.0
275.0
243.0
245.0
