166.0
145.0
150.0
137.0
164.0
145.0
206.0
179.0
174.0
186.0
190.0
168.0
178.0
244.0
188.0
180.0
171.0
214.0
131.0
188.0
157.0
203.0
167.0
184.0
166.0
157.0
184.0
176.0
175.0
161.0
191.0
143.0
180.0
319.0
152.0
152.0
209.0
151.0
160.0
181.0
138.0
240.0
140.0
159.0
150.0
183.0
195.0
186.0
176.0
145.0
145.0
129.0
191.0
196.0
156.0
233.0
156.0
140.0
137.0
150.0
152.0
137.0
183.0
178.0
246.0
157.0
183.0
199.0
218.0
142.0
145.0
181.0
187.0
140.0
153.0
157.0
144.0
144.0
158.0
220.0
157.0
269.0
191.0
172.0
172.0
167.0
247.0
201.0
163.0
163.0
140.0
182.0
146.0
152.0
132.0
145.0
179.0
163.0
207.0
186.0
199.0
234.0
160.0
145.0
229.0
186.0
223.0
170.0
243.0
206.0
164.0
203.0
146.0
208.0
193.0
178.0
164.0
169.0
167.0
146.0
190.0
158.0
173.0
153.0
170.0
169.0
171.0
203.0
154.0
203.0
209.0
148.0
154.0
173.0
148.0
177.0
147.0
171.0
175.0
147.0
199.0
183.0
180.0
168.0
145.0
160.0
194.0
153.0
143.0
162.0
176.0
170.0
141.0
174.0
163.0
144.0
180.0
183.0
140.0
189.0
187.0
144.0
144.0
149.0
192.0
131.0
227.0
143.0
166.0
182.0
165.0
150.0
187.0
233.0
164.0
238.0
177.0
195.0
190.0
163.0
160.0
166.0
194.0
194.0
177.0
193.0
178.0
158.0
193.0
281.0
150.0
153.0
158.0
133.0
163.0
173.0
155.0
211.0
250.0
235.0
