165.0
155.0
148.0
180.0
183.0
189.0
147.0
151.0
138.0
201.0
140.0
173.0
165.0
154.0
167.0
153.0
174.0
137.0
140.0
238.0
217.0
179.0
204.0
125.0
197.0
156.0
175.0
173.0
296.0
158.0
186.0
166.0
153.0
154.0
170.0
156.0
206.0
167.0
152.0
216.0
139.0
155.0
133.0
288.0
137.0
136.0
135.0
153.0
135.0
160.0
146.0
169.0
149.0
175.0
143.0
217.0
158.0
150.0
155.0
145.0
177.0
160.0
144.0
152.0
187.0
190.0
159.0
145.0
145.0
229.0
154.0
179.0
152.0
161.0
147.0
161.0
235.0
154.0
157.0
257.0
203.0
217.0
177.0
133.0
150.0
145.0
149.0
172.0
163.0
171.0
156.0
134.0
165.0
155.0
154.0
161.0
223.0
167.0
178.0
168.0
263.0
157.0
133.0
139.0
140.0
162.0
158.0
162.0
211.0
214.0
179.0
158.0
168.0
157.0
148.0
151.0
145.0
152.0
148.0
160.0
166.0
178.0
344.0
179.0
154.0
177.0
175.0
156.0
156.0
154.0
169.0
160.0
136.0
182.0
174.0
137.0
175.0
156.0
152.0
163.0
132.0
169.0
154.0
191.0
155.0
193.0
146.0
154.0
157.0
163.0
178.0
142.0
154.0
218.0
159.0
183.0
159.0
190.0
175.0
134.0
171.0
156.0
148.0
181.0
145.0
171.0
148.0
207.0
137.0
176.0
164.0
183.0
140.0
144.0
151.0
179.0
192.0
134.0
193.0
148.0
170.0
145.0
191.0
161.0
148.0
151.0
136.0
148.0
135.0
177.0
154.0
160.0
194.0
171.0
166.0
170.0
200.0
164.0
136.0
203.0
