245.0
202.0
221.0
276.0
204.0
217.0
173.0
198.0
201.0
155.0
220.0
231.0
242.0
170.0
163.0
194.0
244.0
200.0
178.0
162.0
178.0
257.0
238.0
215.0
182.0
201.0
206.0
239.0
196.0
136.0
207.0
151.0
178.0
190.0
186.0
160.0
177.0
210.0
166.0
177.0
253.0
237.0
219.0
167.0
161.0
180.0
149.0
216.0
209.0
250.0
327.0
344.0
263.0
207.0
151.0
179.0
170.0
174.0
166.0
227.0
251.0
187.0
172.0
174.0
207.0
268.0
272.0
195.0
190.0
251.0
205.0
203.0
199.0
178.0
176.0
160.0
153.0
210.0
174.0
171.0
200.0
173.0
186.0
216.0
222.0
236.0
236.0
224.0
192.0
213.0
287.0
223.0
168.0
209.0
208.0
176.0
166.0
262.0
238.0
210.0
183.0
190.0
171.0
170.0
156.0
199.0
182.0
174.0
196.0
217.0
170.0
186.0
198.0
292.0
278.0
231.0
179.0
229.0
177.0
188.0
223.0
276.0
189.0
257.0
187.0
211.0
207.0
180.0
174.0
205.0
173.0
199.0
188.0
195.0
177.0
247.0
157.0
171.0
149.0
178.0
182.0
199.0
158.0
163.0
253.0
261.0
285.0
243.0
206.0
202.0
187.0
200.0
176.0
196.0
187.0
231.0
248.0
234.0
318.0
238.0
179.0
169.0
257.0
207.0
222.0
207.0
200.0
181.0
201.0
191.0
153.0
343.0
286.0
224.0
274.0
214.0
188.0
157.0
159.0
206.0
196.0
160.0
171.0
178.0
209.0
151.0
187.0
173.0
163.0
156.0
148.0
196.0
204.0
209.0
176.0
185.0
179.0
245.0
199.0
152.0
