247.0
236.0
243.0
298.0
229.0
262.0
260.0
255.0
250.0
252.0
304.0
253.0
278.0
252.0
254.0
282.0
245.0
266.0
286.0
300.0
237.0
275.0
271.0
244.0
329.0
313.0
312.0
282.0
292.0
231.0
256.0
259.0
234.0
238.0
253.0
244.0
309.0
228.0
299.0
263.0
235.0
251.0
280.0
272.0
325.0
257.0
358.0
282.0
247.0
301.0
341.0
332.0
232.0
317.0
225.0
262.0
288.0
225.0
256.0
329.0
270.0
253.0
280.0
268.0
244.0
254.0
268.0
374.0
257.0
298.0
262.0
317.0
269.0
305.0
251.0
260.0
275.0
234.0
240.0
300.0
307.0
236.0
241.0
260.0
245.0
258.0
258.0
304.0
268.0
236.0
297.0
222.0
275.0
262.0
251.0
302.0
293.0
239.0
317.0
247.0
332.0
273.0
247.0
287.0
316.0
295.0
273.0
272.0
222.0
273.0
282.0
233.0
298.0
275.0
245.0
260.0
221.0
285.0
245.0
284.0
254.0
237.0
255.0
319.0
277.0
273.0
290.0
271.0
263.0
261.0
289.0
252.0
254.0
234.0
230.0
254.0
255.0
256.0
335.0
244.0
297.0
228.0
264.0
242.0
322.0
254.0
262.0
229.0
283.0
264.0
250.0
283.0
273.0
298.0
300.0
305.0
312.0
306.0
252.0
274.0
305.0
245.0
250.0
272.0
301.0
244.0
311.0
280.0
226.0
255.0
255.0
263.0
275.0
240.0
234.0
221.0
285.0
368.0
271.0
288.0
236.0
257.0
253.0
280.0
265.0
243.0
312.0
254.0
218.0
266.0
260.0
247.0
268.0
276.0
277.0
272.0
315.0
320.0
255.0
258.0
