251.0
304.0
253.0
254.0
222.0
237.0
271.0
287.0
289.0
313.0
256.0
258.0
277.0
245.0
331.0
259.0
279.0
229.0
246.0
275.0
321.0
261.0
294.0
254.0
290.0
310.0
227.0
254.0
302.0
279.0
272.0
241.0
217.0
263.0
241.0
238.0
274.0
244.0
293.0
261.0
302.0
264.0
268.0
217.0
295.0
314.0
304.0
268.0
352.0
317.0
268.0
248.0
232.0
239.0
260.0
247.0
269.0
293.0
229.0
264.0
271.0
313.0
249.0
249.0
253.0
329.0
249.0
308.0
257.0
284.0
273.0
235.0
241.0
256.0
245.0
304.0
287.0
306.0
252.0
306.0
282.0
272.0
253.0
273.0
281.0
274.0
263.0
316.0
256.0
254.0
290.0
248.0
265.0
246.0
283.0
224.0
293.0
249.0
267.0
260.0
261.0
281.0
234.0
275.0
321.0
290.0
317.0
267.0
347.0
239.0
232.0
242.0
236.0
306.0
286.0
291.0
276.0
240.0
240.0
259.0
308.0
269.0
267.0
247.0
269.0
261.0
262.0
233.0
257.0
309.0
245.0
251.0
251.0
273.0
333.0
262.0
272.0
273.0
267.0
247.0
253.0
266.0
235.0
261.0
281.0
260.0
264.0
243.0
310.0
261.0
272.0
271.0
257.0
281.0
226.0
251.0
280.0
237.0
254.0
243.0
263.0
273.0
240.0
230.0
233.0
266.0
301.0
352.0
268.0
258.0
276.0
241.0
242.0
261.0
280.0
298.0
259.0
300.0
284.0
259.0
229.0
316.0
295.0
335.0
259.0
275.0
242.0
233.0
251.0
310.0
261.0
265.0
281.0
267.0
253.0
268.0
292.0
289.0
269.0
258.0
