149.0
157.0
173.0
151.0
137.0
143.0
151.0
164.0
138.0
177.0
162.0
132.0
145.0
211.0
172.0
165.0
151.0
150.0
160.0
141.0
171.0
197.0
141.0
143.0
130.0
160.0
156.0
153.0
149.0
275.0
158.0
135.0
161.0
183.0
191.0
158.0
199.0
161.0
174.0
148.0
142.0
177.0
161.0
197.0
153.0
136.0
149.0
176.0
149.0
138.0
136.0
151.0
155.0
189.0
156.0
146.0
149.0
153.0
188.0
154.0
145.0
163.0
186.0
128.0
195.0
170.0
144.0
215.0
185.0
138.0
157.0
136.0
138.0
139.0
130.0
137.0
161.0
143.0
142.0
150.0
161.0
179.0
142.0
164.0
159.0
152.0
147.0
147.0
144.0
174.0
152.0
143.0
167.0
188.0
140.0
164.0
189.0
161.0
146.0
154.0
182.0
156.0
153.0
155.0
162.0
181.0
187.0
169.0
136.0
197.0
178.0
156.0
160.0
161.0
150.0
143.0
139.0
127.0
173.0
161.0
163.0
160.0
164.0
164.0
159.0
163.0
151.0
159.0
172.0
144.0
140.0
145.0
147.0
176.0
174.0
133.0
145.0
200.0
149.0
128.0
147.0
161.0
158.0
144.0
146.0
157.0
235.0
174.0
153.0
167.0
154.0
212.0
151.0
188.0
159.0
149.0
175.0
161.0
200.0
168.0
151.0
149.0
163.0
146.0
154.0
156.0
148.0
177.0
152.0
138.0
137.0
143.0
145.0
154.0
167.0
155.0
186.0
179.0
157.0
261.0
160.0
137.0
156.0
162.0
200.0
148.0
138.0
175.0
190.0
180.0
144.0
175.0
154.0
317.0
202.0
155.0
159.0
147.0
168.0
157.0
