177.0
326.0
279.0
292.0
275.0
229.0
174.0
191.0
154.0
217.0
169.0
282.0
185.0
176.0
172.0
195.0
202.0
181.0
157.0
189.0
173.0
202.0
269.0
206.0
158.0
195.0
165.0
218.0
251.0
228.0
171.0
215.0
180.0
220.0
170.0
168.0
163.0
173.0
158.0
180.0
300.0
383.0
282.0
274.0
231.0
267.0
208.0
216.0
182.0
176.0
207.0
170.0
199.0
203.0
172.0
184.0
222.0
217.0
229.0
222.0
171.0
226.0
205.0
149.0
220.0
172.0
190.0
201.0
199.0
207.0
257.0
185.0
159.0
184.0
147.0
171.0
207.0
166.0
164.0
189.0
169.0
163.0
177.0
201.0
137.0
192.0
154.0
199.0
168.0
243.0
164.0
281.0
271.0
220.0
185.0
276.0
179.0
163.0
159.0
159.0
216.0
162.0
315.0
240.0
277.0
264.0
262.0
264.0
174.0
147.0
168.0
149.0
256.0
162.0
274.0
192.0
146.0
176.0
189.0
229.0
229.0
188.0
165.0
179.0
226.0
188.0
223.0
185.0
233.0
153.0
169.0
205.0
185.0
158.0
159.0
197.0
196.0
245.0
227.0
185.0
148.0
182.0
210.0
203.0
181.0
178.0
157.0
427.0
401.0
417.0
338.0
283.0
189.0
233.0
166.0
206.0
221.0
221.0
227.0
219.0
182.0
186.0
165.0
196.0
178.0
177.0
199.0
208.0
161.0
165.0
267.0
353.0
343.0
249.0
174.0
163.0
189.0
199.0
241.0
201.0
175.0
194.0
180.0
184.0
186.0
176.0
216.0
161.0
155.0
193.0
225.0
152.0
163.0
154.0
192.0
161.0
162.0
208.0
200.0
160.0
