262.0
366.0
290.0
224.0
252.0
283.0
302.0
237.0
263.0
197.0
211.0
232.0
272.0
233.0
370.0
214.0
247.0
261.0
237.0
257.0
252.0
258.0
220.0
223.0
237.0
259.0
254.0
273.0
271.0
337.0
258.0
235.0
253.0
236.0
304.0
262.0
271.0
281.0
248.0
241.0
240.0
239.0
291.0
344.0
247.0
272.0
255.0
264.0
265.0
270.0
224.0
267.0
251.0
243.0
265.0
314.0
255.0
242.0
244.0
244.0
225.0
262.0
358.0
283.0
226.0
235.0
251.0
244.0
247.0
214.0
276.0
252.0
234.0
273.0
242.0
226.0
283.0
249.0
235.0
262.0
235.0
252.0
252.0
260.0
242.0
246.0
278.0
264.0
245.0
241.0
283.0
259.0
243.0
288.0
278.0
262.0
262.0
254.0
262.0
244.0
245.0
312.0
257.0
308.0
258.0
274.0
278.0
310.0
236.0
301.0
234.0
239.0
277.0
260.0
234.0
277.0
233.0
277.0
290.0
314.0
260.0
292.0
260.0
215.0
258.0
236.0
259.0
317.0
246.0
228.0
242.0
264.0
226.0
251.0
231.0
276.0
250.0
261.0
291.0
248.0
267.0
251.0
311.0
240.0
251.0
246.0
279.0
242.0
293.0
286.0
265.0
290.0
265.0
232.0
261.0
282.0
277.0
359.0
238.0
240.0
254.0
282.0
293.0
270.0
235.0
256.0
285.0
237.0
272.0
241.0
311.0
272.0
225.0
248.0
285.0
210.0
268.0
246.0
292.0
251.0
245.0
250.0
229.0
248.0
274.0
243.0
251.0
307.0
261.0
245.0
306.0
249.0
248.0
257.0
240.0
299.0
258.0
311.0
263.0
288.0
