250.0
227.0
263.0
289.0
235.0
265.0
233.0
217.0
276.0
262.0
273.0
290.0
230.0
271.0
222.0
276.0
252.0
221.0
303.0
277.0
275.0
218.0
254.0
242.0
220.0
236.0
256.0
294.0
259.0
246.0
288.0
256.0
261.0
258.0
242.0
255.0
334.0
279.0
309.0
223.0
224.0
232.0
286.0
251.0
275.0
254.0
222.0
239.0
251.0
302.0
273.0
243.0
261.0
283.0
267.0
253.0
204.0
316.0
298.0
283.0
252.0
292.0
242.0
227.0
253.0
288.0
254.0
236.0
254.0
278.0
262.0
240.0
275.0
251.0
229.0
300.0
237.0
288.0
248.0
258.0
291.0
265.0
245.0
262.0
263.0
300.0
277.0
256.0
251.0
231.0
241.0
263.0
267.0
258.0
225.0
291.0
301.0
303.0
243.0
269.0
279.0
220.0
256.0
259.0
220.0
272.0
287.0
261.0
243.0
279.0
205.0
221.0
246.0
293.0
264.0
257.0
256.0
228.0
243.0
279.0
234.0
256.0
257.0
252.0
237.0
269.0
264.0
232.0
264.0
262.0
241.0
251.0
213.0
269.0
251.0
308.0
244.0
262.0
256.0
270.0
242.0
234.0
258.0
330.0
297.0
246.0
204.0
270.0
285.0
241.0
246.0
261.0
267.0
218.0
221.0
258.0
278.0
225.0
277.0
252.0
208.0
244.0
260.0
315.0
219.0
239.0
291.0
243.0
258.0
248.0
246.0
299.0
243.0
242.0
253.0
216.0
243.0
283.0
240.0
245.0
267.0
310.0
267.0
248.0
247.0
231.0
236.0
267.0
202.0
239.0
225.0
242.0
250.0
259.0
250.0
265.0
316.0
269.0
237.0
259.0
