297.0
252.0
258.0
246.0
277.0
258.0
260.0
254.0
302.0
343.0
302.0
262.0
269.0
258.0
260.0
272.0
275.0
251.0
269.0
236.0
242.0
233.0
248.0
285.0
291.0
237.0
268.0
265.0
226.0
258.0
239.0
282.0
270.0
260.0
288.0
247.0
261.0
251.0
229.0
313.0
326.0
262.0
224.0
230.0
287.0
255.0
289.0
237.0
258.0
268.0
272.0
257.0
244.0
243.0
240.0
240.0
229.0
243.0
264.0
267.0
249.0
241.0
286.0
267.0
295.0
258.0
281.0
267.0
265.0
245.0
271.0
233.0
255.0
271.0
232.0
261.0
256.0
273.0
251.0
258.0
240.0
269.0
275.0
230.0
273.0
287.0
270.0
273.0
233.0
257.0
245.0
278.0
270.0
256.0
315.0
267.0
217.0
286.0
253.0
233.0
252.0
276.0
254.0
240.0
241.0
292.0
251.0
233.0
232.0
296.0
209.0
290.0
297.0
303.0
278.0
275.0
268.0
254.0
278.0
248.0
230.0
277.0
308.0
232.0
215.0
261.0
276.0
309.0
251.0
307.0
296.0
282.0
255.0
228.0
269.0
243.0
285.0
240.0
284.0
298.0
258.0
332.0
303.0
229.0
320.0
264.0
295.0
284.0
238.0
244.0
264.0
268.0
252.0
230.0
270.0
332.0
244.0
242.0
249.0
286.0
261.0
267.0
264.0
235.0
326.0
295.0
228.0
296.0
262.0
296.0
269.0
248.0
278.0
288.0
257.0
253.0
288.0
220.0
274.0
273.0
250.0
225.0
245.0
254.0
318.0
266.0
268.0
265.0
248.0
248.0
286.0
271.0
247.0
276.0
293.0
216.0
224.0
275.0
271.0
234.0
