236.0
290.0
236.0
248.0
250.0
283.0
249.0
259.0
256.0
265.0
256.0
285.0
253.0
269.0
284.0
267.0
275.0
234.0
231.0
242.0
222.0
230.0
267.0
230.0
267.0
227.0
287.0
256.0
229.0
224.0
257.0
245.0
247.0
287.0
247.0
238.0
263.0
275.0
241.0
307.0
270.0
252.0
259.0
234.0
236.0
242.0
279.0
252.0
209.0
235.0
281.0
235.0
252.0
264.0
273.0
291.0
252.0
268.0
263.0
244.0
215.0
257.0
258.0
261.0
215.0
226.0
234.0
261.0
239.0
262.0
294.0
270.0
269.0
251.0
218.0
264.0
232.0
260.0
228.0
285.0
249.0
296.0
284.0
257.0
228.0
252.0
281.0
236.0
238.0
300.0
226.0
258.0
231.0
217.0
259.0
240.0
267.0
255.0
232.0
239.0
275.0
255.0
244.0
244.0
289.0
285.0
208.0
264.0
286.0
287.0
237.0
322.0
221.0
257.0
252.0
277.0
236.0
208.0
271.0
222.0
211.0
267.0
246.0
240.0
278.0
248.0
262.0
248.0
259.0
265.0
248.0
301.0
220.0
246.0
256.0
269.0
306.0
228.0
255.0
274.0
257.0
263.0
299.0
273.0
265.0
269.0
257.0
235.0
242.0
231.0
293.0
276.0
240.0
252.0
254.0
250.0
233.0
276.0
249.0
259.0
261.0
242.0
283.0
264.0
253.0
258.0
310.0
290.0
243.0
238.0
253.0
230.0
257.0
264.0
324.0
234.0
267.0
241.0
255.0
264.0
258.0
243.0
224.0
283.0
296.0
310.0
236.0
200.0
249.0
258.0
273.0
244.0
278.0
230.0
242.0
277.0
267.0
244.0
243.0
256.0
