272.0
251.0
294.0
279.0
222.0
221.0
262.0
234.0
250.0
235.0
237.0
283.0
300.0
252.0
255.0
259.0
286.0
263.0
230.0
253.0
282.0
250.0
250.0
267.0
261.0
249.0
264.0
263.0
256.0
253.0
307.0
244.0
254.0
235.0
267.0
262.0
240.0
247.0
267.0
296.0
235.0
254.0
247.0
224.0
229.0
252.0
267.0
252.0
232.0
273.0
226.0
256.0
254.0
242.0
220.0
282.0
225.0
257.0
243.0
254.0
272.0
285.0
267.0
276.0
236.0
238.0
271.0
237.0
265.0
276.0
241.0
249.0
243.0
291.0
233.0
250.0
256.0
261.0
236.0
241.0
256.0
241.0
264.0
245.0
224.0
280.0
246.0
236.0
269.0
258.0
263.0
227.0
288.0
261.0
265.0
342.0
266.0
261.0
266.0
262.0
294.0
244.0
300.0
216.0
259.0
259.0
269.0
250.0
338.0
218.0
236.0
225.0
233.0
240.0
246.0
242.0
239.0
225.0
262.0
225.0
293.0
311.0
274.0
269.0
284.0
267.0
218.0
286.0
250.0
235.0
271.0
233.0
286.0
265.0
264.0
247.0
217.0
283.0
230.0
227.0
251.0
231.0
315.0
237.0
276.0
300.0
235.0
243.0
286.0
277.0
232.0
231.0
260.0
206.0
252.0
235.0
234.0
317.0
241.0
228.0
277.0
247.0
265.0
243.0
212.0
197.0
337.0
290.0
221.0
274.0
269.0
252.0
215.0
293.0
241.0
294.0
289.0
230.0
229.0
278.0
214.0
243.0
260.0
290.0
273.0
247.0
268.0
261.0
272.0
245.0
256.0
237.0
241.0
235.0
222.0
275.0
279.0
251.0
375.0
255.0
