273.0
326.0
280.0
232.0
285.0
266.0
265.0
249.0
267.0
269.0
252.0
275.0
260.0
284.0
295.0
281.0
278.0
312.0
249.0
268.0
244.0
302.0
230.0
252.0
326.0
313.0
300.0
267.0
321.0
329.0
317.0
289.0
323.0
260.0
236.0
287.0
270.0
270.0
273.0
333.0
268.0
260.0
263.0
264.0
298.0
292.0
276.0
255.0
283.0
252.0
265.0
327.0
259.0
259.0
366.0
294.0
247.0
305.0
247.0
256.0
280.0
283.0
287.0
291.0
276.0
269.0
319.0
298.0
287.0
285.0
262.0
256.0
282.0
326.0
253.0
277.0
277.0
260.0
314.0
265.0
233.0
250.0
273.0
255.0
290.0
253.0
296.0
230.0
285.0
267.0
275.0
332.0
321.0
245.0
230.0
230.0
259.0
258.0
379.0
341.0
324.0
256.0
254.0
238.0
276.0
298.0
281.0
297.0
261.0
306.0
279.0
280.0
340.0
266.0
253.0
266.0
314.0
276.0
317.0
280.0
267.0
252.0
247.0
264.0
255.0
335.0
246.0
266.0
278.0
248.0
275.0
284.0
276.0
260.0
294.0
265.0
295.0
305.0
230.0
280.0
375.0
283.0
296.0
272.0
256.0
265.0
273.0
253.0
260.0
296.0
267.0
276.0
241.0
270.0
356.0
304.0
269.0
377.0
303.0
252.0
294.0
258.0
298.0
287.0
253.0
259.0
305.0
278.0
274.0
278.0
282.0
274.0
253.0
262.0
265.0
330.0
261.0
328.0
256.0
274.0
280.0
269.0
243.0
238.0
274.0
246.0
283.0
295.0
283.0
252.0
281.0
255.0
313.0
250.0
267.0
260.0
233.0
258.0
255.0
364.0
