278.0
243.0
264.0
264.0
263.0
283.0
261.0
238.0
239.0
227.0
254.0
338.0
263.0
263.0
273.0
226.0
284.0
308.0
268.0
242.0
231.0
254.0
259.0
290.0
285.0
265.0
253.0
252.0
305.0
273.0
259.0
294.0
271.0
288.0
273.0
278.0
247.0
294.0
239.0
267.0
294.0
260.0
255.0
299.0
239.0
284.0
259.0
294.0
260.0
292.0
264.0
257.0
334.0
366.0
252.0
247.0
227.0
279.0
240.0
276.0
247.0
235.0
243.0
280.0
282.0
330.0
286.0
273.0
238.0
320.0
293.0
256.0
251.0
280.0
248.0
298.0
243.0
240.0
309.0
307.0
281.0
282.0
290.0
265.0
251.0
268.0
236.0
258.0
270.0
283.0
243.0
248.0
259.0
251.0
222.0
221.0
264.0
309.0
261.0
309.0
353.0
268.0
253.0
230.0
284.0
292.0
247.0
302.0
272.0
251.0
293.0
297.0
280.0
255.0
310.0
269.0
274.0
266.0
281.0
235.0
252.0
230.0
272.0
236.0
252.0
265.0
283.0
252.0
272.0
275.0
273.0
254.0
260.0
262.0
264.0
267.0
262.0
246.0
260.0
300.0
293.0
254.0
281.0
264.0
261.0
280.0
348.0
295.0
249.0
287.0
244.0
238.0
228.0
250.0
324.0
305.0
217.0
288.0
236.0
324.0
301.0
226.0
266.0
253.0
258.0
264.0
260.0
323.0
261.0
247.0
363.0
294.0
253.0
268.0
279.0
232.0
247.0
239.0
297.0
254.0
271.0
314.0
248.0
314.0
231.0
268.0
257.0
285.0
277.0
261.0
271.0
263.0
271.0
258.0
264.0
238.0
316.0
356.0
242.0
239.0
