252.0
260.0
176.0
192.0
205.0
233.0
260.0
245.0
362.0
290.0
267.0
218.0
219.0
184.0
212.0
235.0
473.0
440.0
380.0
369.0
270.0
225.0
230.0
221.0
367.0
365.0
433.0
357.0
292.0
406.0
374.0
381.0
287.0
299.0
298.0
264.0
236.0
205.0
173.0
214.0
211.0
243.0
247.0
246.0
239.0
261.0
212.0
314.0
273.0
254.0
222.0
223.0
183.0
197.0
158.0
152.0
182.0
214.0
192.0
193.0
189.0
169.0
274.0
359.0
380.0
346.0
466.0
644.0
668.0
612.0
589.0
595.0
541.0
707.0
752.0
654.0
508.0
457.0
398.0
396.0
285.0
240.0
243.0
219.0
189.0
222.0
416.0
623.0
569.0
613.0
477.0
460.0
424.0
378.0
318.0
280.0
217.0
212.0
399.0
306.0
367.0
285.0
264.0
193.0
210.0
197.0
162.0
191.0
252.0
221.0
229.0
246.0
235.0
199.0
173.0
184.0
190.0
203.0
229.0
285.0
239.0
233.0
270.0
223.0
176.0
194.0
261.0
202.0
202.0
368.0
341.0
301.0
263.0
214.0
289.0
295.0
272.0
258.0
242.0
439.0
456.0
477.0
422.0
301.0
337.0
301.0
371.0
282.0
240.0
233.0
179.0
209.0
224.0
208.0
208.0
289.0
191.0
259.0
206.0
198.0
245.0
255.0
252.0
327.0
282.0
295.0
198.0
178.0
180.0
187.0
172.0
244.0
317.0
259.0
181.0
318.0
334.0
341.0
451.0
526.0
718.0
884.0
822.0
744.0
661.0
633.0
570.0
430.0
409.0
545.0
576.0
631.0
735.0
738.0
660.0
483.0
493.0
425.0
328.0
396.0
