231.0
266.0
346.0
254.0
235.0
258.0
250.0
250.0
280.0
289.0
250.0
304.0
313.0
293.0
222.0
258.0
317.0
236.0
242.0
265.0
282.0
266.0
304.0
260.0
243.0
264.0
268.0
289.0
280.0
313.0
253.0
330.0
269.0
251.0
252.0
285.0
303.0
282.0
318.0
285.0
255.0
255.0
241.0
265.0
286.0
253.0
257.0
279.0
286.0
251.0
254.0
267.0
256.0
289.0
290.0
239.0
249.0
240.0
266.0
248.0
263.0
362.0
268.0
292.0
238.0
276.0
254.0
231.0
244.0
257.0
339.0
235.0
242.0
259.0
245.0
270.0
277.0
295.0
283.0
281.0
306.0
329.0
264.0
281.0
236.0
262.0
246.0
345.0
261.0
268.0
240.0
325.0
296.0
287.0
271.0
261.0
289.0
265.0
256.0
261.0
258.0
345.0
283.0
246.0
253.0
280.0
277.0
286.0
300.0
267.0
232.0
244.0
249.0
237.0
235.0
242.0
314.0
276.0
223.0
295.0
272.0
269.0
249.0
266.0
267.0
277.0
233.0
236.0
294.0
263.0
259.0
273.0
340.0
261.0
297.0
269.0
295.0
299.0
264.0
279.0
397.0
320.0
258.0
289.0
298.0
293.0
223.0
281.0
253.0
342.0
258.0
231.0
275.0
262.0
235.0
234.0
260.0
229.0
297.0
254.0
270.0
274.0
326.0
268.0
267.0
282.0
337.0
267.0
308.0
248.0
321.0
255.0
272.0
250.0
284.0
260.0
308.0
244.0
330.0
304.0
252.0
308.0
276.0
308.0
339.0
306.0
274.0
285.0
246.0
343.0
234.0
289.0
330.0
284.0
322.0
259.0
299.0
259.0
275.0
345.0
