288.0
275.0
287.0
262.0
246.0
313.0
293.0
268.0
288.0
278.0
289.0
228.0
262.0
305.0
246.0
261.0
291.0
252.0
259.0
265.0
243.0
232.0
236.0
237.0
306.0
309.0
242.0
278.0
244.0
292.0
250.0
330.0
370.0
276.0
263.0
247.0
277.0
274.0
267.0
302.0
320.0
269.0
267.0
295.0
244.0
299.0
285.0
228.0
270.0
310.0
257.0
265.0
255.0
301.0
229.0
270.0
365.0
247.0
272.0
309.0
224.0
283.0
277.0
230.0
267.0
271.0
319.0
292.0
287.0
286.0
304.0
266.0
342.0
257.0
300.0
277.0
235.0
230.0
216.0
252.0
266.0
248.0
272.0
304.0
301.0
254.0
308.0
340.0
281.0
288.0
292.0
290.0
249.0
308.0
278.0
278.0
267.0
247.0
310.0
233.0
330.0
262.0
245.0
220.0
282.0
228.0
322.0
287.0
275.0
266.0
252.0
276.0
269.0
293.0
352.0
255.0
252.0
253.0
296.0
284.0
272.0
243.0
267.0
258.0
279.0
265.0
302.0
263.0
307.0
362.0
253.0
251.0
248.0
304.0
256.0
261.0
267.0
261.0
296.0
285.0
338.0
245.0
298.0
287.0
290.0
236.0
300.0
271.0
318.0
260.0
317.0
258.0
289.0
295.0
282.0
235.0
299.0
267.0
249.0
278.0
299.0
283.0
265.0
276.0
259.0
269.0
290.0
298.0
297.0
294.0
310.0
306.0
314.0
360.0
320.0
320.0
267.0
303.0
255.0
322.0
276.0
269.0
267.0
330.0
249.0
297.0
330.0
286.0
278.0
267.0
267.0
277.0
276.0
331.0
260.0
328.0
260.0
219.0
328.0
249.0
