159.0
170.0
130.0
191.0
231.0
178.0
262.0
201.0
190.0
176.0
252.0
232.0
173.0
139.0
151.0
219.0
164.0
220.0
184.0
173.0
203.0
184.0
146.0
172.0
198.0
161.0
146.0
200.0
171.0
192.0
165.0
182.0
168.0
168.0
159.0
170.0
193.0
175.0
167.0
220.0
179.0
155.0
154.0
174.0
162.0
141.0
154.0
249.0
173.0
150.0
157.0
164.0
164.0
173.0
209.0
189.0
175.0
221.0
189.0
183.0
166.0
152.0
183.0
172.0
209.0
184.0
163.0
163.0
190.0
166.0
162.0
184.0
211.0
207.0
170.0
164.0
212.0
177.0
161.0
166.0
209.0
201.0
179.0
222.0
195.0
183.0
167.0
193.0
164.0
185.0
167.0
198.0
156.0
152.0
147.0
159.0
183.0
225.0
215.0
193.0
157.0
165.0
205.0
173.0
179.0
177.0
141.0
143.0
190.0
165.0
161.0
151.0
167.0
188.0
151.0
148.0
181.0
244.0
165.0
155.0
206.0
156.0
182.0
169.0
161.0
155.0
180.0
173.0
209.0
163.0
174.0
190.0
225.0
159.0
171.0
206.0
224.0
165.0
265.0
196.0
152.0
189.0
287.0
185.0
161.0
152.0
211.0
179.0
239.0
181.0
174.0
172.0
215.0
160.0
166.0
174.0
169.0
196.0
173.0
223.0
139.0
177.0
188.0
199.0
169.0
218.0
185.0
152.0
179.0
164.0
168.0
215.0
184.0
188.0
128.0
187.0
144.0
151.0
160.0
177.0
169.0
172.0
225.0
163.0
161.0
166.0
206.0
156.0
149.0
199.0
203.0
151.0
139.0
155.0
159.0
217.0
165.0
147.0
166.0
152.0
