311.0
300.0
254.0
260.0
312.0
285.0
272.0
255.0
256.0
244.0
248.0
244.0
273.0
252.0
285.0
271.0
313.0
285.0
240.0
251.0
249.0
277.0
232.0
257.0
209.0
264.0
311.0
240.0
295.0
242.0
253.0
279.0
283.0
257.0
304.0
260.0
248.0
325.0
270.0
271.0
286.0
271.0
289.0
238.0
271.0
264.0
255.0
241.0
277.0
245.0
258.0
294.0
263.0
255.0
283.0
266.0
263.0
279.0
298.0
311.0
227.0
257.0
274.0
296.0
244.0
243.0
230.0
268.0
263.0
259.0
270.0
233.0
234.0
306.0
259.0
266.0
287.0
266.0
273.0
298.0
279.0
256.0
260.0
237.0
261.0
266.0
232.0
259.0
298.0
287.0
271.0
225.0
260.0
262.0
282.0
235.0
213.0
257.0
322.0
225.0
274.0
267.0
257.0
236.0
266.0
321.0
257.0
287.0
362.0
264.0
324.0
300.0
254.0
244.0
251.0
242.0
313.0
261.0
266.0
256.0
286.0
313.0
328.0
255.0
291.0
264.0
325.0
292.0
277.0
294.0
272.0
271.0
253.0
267.0
242.0
239.0
280.0
296.0
261.0
349.0
272.0
298.0
265.0
322.0
282.0
262.0
322.0
242.0
236.0
223.0
332.0
251.0
303.0
270.0
322.0
258.0
251.0
255.0
314.0
292.0
291.0
262.0
294.0
317.0
246.0
244.0
243.0
266.0
262.0
252.0
256.0
333.0
248.0
254.0
302.0
257.0
247.0
249.0
289.0
265.0
254.0
263.0
261.0
269.0
310.0
329.0
309.0
245.0
260.0
281.0
254.0
284.0
237.0
284.0
292.0
263.0
314.0
331.0
259.0
260.0
