251.0
270.0
260.0
278.0
298.0
249.0
232.0
285.0
242.0
238.0
255.0
248.0
264.0
278.0
327.0
248.0
282.0
248.0
223.0
285.0
257.0
245.0
234.0
234.0
247.0
243.0
239.0
280.0
257.0
235.0
236.0
275.0
240.0
259.0
259.0
246.0
231.0
262.0
285.0
237.0
268.0
306.0
224.0
267.0
250.0
266.0
282.0
261.0
232.0
262.0
235.0
230.0
301.0
297.0
308.0
220.0
299.0
220.0
263.0
243.0
235.0
274.0
246.0
245.0
235.0
254.0
229.0
245.0
261.0
332.0
259.0
281.0
252.0
247.0
276.0
268.0
253.0
262.0
315.0
231.0
290.0
247.0
240.0
247.0
219.0
304.0
228.0
258.0
270.0
289.0
252.0
238.0
269.0
258.0
255.0
271.0
262.0
300.0
259.0
234.0
262.0
264.0
264.0
235.0
300.0
211.0
303.0
254.0
303.0
231.0
226.0
250.0
256.0
232.0
241.0
301.0
263.0
253.0
265.0
264.0
264.0
293.0
306.0
306.0
267.0
300.0
266.0
279.0
244.0
298.0
293.0
259.0
266.0
239.0
256.0
292.0
247.0
225.0
219.0
274.0
266.0
224.0
245.0
310.0
297.0
258.0
232.0
252.0
259.0
243.0
259.0
223.0
230.0
231.0
247.0
297.0
238.0
245.0
210.0
262.0
278.0
268.0
262.0
268.0
243.0
257.0
287.0
299.0
254.0
276.0
278.0
271.0
252.0
267.0
257.0
287.0
262.0
242.0
269.0
254.0
255.0
244.0
271.0
277.0
253.0
290.0
226.0
264.0
236.0
259.0
261.0
238.0
255.0
286.0
254.0
237.0
268.0
248.0
324.0
242.0
