254.0
279.0
301.0
304.0
247.0
263.0
275.0
232.0
281.0
295.0
297.0
257.0
241.0
267.0
294.0
315.0
302.0
227.0
284.0
283.0
263.0
244.0
267.0
242.0
260.0
263.0
248.0
273.0
351.0
250.0
304.0
287.0
250.0
290.0
281.0
271.0
270.0
304.0
268.0
325.0
274.0
261.0
248.0
249.0
255.0
285.0
294.0
265.0
280.0
242.0
274.0
266.0
275.0
283.0
332.0
328.0
286.0
220.0
261.0
272.0
258.0
280.0
289.0
382.0
262.0
250.0
269.0
278.0
265.0
255.0
248.0
275.0
273.0
260.0
304.0
377.0
252.0
258.0
292.0
253.0
263.0
292.0
281.0
254.0
266.0
322.0
294.0
263.0
300.0
291.0
263.0
327.0
322.0
242.0
262.0
299.0
352.0
247.0
339.0
251.0
285.0
271.0
249.0
245.0
252.0
282.0
245.0
291.0
258.0
284.0
277.0
276.0
263.0
259.0
247.0
324.0
248.0
271.0
231.0
287.0
284.0
266.0
299.0
257.0
256.0
293.0
317.0
320.0
269.0
297.0
285.0
325.0
334.0
276.0
356.0
259.0
250.0
275.0
276.0
248.0
276.0
261.0
267.0
303.0
240.0
279.0
370.0
377.0
292.0
266.0
229.0
271.0
291.0
254.0
257.0
370.0
311.0
306.0
286.0
268.0
315.0
268.0
246.0
280.0
281.0
249.0
278.0
250.0
257.0
281.0
260.0
265.0
254.0
256.0
260.0
285.0
281.0
278.0
272.0
393.0
285.0
262.0
246.0
261.0
290.0
246.0
268.0
294.0
268.0
293.0
263.0
279.0
305.0
262.0
257.0
284.0
264.0
258.0
346.0
307.0
