260.0
275.0
249.0
267.0
270.0
271.0
303.0
260.0
299.0
281.0
247.0
275.0
314.0
276.0
434.0
281.0
258.0
252.0
236.0
283.0
273.0
267.0
318.0
245.0
277.0
267.0
262.0
304.0
259.0
330.0
245.0
269.0
259.0
247.0
263.0
273.0
310.0
302.0
367.0
226.0
261.0
257.0
232.0
376.0
275.0
300.0
248.0
271.0
285.0
226.0
279.0
228.0
285.0
297.0
260.0
288.0
294.0
292.0
292.0
269.0
241.0
326.0
291.0
251.0
256.0
281.0
292.0
265.0
268.0
236.0
291.0
301.0
329.0
328.0
263.0
295.0
282.0
247.0
227.0
272.0
250.0
292.0
362.0
353.0
270.0
273.0
310.0
247.0
256.0
267.0
305.0
255.0
298.0
316.0
320.0
253.0
297.0
329.0
328.0
251.0
278.0
262.0
264.0
260.0
300.0
264.0
278.0
219.0
318.0
272.0
311.0
230.0
292.0
264.0
234.0
257.0
271.0
284.0
280.0
262.0
275.0
268.0
283.0
284.0
240.0
253.0
271.0
259.0
250.0
265.0
246.0
263.0
265.0
253.0
290.0
288.0
220.0
247.0
281.0
242.0
274.0
278.0
340.0
325.0
268.0
275.0
273.0
279.0
304.0
261.0
310.0
220.0
263.0
282.0
413.0
322.0
250.0
259.0
284.0
282.0
270.0
260.0
285.0
279.0
289.0
264.0
270.0
285.0
298.0
269.0
256.0
255.0
270.0
290.0
346.0
293.0
254.0
301.0
298.0
244.0
265.0
298.0
311.0
264.0
261.0
314.0
254.0
285.0
295.0
419.0
345.0
281.0
282.0
283.0
239.0
245.0
265.0
242.0
269.0
275.0
