264.0
282.0
241.0
269.0
317.0
267.0
211.0
265.0
247.0
270.0
253.0
248.0
239.0
258.0
263.0
259.0
287.0
268.0
224.0
221.0
225.0
254.0
268.0
256.0
337.0
222.0
271.0
223.0
270.0
255.0
269.0
283.0
216.0
352.0
232.0
258.0
272.0
303.0
266.0
276.0
227.0
225.0
294.0
256.0
250.0
269.0
255.0
240.0
243.0
259.0
258.0
238.0
254.0
266.0
279.0
264.0
225.0
277.0
264.0
277.0
243.0
248.0
270.0
289.0
237.0
222.0
248.0
238.0
256.0
286.0
232.0
231.0
228.0
246.0
269.0
255.0
288.0
297.0
294.0
239.0
271.0
259.0
243.0
268.0
229.0
274.0
281.0
293.0
288.0
249.0
272.0
278.0
219.0
221.0
282.0
233.0
253.0
272.0
244.0
232.0
214.0
272.0
265.0
241.0
248.0
238.0
228.0
246.0
252.0
246.0
297.0
251.0
285.0
275.0
287.0
239.0
259.0
235.0
257.0
241.0
251.0
267.0
231.0
287.0
235.0
260.0
259.0
227.0
232.0
258.0
248.0
239.0
250.0
271.0
267.0
283.0
248.0
244.0
232.0
270.0
276.0
251.0
251.0
282.0
254.0
255.0
254.0
306.0
268.0
220.0
212.0
278.0
278.0
291.0
290.0
240.0
254.0
272.0
265.0
295.0
274.0
241.0
247.0
243.0
243.0
263.0
256.0
279.0
288.0
241.0
296.0
274.0
268.0
279.0
290.0
242.0
292.0
294.0
261.0
256.0
229.0
238.0
253.0
230.0
272.0
248.0
269.0
257.0
235.0
276.0
275.0
288.0
270.0
265.0
256.0
241.0
257.0
273.0
268.0
265.0
