242.0
229.0
298.0
334.0
268.0
246.0
251.0
266.0
252.0
299.0
265.0
272.0
253.0
243.0
279.0
241.0
291.0
272.0
261.0
268.0
263.0
213.0
249.0
220.0
300.0
293.0
269.0
270.0
276.0
271.0
281.0
284.0
282.0
294.0
263.0
286.0
276.0
265.0
267.0
287.0
254.0
269.0
249.0
260.0
252.0
280.0
269.0
258.0
257.0
287.0
268.0
303.0
315.0
247.0
271.0
316.0
281.0
272.0
251.0
214.0
267.0
275.0
275.0
288.0
292.0
243.0
320.0
246.0
252.0
268.0
270.0
316.0
282.0
327.0
254.0
280.0
274.0
293.0
257.0
299.0
245.0
272.0
309.0
245.0
287.0
233.0
290.0
219.0
296.0
233.0
270.0
238.0
261.0
288.0
296.0
269.0
294.0
310.0
229.0
299.0
276.0
245.0
273.0
289.0
273.0
286.0
260.0
264.0
249.0
241.0
297.0
259.0
230.0
285.0
236.0
244.0
233.0
278.0
251.0
286.0
254.0
239.0
259.0
254.0
329.0
275.0
262.0
256.0
249.0
262.0
271.0
252.0
269.0
259.0
267.0
269.0
270.0
260.0
350.0
225.0
264.0
252.0
245.0
232.0
274.0
280.0
318.0
227.0
272.0
232.0
245.0
238.0
265.0
261.0
258.0
265.0
278.0
241.0
244.0
270.0
264.0
241.0
259.0
297.0
294.0
245.0
293.0
258.0
248.0
267.0
239.0
309.0
290.0
291.0
262.0
304.0
265.0
313.0
296.0
263.0
248.0
298.0
261.0
281.0
295.0
288.0
231.0
313.0
230.0
250.0
280.0
236.0
238.0
263.0
294.0
245.0
288.0
244.0
274.0
301.0
