267.0
276.0
255.0
249.0
243.0
248.0
280.0
241.0
260.0
264.0
238.0
295.0
230.0
270.0
291.0
288.0
263.0
270.0
310.0
255.0
243.0
314.0
252.0
299.0
246.0
264.0
297.0
258.0
321.0
238.0
233.0
288.0
272.0
238.0
287.0
253.0
371.0
312.0
302.0
290.0
265.0
328.0
287.0
317.0
242.0
317.0
267.0
296.0
273.0
283.0
286.0
328.0
226.0
316.0
267.0
363.0
301.0
255.0
255.0
272.0
253.0
245.0
293.0
282.0
286.0
273.0
333.0
249.0
291.0
300.0
278.0
261.0
314.0
260.0
333.0
266.0
286.0
281.0
251.0
271.0
267.0
257.0
272.0
279.0
278.0
282.0
323.0
286.0
289.0
254.0
264.0
244.0
322.0
292.0
311.0
262.0
284.0
245.0
328.0
260.0
331.0
285.0
260.0
266.0
248.0
270.0
249.0
273.0
268.0
235.0
255.0
251.0
329.0
306.0
310.0
288.0
255.0
286.0
274.0
270.0
286.0
236.0
232.0
278.0
321.0
290.0
257.0
288.0
276.0
308.0
342.0
314.0
238.0
313.0
365.0
330.0
296.0
280.0
238.0
296.0
311.0
303.0
289.0
273.0
296.0
271.0
344.0
268.0
273.0
238.0
248.0
248.0
295.0
239.0
292.0
235.0
262.0
280.0
308.0
272.0
255.0
254.0
258.0
263.0
253.0
289.0
245.0
329.0
276.0
255.0
247.0
298.0
325.0
241.0
259.0
236.0
251.0
306.0
309.0
300.0
282.0
303.0
260.0
271.0
275.0
266.0
274.0
232.0
292.0
286.0
354.0
271.0
235.0
274.0
242.0
275.0
243.0
243.0
270.0
234.0
