236.0
262.0
261.0
269.0
272.0
338.0
267.0
225.0
238.0
284.0
252.0
275.0
272.0
250.0
264.0
356.0
293.0
251.0
266.0
251.0
237.0
271.0
273.0
257.0
230.0
277.0
318.0
279.0
242.0
276.0
282.0
259.0
289.0
234.0
241.0
255.0
238.0
253.0
251.0
257.0
252.0
266.0
228.0
264.0
268.0
231.0
227.0
247.0
263.0
254.0
272.0
357.0
253.0
279.0
237.0
285.0
227.0
206.0
291.0
301.0
241.0
286.0
236.0
286.0
227.0
284.0
251.0
252.0
225.0
261.0
265.0
277.0
231.0
259.0
236.0
261.0
321.0
290.0
285.0
273.0
263.0
288.0
253.0
232.0
245.0
217.0
257.0
272.0
261.0
222.0
308.0
263.0
232.0
248.0
272.0
275.0
265.0
230.0
265.0
249.0
241.0
262.0
283.0
239.0
242.0
262.0
234.0
242.0
264.0
275.0
262.0
270.0
240.0
238.0
266.0
247.0
267.0
243.0
272.0
262.0
254.0
248.0
275.0
233.0
258.0
244.0
263.0
240.0
217.0
235.0
272.0
308.0
285.0
259.0
291.0
276.0
244.0
257.0
339.0
267.0
264.0
233.0
292.0
266.0
241.0
321.0
311.0
255.0
241.0
257.0
352.0
249.0
267.0
262.0
274.0
265.0
282.0
245.0
239.0
241.0
276.0
231.0
248.0
330.0
274.0
251.0
203.0
253.0
270.0
284.0
239.0
303.0
286.0
292.0
250.0
349.0
261.0
229.0
252.0
252.0
234.0
249.0
266.0
236.0
271.0
255.0
278.0
279.0
255.0
243.0
284.0
260.0
257.0
256.0
301.0
240.0
257.0
245.0
256.0
266.0
