128.0
144.0
183.0
164.0
160.0
139.0
133.0
179.0
145.0
173.0
149.0
179.0
140.0
127.0
156.0
131.0
160.0
289.0
152.0
157.0
139.0
155.0
161.0
138.0
171.0
142.0
130.0
149.0
164.0
144.0
176.0
154.0
150.0
154.0
175.0
217.0
162.0
177.0
182.0
183.0
151.0
152.0
154.0
209.0
150.0
138.0
145.0
146.0
194.0
131.0
146.0
185.0
160.0
130.0
148.0
176.0
222.0
211.0
155.0
162.0
138.0
156.0
157.0
139.0
149.0
135.0
146.0
145.0
144.0
147.0
164.0
143.0
211.0
176.0
146.0
156.0
138.0
131.0
133.0
138.0
151.0
145.0
138.0
174.0
148.0
146.0
145.0
137.0
135.0
133.0
138.0
174.0
179.0
142.0
152.0
142.0
144.0
138.0
153.0
148.0
152.0
165.0
177.0
175.0
167.0
184.0
144.0
147.0
148.0
163.0
168.0
155.0
165.0
145.0
157.0
143.0
156.0
146.0
164.0
147.0
149.0
139.0
136.0
144.0
149.0
155.0
201.0
184.0
217.0
168.0
145.0
153.0
158.0
138.0
157.0
137.0
190.0
159.0
185.0
217.0
187.0
143.0
163.0
138.0
153.0
148.0
163.0
178.0
154.0
181.0
151.0
211.0
168.0
149.0
195.0
154.0
153.0
148.0
158.0
133.0
167.0
219.0
196.0
147.0
145.0
166.0
175.0
159.0
144.0
142.0
151.0
146.0
134.0
186.0
146.0
235.0
135.0
163.0
131.0
142.0
164.0
162.0
148.0
157.0
187.0
135.0
172.0
162.0
141.0
177.0
225.0
189.0
170.0
145.0
133.0
191.0
157.0
156.0
147.0
160.0
