173.0
128.0
145.0
152.0
175.0
166.0
163.0
173.0
150.0
130.0
164.0
156.0
142.0
174.0
176.0
143.0
173.0
136.0
132.0
136.0
133.0
160.0
154.0
145.0
140.0
157.0
173.0
154.0
146.0
134.0
157.0
132.0
192.0
143.0
144.0
129.0
152.0
168.0
160.0
166.0
154.0
136.0
143.0
144.0
149.0
136.0
150.0
180.0
156.0
145.0
164.0
145.0
154.0
146.0
148.0
140.0
138.0
153.0
211.0
153.0
149.0
138.0
188.0
157.0
147.0
128.0
139.0
132.0
149.0
159.0
159.0
152.0
153.0
135.0
135.0
152.0
141.0
161.0
208.0
178.0
166.0
166.0
164.0
143.0
154.0
141.0
148.0
195.0
169.0
144.0
158.0
135.0
144.0
164.0
129.0
153.0
152.0
140.0
158.0
149.0
182.0
148.0
175.0
153.0
129.0
142.0
155.0
159.0
132.0
166.0
140.0
142.0
169.0
145.0
129.0
134.0
167.0
149.0
143.0
160.0
144.0
130.0
137.0
137.0
136.0
158.0
148.0
152.0
124.0
154.0
127.0
139.0
155.0
147.0
138.0
142.0
174.0
150.0
164.0
128.0
162.0
154.0
156.0
155.0
173.0
160.0
144.0
153.0
136.0
143.0
174.0
159.0
155.0
166.0
179.0
150.0
180.0
144.0
174.0
154.0
143.0
161.0
136.0
149.0
127.0
153.0
131.0
136.0
176.0
278.0
199.0
242.0
166.0
143.0
203.0
143.0
141.0
168.0
160.0
137.0
156.0
141.0
136.0
153.0
165.0
141.0
140.0
166.0
169.0
152.0
153.0
149.0
144.0
144.0
156.0
156.0
143.0
159.0
171.0
140.0
