274.0
272.0
248.0
263.0
265.0
255.0
275.0
281.0
238.0
245.0
293.0
277.0
249.0
264.0
255.0
273.0
252.0
231.0
306.0
333.0
258.0
236.0
241.0
255.0
257.0
249.0
250.0
271.0
255.0
266.0
226.0
264.0
264.0
266.0
286.0
274.0
224.0
295.0
298.0
288.0
247.0
282.0
227.0
279.0
283.0
273.0
225.0
256.0
248.0
258.0
209.0
329.0
284.0
263.0
230.0
236.0
239.0
284.0
236.0
268.0
277.0
227.0
241.0
281.0
259.0
285.0
233.0
237.0
294.0
252.0
256.0
308.0
248.0
235.0
247.0
260.0
212.0
298.0
287.0
279.0
265.0
281.0
238.0
286.0
245.0
263.0
273.0
228.0
239.0
282.0
268.0
271.0
270.0
217.0
255.0
263.0
270.0
219.0
271.0
228.0
287.0
241.0
252.0
281.0
231.0
271.0
256.0
243.0
320.0
226.0
237.0
251.0
258.0
275.0
268.0
223.0
292.0
284.0
296.0
259.0
309.0
261.0
334.0
287.0
258.0
290.0
310.0
254.0
298.0
218.0
252.0
244.0
266.0
257.0
285.0
263.0
286.0
216.0
312.0
251.0
254.0
311.0
305.0
264.0
262.0
236.0
280.0
245.0
252.0
279.0
301.0
218.0
244.0
233.0
242.0
276.0
246.0
337.0
258.0
214.0
259.0
273.0
273.0
246.0
268.0
256.0
220.0
298.0
244.0
327.0
236.0
262.0
240.0
226.0
264.0
266.0
264.0
312.0
251.0
269.0
241.0
253.0
235.0
258.0
252.0
249.0
271.0
263.0
290.0
240.0
266.0
238.0
232.0
279.0
258.0
301.0
255.0
262.0
274.0
256.0
