251.0
285.0
246.0
228.0
284.0
267.0
255.0
234.0
239.0
256.0
258.0
246.0
259.0
244.0
244.0
268.0
282.0
266.0
233.0
286.0
246.0
248.0
294.0
222.0
279.0
242.0
281.0
272.0
296.0
254.0
241.0
259.0
301.0
265.0
235.0
263.0
276.0
244.0
230.0
253.0
255.0
249.0
343.0
237.0
280.0
269.0
246.0
241.0
253.0
269.0
256.0
220.0
311.0
260.0
257.0
264.0
283.0
274.0
268.0
236.0
264.0
247.0
270.0
261.0
227.0
240.0
233.0
290.0
232.0
300.0
309.0
246.0
240.0
277.0
277.0
237.0
247.0
225.0
250.0
268.0
309.0
260.0
248.0
255.0
301.0
278.0
245.0
291.0
290.0
239.0
244.0
278.0
254.0
215.0
274.0
265.0
244.0
263.0
260.0
272.0
302.0
237.0
256.0
299.0
300.0
239.0
232.0
262.0
245.0
301.0
210.0
237.0
279.0
276.0
250.0
307.0
266.0
267.0
289.0
268.0
265.0
275.0
334.0
275.0
263.0
292.0
244.0
266.0
262.0
258.0
269.0
316.0
226.0
257.0
242.0
255.0
256.0
285.0
330.0
242.0
259.0
260.0
250.0
252.0
263.0
270.0
237.0
244.0
258.0
276.0
256.0
285.0
272.0
286.0
273.0
270.0
242.0
282.0
236.0
244.0
286.0
277.0
227.0
247.0
256.0
259.0
260.0
253.0
236.0
255.0
234.0
250.0
228.0
276.0
235.0
298.0
299.0
298.0
296.0
244.0
389.0
298.0
299.0
313.0
255.0
259.0
238.0
282.0
263.0
263.0
267.0
270.0
282.0
296.0
249.0
264.0
222.0
225.0
249.0
248.0
