290.0
252.0
303.0
260.0
231.0
254.0
258.0
277.0
254.0
255.0
292.0
264.0
255.0
251.0
255.0
270.0
238.0
298.0
303.0
241.0
227.0
288.0
275.0
252.0
289.0
229.0
273.0
267.0
255.0
254.0
259.0
247.0
241.0
236.0
249.0
262.0
278.0
266.0
252.0
210.0
276.0
245.0
319.0
306.0
260.0
269.0
269.0
243.0
218.0
260.0
250.0
277.0
264.0
270.0
245.0
283.0
232.0
246.0
263.0
264.0
236.0
255.0
243.0
249.0
253.0
281.0
263.0
263.0
257.0
240.0
274.0
272.0
274.0
230.0
253.0
232.0
241.0
240.0
307.0
238.0
256.0
308.0
257.0
242.0
250.0
263.0
292.0
257.0
232.0
226.0
225.0
253.0
272.0
270.0
241.0
268.0
294.0
250.0
243.0
250.0
254.0
279.0
250.0
268.0
285.0
252.0
289.0
296.0
259.0
265.0
262.0
252.0
258.0
231.0
259.0
232.0
236.0
286.0
227.0
271.0
271.0
269.0
269.0
231.0
317.0
285.0
271.0
263.0
274.0
229.0
256.0
284.0
241.0
253.0
299.0
223.0
245.0
243.0
228.0
276.0
315.0
236.0
274.0
278.0
267.0
330.0
251.0
268.0
313.0
277.0
251.0
281.0
294.0
289.0
290.0
248.0
228.0
276.0
261.0
263.0
230.0
238.0
245.0
223.0
257.0
304.0
251.0
241.0
248.0
330.0
279.0
250.0
254.0
238.0
326.0
262.0
277.0
268.0
231.0
279.0
297.0
252.0
250.0
232.0
289.0
239.0
236.0
305.0
269.0
209.0
255.0
243.0
273.0
291.0
257.0
250.0
247.0
242.0
250.0
227.0
