167.0
162.0
220.0
160.0
206.0
209.0
210.0
153.0
213.0
181.0
287.0
240.0
291.0
187.0
166.0
152.0
175.0
216.0
164.0
158.0
153.0
271.0
169.0
182.0
154.0
160.0
145.0
198.0
197.0
160.0
159.0
189.0
161.0
145.0
181.0
195.0
294.0
175.0
170.0
183.0
244.0
151.0
174.0
177.0
164.0
150.0
165.0
164.0
145.0
158.0
166.0
173.0
151.0
177.0
196.0
201.0
189.0
182.0
144.0
162.0
157.0
234.0
309.0
158.0
145.0
179.0
149.0
178.0
171.0
145.0
215.0
178.0
177.0
177.0
240.0
190.0
184.0
178.0
276.0
190.0
178.0
160.0
199.0
134.0
195.0
165.0
201.0
204.0
162.0
185.0
169.0
232.0
203.0
192.0
163.0
158.0
188.0
164.0
167.0
172.0
192.0
171.0
184.0
221.0
180.0
188.0
134.0
146.0
198.0
169.0
243.0
213.0
169.0
157.0
180.0
198.0
167.0
211.0
183.0
147.0
177.0
163.0
226.0
186.0
158.0
226.0
177.0
203.0
164.0
206.0
161.0
175.0
217.0
164.0
264.0
305.0
225.0
189.0
205.0
170.0
146.0
171.0
161.0
214.0
162.0
190.0
181.0
250.0
201.0
174.0
155.0
165.0
202.0
223.0
191.0
149.0
150.0
148.0
234.0
194.0
180.0
271.0
204.0
153.0
145.0
203.0
208.0
179.0
226.0
211.0
172.0
223.0
179.0
163.0
171.0
155.0
185.0
254.0
194.0
184.0
161.0
169.0
170.0
184.0
157.0
198.0
175.0
272.0
164.0
158.0
178.0
154.0
141.0
261.0
156.0
151.0
155.0
149.0
163.0
208.0
