147.0
157.0
207.0
152.0
187.0
227.0
189.0
181.0
172.0
146.0
229.0
163.0
215.0
221.0
177.0
176.0
156.0
181.0
232.0
186.0
206.0
155.0
239.0
148.0
139.0
145.0
160.0
159.0
213.0
193.0
263.0
156.0
169.0
180.0
158.0
172.0
168.0
190.0
228.0
196.0
170.0
158.0
156.0
215.0
205.0
208.0
179.0
197.0
149.0
157.0
188.0
150.0
214.0
181.0
158.0
183.0
163.0
221.0
145.0
184.0
155.0
187.0
164.0
242.0
284.0
283.0
141.0
154.0
165.0
184.0
151.0
177.0
142.0
217.0
180.0
220.0
235.0
275.0
209.0
162.0
175.0
165.0
166.0
187.0
152.0
191.0
189.0
186.0
216.0
166.0
186.0
153.0
197.0
171.0
176.0
192.0
178.0
222.0
161.0
230.0
168.0
172.0
191.0
193.0
225.0
187.0
151.0
155.0
257.0
153.0
148.0
209.0
204.0
154.0
153.0
216.0
168.0
177.0
180.0
152.0
165.0
173.0
147.0
142.0
140.0
284.0
235.0
168.0
168.0
206.0
190.0
182.0
194.0
181.0
213.0
177.0
239.0
168.0
184.0
148.0
167.0
287.0
270.0
166.0
158.0
156.0
234.0
190.0
149.0
179.0
147.0
173.0
161.0
172.0
185.0
193.0
177.0
238.0
188.0
184.0
145.0
162.0
150.0
254.0
187.0
308.0
165.0
142.0
170.0
195.0
271.0
178.0
183.0
185.0
163.0
143.0
161.0
185.0
164.0
153.0
223.0
186.0
166.0
167.0
209.0
156.0
141.0
151.0
148.0
187.0
238.0
139.0
153.0
212.0
186.0
183.0
165.0
201.0
200.0
284.0
