257.0
286.0
236.0
195.0
188.0
318.0
209.0
162.0
168.0
229.0
178.0
166.0
180.0
200.0
172.0
160.0
156.0
144.0
164.0
292.0
190.0
213.0
202.0
193.0
174.0
189.0
228.0
154.0
180.0
171.0
234.0
300.0
256.0
188.0
158.0
176.0
182.0
166.0
217.0
185.0
205.0
193.0
185.0
253.0
286.0
217.0
161.0
180.0
242.0
199.0
189.0
202.0
213.0
227.0
211.0
187.0
171.0
172.0
199.0
208.0
188.0
162.0
173.0
190.0
267.0
176.0
161.0
226.0
267.0
140.0
185.0
182.0
262.0
182.0
174.0
155.0
248.0
184.0
151.0
169.0
200.0
248.0
215.0
190.0
156.0
247.0
180.0
163.0
177.0
218.0
170.0
250.0
177.0
168.0
224.0
237.0
188.0
303.0
260.0
316.0
257.0
357.0
288.0
208.0
229.0
217.0
282.0
191.0
255.0
253.0
191.0
178.0
216.0
216.0
179.0
163.0
215.0
180.0
210.0
159.0
226.0
235.0
221.0
152.0
180.0
208.0
251.0
219.0
194.0
205.0
168.0
178.0
148.0
174.0
210.0
183.0
172.0
154.0
207.0
154.0
157.0
252.0
243.0
237.0
189.0
178.0
188.0
182.0
193.0
334.0
424.0
325.0
328.0
241.0
268.0
218.0
209.0
212.0
301.0
242.0
239.0
308.0
202.0
281.0
184.0
170.0
216.0
172.0
158.0
192.0
161.0
161.0
164.0
232.0
172.0
234.0
185.0
193.0
193.0
181.0
168.0
197.0
162.0
180.0
184.0
196.0
209.0
217.0
184.0
164.0
172.0
207.0
190.0
202.0
154.0
173.0
169.0
167.0
254.0
298.0
