148.0
151.0
140.0
140.0
155.0
163.0
158.0
196.0
249.0
153.0
156.0
128.0
151.0
133.0
153.0
150.0
153.0
133.0
215.0
132.0
139.0
152.0
133.0
163.0
174.0
181.0
171.0
223.0
153.0
138.0
138.0
172.0
157.0
335.0
162.0
163.0
152.0
188.0
156.0
152.0
166.0
155.0
130.0
136.0
127.0
171.0
140.0
163.0
155.0
147.0
160.0
134.0
143.0
138.0
149.0
165.0
131.0
160.0
140.0
153.0
165.0
144.0
145.0
125.0
139.0
148.0
177.0
164.0
130.0
224.0
153.0
141.0
157.0
162.0
164.0
151.0
132.0
126.0
156.0
181.0
160.0
143.0
215.0
136.0
131.0
193.0
154.0
140.0
185.0
151.0
166.0
219.0
160.0
167.0
132.0
150.0
153.0
158.0
134.0
141.0
147.0
165.0
137.0
151.0
156.0
148.0
184.0
144.0
156.0
180.0
138.0
145.0
161.0
157.0
169.0
159.0
167.0
158.0
155.0
148.0
139.0
135.0
149.0
165.0
161.0
160.0
146.0
135.0
140.0
157.0
136.0
158.0
144.0
162.0
137.0
158.0
144.0
137.0
171.0
138.0
149.0
188.0
170.0
136.0
153.0
138.0
173.0
156.0
149.0
157.0
140.0
160.0
152.0
140.0
130.0
147.0
168.0
140.0
189.0
142.0
177.0
145.0
159.0
154.0
161.0
158.0
146.0
143.0
157.0
138.0
178.0
148.0
150.0
155.0
155.0
128.0
186.0
162.0
140.0
173.0
138.0
139.0
168.0
166.0
148.0
141.0
141.0
140.0
137.0
145.0
153.0
156.0
150.0
148.0
213.0
187.0
167.0
141.0
173.0
149.0
