273.0
223.0
270.0
297.0
310.0
291.0
238.0
290.0
273.0
257.0
262.0
288.0
281.0
282.0
223.0
270.0
319.0
221.0
286.0
272.0
264.0
325.0
276.0
245.0
246.0
322.0
239.0
254.0
316.0
283.0
376.0
271.0
238.0
282.0
298.0
280.0
267.0
277.0
251.0
276.0
299.0
244.0
313.0
262.0
271.0
243.0
321.0
286.0
242.0
218.0
238.0
263.0
234.0
287.0
271.0
252.0
278.0
301.0
257.0
261.0
272.0
354.0
264.0
312.0
279.0
338.0
248.0
292.0
291.0
282.0
276.0
258.0
274.0
289.0
253.0
238.0
293.0
275.0
311.0
299.0
233.0
279.0
264.0
247.0
267.0
245.0
271.0
228.0
267.0
294.0
294.0
250.0
291.0
283.0
291.0
279.0
284.0
271.0
285.0
335.0
356.0
259.0
295.0
292.0
285.0
264.0
258.0
208.0
279.0
266.0
277.0
250.0
274.0
243.0
257.0
276.0
260.0
283.0
259.0
265.0
228.0
277.0
267.0
322.0
314.0
255.0
274.0
274.0
288.0
288.0
293.0
269.0
284.0
305.0
254.0
285.0
289.0
237.0
293.0
293.0
254.0
251.0
307.0
273.0
268.0
247.0
233.0
238.0
247.0
254.0
284.0
319.0
278.0
294.0
268.0
272.0
264.0
308.0
259.0
346.0
295.0
264.0
296.0
286.0
271.0
235.0
231.0
298.0
302.0
290.0
268.0
237.0
250.0
253.0
278.0
339.0
286.0
291.0
308.0
268.0
257.0
262.0
257.0
246.0
251.0
291.0
271.0
330.0
359.0
361.0
279.0
369.0
250.0
312.0
257.0
307.0
395.0
296.0
269.0
265.0
