225.0
269.0
220.0
244.0
222.0
254.0
253.0
298.0
256.0
253.0
233.0
252.0
242.0
251.0
225.0
276.0
255.0
287.0
329.0
322.0
337.0
252.0
268.0
238.0
258.0
309.0
226.0
266.0
271.0
283.0
292.0
289.0
271.0
363.0
295.0
251.0
243.0
270.0
287.0
267.0
244.0
249.0
265.0
249.0
276.0
226.0
253.0
255.0
300.0
243.0
247.0
260.0
259.0
269.0
251.0
248.0
255.0
242.0
262.0
284.0
294.0
244.0
254.0
238.0
254.0
221.0
253.0
245.0
293.0
240.0
291.0
209.0
231.0
260.0
242.0
213.0
252.0
233.0
241.0
221.0
288.0
290.0
242.0
292.0
240.0
249.0
274.0
262.0
248.0
238.0
266.0
273.0
232.0
281.0
257.0
304.0
290.0
283.0
281.0
294.0
251.0
264.0
238.0
294.0
261.0
256.0
249.0
296.0
209.0
241.0
247.0
252.0
263.0
270.0
246.0
285.0
304.0
258.0
250.0
227.0
264.0
284.0
259.0
244.0
320.0
252.0
248.0
251.0
234.0
253.0
250.0
257.0
288.0
248.0
307.0
261.0
219.0
233.0
241.0
279.0
237.0
259.0
287.0
319.0
291.0
261.0
271.0
255.0
254.0
286.0
311.0
249.0
220.0
267.0
259.0
287.0
225.0
307.0
234.0
254.0
256.0
234.0
276.0
265.0
280.0
227.0
284.0
255.0
265.0
261.0
302.0
273.0
253.0
246.0
265.0
303.0
261.0
291.0
257.0
263.0
236.0
291.0
247.0
298.0
262.0
297.0
232.0
251.0
247.0
250.0
225.0
259.0
233.0
277.0
238.0
266.0
240.0
251.0
285.0
250.0
