251.0
255.0
286.0
292.0
272.0
223.0
254.0
257.0
261.0
248.0
268.0
245.0
285.0
298.0
234.0
286.0
226.0
263.0
239.0
259.0
247.0
249.0
243.0
261.0
262.0
236.0
225.0
256.0
246.0
249.0
306.0
282.0
269.0
240.0
242.0
234.0
235.0
218.0
253.0
273.0
248.0
240.0
310.0
230.0
248.0
240.0
252.0
252.0
254.0
232.0
226.0
255.0
265.0
266.0
278.0
230.0
238.0
291.0
227.0
279.0
249.0
271.0
236.0
225.0
235.0
248.0
251.0
270.0
239.0
263.0
235.0
303.0
311.0
292.0
248.0
251.0
255.0
260.0
237.0
282.0
303.0
252.0
209.0
246.0
223.0
268.0
235.0
254.0
262.0
263.0
233.0
273.0
258.0
290.0
251.0
226.0
267.0
262.0
278.0
266.0
262.0
297.0
300.0
264.0
339.0
228.0
264.0
232.0
261.0
241.0
244.0
267.0
258.0
236.0
240.0
227.0
221.0
223.0
295.0
272.0
255.0
283.0
253.0
273.0
218.0
223.0
267.0
233.0
256.0
234.0
226.0
263.0
267.0
298.0
217.0
257.0
257.0
226.0
230.0
318.0
277.0
302.0
219.0
276.0
239.0
226.0
208.0
241.0
262.0
252.0
295.0
257.0
266.0
316.0
231.0
247.0
271.0
254.0
243.0
211.0
197.0
243.0
288.0
247.0
275.0
264.0
229.0
240.0
259.0
287.0
232.0
333.0
278.0
212.0
243.0
291.0
248.0
267.0
260.0
250.0
239.0
237.0
242.0
271.0
222.0
220.0
277.0
277.0
268.0
252.0
254.0
245.0
254.0
233.0
238.0
238.0
279.0
241.0
294.0
250.0
