169.0
251.0
130.0
194.0
133.0
150.0
165.0
191.0
133.0
149.0
152.0
139.0
184.0
180.0
166.0
132.0
209.0
154.0
172.0
163.0
153.0
160.0
144.0
174.0
147.0
131.0
143.0
147.0
168.0
135.0
176.0
137.0
150.0
152.0
141.0
133.0
144.0
191.0
156.0
134.0
165.0
199.0
169.0
159.0
176.0
169.0
154.0
177.0
129.0
135.0
153.0
130.0
201.0
157.0
173.0
140.0
164.0
153.0
220.0
143.0
168.0
154.0
119.0
160.0
169.0
159.0
153.0
180.0
176.0
174.0
157.0
151.0
182.0
139.0
134.0
156.0
171.0
157.0
163.0
171.0
171.0
233.0
153.0
156.0
144.0
144.0
159.0
155.0
164.0
140.0
151.0
158.0
159.0
157.0
151.0
173.0
129.0
172.0
214.0
251.0
150.0
153.0
153.0
169.0
147.0
156.0
141.0
169.0
154.0
188.0
143.0
162.0
149.0
143.0
145.0
169.0
150.0
157.0
156.0
148.0
126.0
140.0
280.0
210.0
163.0
142.0
194.0
141.0
146.0
158.0
145.0
155.0
174.0
152.0
141.0
158.0
143.0
186.0
157.0
149.0
149.0
193.0
132.0
150.0
166.0
153.0
165.0
168.0
166.0
147.0
176.0
128.0
159.0
131.0
190.0
157.0
144.0
154.0
170.0
156.0
124.0
149.0
145.0
176.0
156.0
161.0
164.0
217.0
128.0
133.0
160.0
132.0
197.0
148.0
145.0
138.0
145.0
161.0
161.0
166.0
241.0
163.0
146.0
158.0
140.0
163.0
151.0
245.0
147.0
145.0
168.0
164.0
181.0
154.0
147.0
157.0
140.0
168.0
159.0
138.0
