290.0
260.0
280.0
260.0
238.0
252.0
265.0
253.0
264.0
234.0
299.0
279.0
253.0
237.0
270.0
248.0
250.0
259.0
225.0
220.0
277.0
275.0
222.0
285.0
254.0
246.0
246.0
234.0
255.0
246.0
294.0
243.0
247.0
227.0
222.0
250.0
248.0
272.0
300.0
272.0
260.0
257.0
277.0
244.0
326.0
246.0
264.0
243.0
288.0
257.0
273.0
205.0
276.0
258.0
242.0
231.0
241.0
282.0
295.0
278.0
277.0
246.0
269.0
256.0
209.0
234.0
265.0
304.0
274.0
243.0
249.0
253.0
263.0
203.0
261.0
261.0
248.0
274.0
271.0
273.0
228.0
297.0
249.0
232.0
314.0
255.0
231.0
261.0
246.0
247.0
275.0
245.0
288.0
269.0
276.0
209.0
206.0
252.0
296.0
243.0
229.0
267.0
244.0
251.0
291.0
240.0
318.0
311.0
259.0
274.0
249.0
266.0
316.0
309.0
257.0
256.0
278.0
234.0
316.0
229.0
281.0
285.0
286.0
267.0
258.0
289.0
246.0
321.0
273.0
241.0
261.0
236.0
255.0
251.0
255.0
238.0
312.0
255.0
256.0
282.0
294.0
273.0
266.0
254.0
245.0
236.0
236.0
287.0
249.0
267.0
244.0
242.0
267.0
273.0
314.0
238.0
265.0
280.0
254.0
217.0
279.0
262.0
249.0
313.0
274.0
250.0
250.0
240.0
229.0
280.0
242.0
227.0
254.0
271.0
238.0
261.0
251.0
268.0
258.0
254.0
247.0
252.0
247.0
250.0
234.0
267.0
242.0
270.0
248.0
242.0
229.0
399.0
236.0
240.0
272.0
291.0
235.0
260.0
250.0
257.0
