275.0
298.0
276.0
290.0
261.0
297.0
250.0
253.0
270.0
245.0
271.0
289.0
251.0
262.0
234.0
306.0
271.0
259.0
277.0
271.0
232.0
260.0
264.0
252.0
282.0
261.0
259.0
264.0
292.0
308.0
266.0
252.0
261.0
285.0
317.0
280.0
263.0
292.0
246.0
232.0
299.0
257.0
262.0
273.0
311.0
256.0
290.0
275.0
240.0
267.0
292.0
276.0
268.0
257.0
259.0
242.0
302.0
269.0
344.0
285.0
264.0
294.0
227.0
281.0
255.0
271.0
273.0
267.0
247.0
275.0
310.0
275.0
250.0
263.0
264.0
271.0
297.0
342.0
300.0
263.0
268.0
320.0
245.0
262.0
314.0
305.0
264.0
304.0
317.0
304.0
251.0
318.0
233.0
269.0
239.0
266.0
240.0
248.0
290.0
300.0
278.0
291.0
239.0
309.0
255.0
259.0
302.0
293.0
244.0
291.0
261.0
265.0
273.0
280.0
249.0
241.0
257.0
257.0
255.0
232.0
236.0
290.0
283.0
227.0
317.0
270.0
246.0
291.0
212.0
257.0
261.0
300.0
305.0
243.0
262.0
296.0
277.0
312.0
284.0
266.0
250.0
269.0
238.0
287.0
241.0
275.0
295.0
304.0
309.0
240.0
229.0
277.0
277.0
272.0
280.0
237.0
286.0
284.0
307.0
268.0
270.0
295.0
277.0
265.0
224.0
269.0
267.0
281.0
263.0
283.0
304.0
257.0
264.0
289.0
256.0
287.0
277.0
268.0
288.0
269.0
286.0
257.0
301.0
315.0
269.0
257.0
257.0
283.0
284.0
248.0
274.0
335.0
280.0
297.0
244.0
255.0
248.0
320.0
254.0
299.0
