240.0
231.0
255.0
272.0
242.0
234.0
242.0
225.0
268.0
201.0
261.0
335.0
234.0
247.0
308.0
253.0
235.0
263.0
254.0
286.0
265.0
316.0
307.0
241.0
230.0
251.0
246.0
210.0
227.0
280.0
272.0
306.0
262.0
275.0
243.0
286.0
258.0
250.0
269.0
253.0
309.0
225.0
264.0
268.0
256.0
281.0
256.0
243.0
245.0
263.0
248.0
270.0
229.0
241.0
246.0
236.0
266.0
242.0
244.0
244.0
282.0
256.0
280.0
263.0
223.0
225.0
278.0
276.0
248.0
251.0
258.0
266.0
322.0
280.0
277.0
240.0
303.0
231.0
302.0
275.0
248.0
295.0
236.0
255.0
243.0
315.0
286.0
274.0
243.0
277.0
229.0
281.0
245.0
296.0
247.0
291.0
242.0
298.0
249.0
237.0
260.0
237.0
239.0
279.0
255.0
255.0
268.0
322.0
243.0
242.0
233.0
285.0
252.0
235.0
279.0
238.0
269.0
229.0
291.0
294.0
257.0
236.0
253.0
237.0
258.0
247.0
225.0
269.0
271.0
271.0
218.0
244.0
279.0
249.0
242.0
203.0
257.0
250.0
243.0
240.0
244.0
256.0
258.0
239.0
305.0
274.0
307.0
255.0
250.0
254.0
283.0
239.0
257.0
273.0
221.0
253.0
237.0
308.0
263.0
248.0
240.0
328.0
277.0
238.0
296.0
233.0
256.0
270.0
235.0
243.0
237.0
248.0
283.0
293.0
288.0
238.0
269.0
277.0
280.0
246.0
252.0
258.0
288.0
277.0
251.0
261.0
236.0
251.0
283.0
277.0
225.0
279.0
285.0
326.0
248.0
253.0
241.0
230.0
272.0
247.0
