165.0
161.0
173.0
192.0
183.0
180.0
173.0
172.0
162.0
146.0
141.0
133.0
143.0
169.0
149.0
133.0
162.0
169.0
147.0
160.0
141.0
155.0
210.0
168.0
145.0
172.0
145.0
145.0
149.0
147.0
130.0
138.0
202.0
155.0
151.0
179.0
159.0
190.0
187.0
183.0
152.0
200.0
155.0
150.0
163.0
200.0
217.0
152.0
147.0
145.0
164.0
254.0
161.0
158.0
135.0
143.0
160.0
156.0
173.0
159.0
158.0
149.0
172.0
151.0
157.0
139.0
174.0
177.0
173.0
183.0
170.0
137.0
153.0
310.0
159.0
150.0
138.0
177.0
154.0
168.0
156.0
145.0
154.0
186.0
149.0
139.0
145.0
155.0
153.0
140.0
152.0
157.0
198.0
154.0
175.0
178.0
156.0
151.0
161.0
184.0
156.0
170.0
140.0
153.0
152.0
190.0
164.0
181.0
170.0
169.0
162.0
154.0
155.0
154.0
132.0
139.0
168.0
173.0
159.0
148.0
172.0
145.0
175.0
139.0
169.0
141.0
138.0
148.0
150.0
158.0
152.0
137.0
141.0
148.0
144.0
162.0
157.0
149.0
171.0
172.0
186.0
139.0
131.0
151.0
159.0
166.0
136.0
147.0
150.0
158.0
131.0
130.0
145.0
147.0
157.0
156.0
143.0
203.0
145.0
163.0
156.0
137.0
138.0
148.0
167.0
159.0
157.0
195.0
164.0
197.0
150.0
174.0
144.0
150.0
142.0
156.0
148.0
135.0
172.0
155.0
164.0
140.0
166.0
147.0
132.0
202.0
146.0
159.0
184.0
153.0
166.0
140.0
135.0
178.0
179.0
164.0
154.0
198.0
139.0
165.0
