285.0
264.0
258.0
229.0
255.0
232.0
246.0
276.0
298.0
357.0
254.0
335.0
355.0
253.0
277.0
279.0
246.0
342.0
247.0
241.0
241.0
251.0
239.0
260.0
290.0
306.0
267.0
263.0
253.0
249.0
260.0
276.0
261.0
246.0
292.0
280.0
271.0
247.0
272.0
296.0
281.0
261.0
267.0
295.0
241.0
228.0
280.0
241.0
262.0
251.0
241.0
234.0
268.0
261.0
360.0
247.0
253.0
259.0
284.0
302.0
273.0
228.0
323.0
313.0
290.0
240.0
242.0
305.0
228.0
265.0
264.0
303.0
252.0
292.0
270.0
311.0
272.0
243.0
260.0
257.0
273.0
272.0
287.0
269.0
275.0
234.0
253.0
242.0
319.0
243.0
259.0
257.0
260.0
249.0
256.0
230.0
266.0
275.0
214.0
271.0
284.0
248.0
248.0
239.0
321.0
273.0
270.0
324.0
270.0
279.0
288.0
267.0
262.0
296.0
247.0
310.0
271.0
238.0
296.0
351.0
273.0
246.0
259.0
253.0
263.0
251.0
282.0
226.0
251.0
305.0
272.0
318.0
291.0
246.0
286.0
266.0
253.0
264.0
244.0
254.0
261.0
300.0
248.0
289.0
265.0
239.0
234.0
247.0
246.0
258.0
274.0
266.0
224.0
253.0
255.0
248.0
281.0
323.0
233.0
261.0
262.0
276.0
274.0
253.0
268.0
241.0
239.0
268.0
238.0
250.0
270.0
314.0
300.0
239.0
298.0
255.0
238.0
317.0
289.0
277.0
248.0
276.0
261.0
289.0
272.0
231.0
263.0
242.0
249.0
229.0
281.0
253.0
252.0
254.0
282.0
257.0
250.0
277.0
259.0
279.0
