188.0
170.0
135.0
147.0
175.0
147.0
145.0
218.0
139.0
259.0
221.0
189.0
169.0
159.0
174.0
165.0
172.0
193.0
160.0
198.0
166.0
156.0
166.0
162.0
186.0
176.0
139.0
176.0
155.0
238.0
194.0
161.0
160.0
176.0
145.0
164.0
147.0
213.0
214.0
162.0
160.0
151.0
167.0
196.0
154.0
183.0
142.0
183.0
185.0
176.0
382.0
141.0
162.0
168.0
174.0
160.0
182.0
159.0
320.0
199.0
248.0
155.0
180.0
169.0
177.0
190.0
154.0
172.0
203.0
185.0
177.0
161.0
172.0
160.0
217.0
210.0
140.0
163.0
171.0
156.0
272.0
174.0
185.0
170.0
167.0
157.0
163.0
177.0
196.0
152.0
174.0
163.0
156.0
162.0
141.0
195.0
178.0
222.0
171.0
180.0
143.0
186.0
152.0
156.0
151.0
156.0
146.0
123.0
236.0
147.0
174.0
166.0
155.0
180.0
155.0
160.0
149.0
185.0
195.0
193.0
164.0
198.0
186.0
147.0
186.0
185.0
147.0
146.0
153.0
144.0
155.0
171.0
160.0
174.0
221.0
145.0
154.0
193.0
146.0
183.0
156.0
147.0
169.0
162.0
171.0
158.0
155.0
153.0
188.0
205.0
177.0
184.0
168.0
239.0
159.0
143.0
157.0
176.0
239.0
144.0
147.0
177.0
188.0
174.0
165.0
201.0
171.0
171.0
178.0
167.0
157.0
166.0
195.0
169.0
195.0
134.0
183.0
151.0
144.0
175.0
172.0
180.0
166.0
181.0
151.0
155.0
171.0
143.0
212.0
186.0
162.0
146.0
149.0
166.0
159.0
158.0
202.0
168.0
157.0
169.0
