262.0
220.0
242.0
318.0
255.0
266.0
250.0
225.0
305.0
270.0
256.0
311.0
273.0
285.0
264.0
286.0
297.0
257.0
266.0
283.0
265.0
288.0
303.0
308.0
275.0
268.0
273.0
265.0
282.0
260.0
255.0
324.0
302.0
379.0
328.0
238.0
322.0
253.0
237.0
272.0
261.0
239.0
285.0
341.0
285.0
224.0
328.0
305.0
288.0
285.0
261.0
267.0
245.0
238.0
299.0
285.0
303.0
273.0
246.0
262.0
271.0
221.0
250.0
269.0
306.0
248.0
291.0
258.0
276.0
270.0
298.0
243.0
239.0
278.0
256.0
271.0
273.0
256.0
223.0
321.0
227.0
302.0
246.0
265.0
306.0
300.0
265.0
272.0
271.0
298.0
281.0
280.0
243.0
287.0
271.0
271.0
283.0
347.0
276.0
301.0
266.0
276.0
287.0
319.0
273.0
250.0
269.0
235.0
309.0
299.0
290.0
294.0
318.0
261.0
292.0
390.0
257.0
278.0
241.0
237.0
257.0
348.0
309.0
278.0
284.0
298.0
283.0
282.0
255.0
246.0
303.0
298.0
306.0
258.0
265.0
264.0
249.0
269.0
342.0
276.0
341.0
245.0
261.0
308.0
293.0
259.0
390.0
286.0
264.0
232.0
260.0
380.0
341.0
289.0
296.0
230.0
241.0
278.0
258.0
311.0
366.0
303.0
239.0
308.0
304.0
279.0
372.0
261.0
268.0
323.0
341.0
317.0
258.0
244.0
224.0
347.0
303.0
268.0
271.0
261.0
258.0
239.0
228.0
275.0
297.0
217.0
261.0
402.0
280.0
247.0
255.0
313.0
302.0
241.0
307.0
349.0
273.0
286.0
274.0
287.0
