225.0
270.0
239.0
257.0
288.0
282.0
196.0
198.0
354.0
390.0
373.0
357.0
328.0
266.0
244.0
316.0
205.0
209.0
200.0
365.0
285.0
200.0
161.0
201.0
244.0
230.0
186.0
181.0
178.0
184.0
210.0
305.0
265.0
261.0
243.0
237.0
233.0
178.0
213.0
235.0
289.0
282.0
286.0
244.0
247.0
226.0
177.0
169.0
209.0
205.0
265.0
249.0
218.0
165.0
219.0
190.0
159.0
258.0
179.0
191.0
198.0
227.0
247.0
183.0
196.0
174.0
185.0
233.0
255.0
182.0
214.0
265.0
228.0
439.0
406.0
411.0
461.0
507.0
617.0
633.0
549.0
558.0
496.0
503.0
425.0
484.0
490.0
386.0
369.0
324.0
244.0
231.0
223.0
227.0
219.0
191.0
216.0
182.0
242.0
274.0
243.0
218.0
198.0
162.0
165.0
196.0
228.0
248.0
255.0
171.0
221.0
276.0
275.0
380.0
338.0
274.0
240.0
235.0
241.0
229.0
270.0
234.0
250.0
207.0
209.0
150.0
167.0
156.0
203.0
182.0
169.0
202.0
186.0
205.0
176.0
156.0
165.0
169.0
214.0
159.0
207.0
216.0
190.0
220.0
226.0
175.0
248.0
223.0
296.0
268.0
249.0
203.0
195.0
171.0
187.0
200.0
180.0
197.0
207.0
235.0
208.0
186.0
155.0
164.0
208.0
201.0
223.0
181.0
168.0
169.0
228.0
201.0
205.0
227.0
199.0
216.0
198.0
220.0
210.0
203.0
183.0
224.0
238.0
195.0
201.0
190.0
244.0
417.0
458.0
395.0
328.0
272.0
201.0
246.0
209.0
211.0
220.0
272.0
286.0
258.0
