227.0
240.0
260.0
274.0
274.0
226.0
267.0
208.0
245.0
274.0
298.0
276.0
219.0
229.0
251.0
253.0
274.0
239.0
264.0
267.0
284.0
235.0
249.0
288.0
233.0
258.0
274.0
269.0
267.0
254.0
234.0
263.0
253.0
299.0
254.0
276.0
256.0
229.0
302.0
257.0
251.0
252.0
235.0
254.0
251.0
261.0
232.0
288.0
280.0
287.0
287.0
244.0
264.0
266.0
269.0
244.0
279.0
268.0
292.0
276.0
264.0
361.0
252.0
228.0
240.0
258.0
227.0
277.0
251.0
232.0
239.0
230.0
258.0
264.0
267.0
255.0
266.0
254.0
248.0
256.0
233.0
230.0
296.0
218.0
254.0
277.0
270.0
240.0
231.0
317.0
253.0
240.0
238.0
248.0
242.0
232.0
252.0
243.0
237.0
253.0
284.0
298.0
251.0
250.0
308.0
250.0
253.0
266.0
285.0
238.0
284.0
282.0
258.0
250.0
249.0
235.0
242.0
283.0
235.0
239.0
228.0
249.0
260.0
271.0
241.0
249.0
256.0
308.0
219.0
253.0
238.0
240.0
244.0
231.0
250.0
244.0
251.0
256.0
247.0
303.0
301.0
264.0
283.0
281.0
273.0
284.0
232.0
243.0
294.0
221.0
301.0
245.0
253.0
231.0
217.0
277.0
238.0
256.0
262.0
298.0
300.0
257.0
239.0
264.0
219.0
237.0
269.0
287.0
245.0
225.0
264.0
271.0
262.0
298.0
311.0
303.0
255.0
291.0
220.0
268.0
244.0
246.0
237.0
330.0
275.0
227.0
240.0
271.0
266.0
314.0
233.0
237.0
250.0
227.0
226.0
240.0
255.0
273.0
318.0
300.0
