139.0
166.0
134.0
148.0
151.0
184.0
139.0
150.0
149.0
148.0
205.0
146.0
169.0
141.0
138.0
144.0
161.0
156.0
162.0
138.0
156.0
165.0
149.0
150.0
218.0
166.0
170.0
188.0
199.0
204.0
168.0
158.0
169.0
170.0
144.0
182.0
159.0
173.0
160.0
174.0
214.0
146.0
165.0
155.0
182.0
136.0
145.0
153.0
174.0
167.0
164.0
154.0
147.0
177.0
152.0
190.0
144.0
170.0
180.0
154.0
148.0
145.0
150.0
156.0
165.0
159.0
164.0
146.0
124.0
150.0
149.0
150.0
141.0
169.0
135.0
145.0
183.0
138.0
175.0
174.0
152.0
167.0
149.0
156.0
163.0
139.0
146.0
151.0
136.0
175.0
158.0
155.0
181.0
145.0
145.0
157.0
149.0
172.0
153.0
154.0
189.0
140.0
178.0
159.0
145.0
136.0
160.0
228.0
147.0
139.0
157.0
175.0
284.0
167.0
177.0
171.0
187.0
160.0
136.0
156.0
137.0
129.0
139.0
147.0
137.0
146.0
146.0
157.0
202.0
143.0
182.0
146.0
154.0
140.0
180.0
165.0
177.0
150.0
160.0
168.0
156.0
167.0
156.0
184.0
163.0
199.0
149.0
182.0
143.0
216.0
181.0
185.0
186.0
175.0
169.0
194.0
138.0
132.0
162.0
144.0
151.0
149.0
157.0
143.0
134.0
166.0
156.0
153.0
176.0
137.0
161.0
301.0
177.0
213.0
157.0
169.0
179.0
149.0
148.0
166.0
162.0
162.0
154.0
149.0
204.0
161.0
156.0
202.0
135.0
186.0
165.0
213.0
155.0
167.0
151.0
145.0
151.0
146.0
214.0
220.0
