267.0
264.0
281.0
293.0
255.0
251.0
272.0
305.0
233.0
308.0
268.0
297.0
291.0
247.0
272.0
323.0
307.0
237.0
291.0
274.0
327.0
255.0
251.0
270.0
277.0
267.0
258.0
298.0
383.0
376.0
310.0
272.0
245.0
271.0
246.0
323.0
281.0
270.0
297.0
304.0
301.0
277.0
282.0
242.0
252.0
272.0
278.0
283.0
244.0
256.0
271.0
265.0
280.0
266.0
385.0
235.0
252.0
371.0
265.0
282.0
288.0
262.0
276.0
262.0
328.0
259.0
285.0
222.0
282.0
237.0
265.0
357.0
256.0
260.0
250.0
247.0
284.0
307.0
284.0
267.0
262.0
274.0
269.0
284.0
244.0
296.0
245.0
310.0
253.0
306.0
307.0
283.0
280.0
265.0
258.0
271.0
323.0
297.0
239.0
240.0
274.0
267.0
298.0
260.0
308.0
333.0
250.0
267.0
253.0
259.0
271.0
279.0
265.0
252.0
286.0
259.0
236.0
264.0
298.0
260.0
255.0
297.0
285.0
283.0
242.0
272.0
338.0
237.0
336.0
284.0
270.0
290.0
273.0
261.0
286.0
268.0
293.0
251.0
251.0
260.0
250.0
272.0
252.0
261.0
292.0
251.0
269.0
282.0
249.0
320.0
304.0
303.0
298.0
266.0
262.0
257.0
263.0
282.0
286.0
257.0
327.0
290.0
296.0
243.0
270.0
287.0
319.0
235.0
287.0
272.0
267.0
298.0
273.0
277.0
283.0
242.0
237.0
263.0
346.0
252.0
256.0
316.0
298.0
285.0
279.0
269.0
285.0
266.0
295.0
259.0
276.0
259.0
275.0
285.0
253.0
261.0
322.0
340.0
273.0
268.0
