524.0
649.0
816.0
799.0
823.0
826.0
828.0
702.0
891.0
742.0
816.0
782.0
725.0
909.0
747.0
703.0
766.0
842.0
798.0
907.0
912.0
826.0
854.0
676.0
871.0
755.0
758.0
748.0
714.0
804.0
852.0
737.0
879.0
893.0
830.0
880.0
764.0
852.0
800.0
741.0
727.0
754.0
812.0
771.0
680.0
757.0
813.0
723.0
884.0
747.0
835.0
702.0
811.0
897.0
850.0
989.0
871.0
787.0
717.0
979.0
841.0
751.0
760.0
842.0
752.0
728.0
793.0
907.0
747.0
918.0
770.0
765.0
731.0
786.0
801.0
830.0
792.0
852.0
828.0
828.0
733.0
833.0
720.0
851.0
718.0
856.0
750.0
906.0
830.0
773.0
754.0
823.0
769.0
773.0
828.0
798.0
655.0
734.0
794.0
833.0
716.0
847.0
920.0
785.0
775.0
740.0
855.0
798.0
882.0
740.0
909.0
810.0
838.0
826.0
791.0
885.0
739.0
713.0
831.0
835.0
718.0
927.0
893.0
735.0
729.0
797.0
867.0
976.0
845.0
726.0
906.0
812.0
689.0
737.0
722.0
916.0
767.0
892.0
800.0
749.0
725.0
806.0
847.0
837.0
672.0
731.0
703.0
854.0
763.0
717.0
807.0
870.0
760.0
862.0
744.0
853.0
840.0
816.0
828.0
734.0
750.0
983.0
756.0
832.0
897.0
722.0
921.0
817.0
824.0
843.0
913.0
789.0
750.0
799.0
777.0
831.0
694.0
767.0
835.0
879.0
777.0
1021.0
786.0
912.0
788.0
807.0
762.0
796.0
821.0
864.0
859.0
802.0
857.0
892.0
799.0
877.0
834.0
841.0
811.0
716.0
