253.0
253.0
249.0
256.0
230.0
256.0
233.0
264.0
250.0
259.0
242.0
253.0
316.0
252.0
266.0
262.0
260.0
259.0
271.0
338.0
243.0
316.0
259.0
237.0
249.0
249.0
244.0
246.0
258.0
256.0
218.0
231.0
226.0
259.0
258.0
311.0
271.0
294.0
267.0
273.0
276.0
264.0
252.0
253.0
243.0
245.0
272.0
265.0
217.0
286.0
226.0
256.0
247.0
236.0
271.0
265.0
247.0
321.0
264.0
267.0
254.0
223.0
277.0
298.0
279.0
253.0
261.0
249.0
258.0
273.0
240.0
263.0
295.0
268.0
241.0
302.0
268.0
224.0
240.0
278.0
273.0
250.0
238.0
223.0
226.0
274.0
241.0
259.0
249.0
240.0
214.0
273.0
250.0
243.0
263.0
267.0
253.0
230.0
256.0
259.0
287.0
321.0
265.0
278.0
246.0
269.0
267.0
287.0
228.0
279.0
254.0
239.0
243.0
235.0
256.0
241.0
325.0
258.0
277.0
245.0
238.0
253.0
240.0
246.0
314.0
234.0
272.0
253.0
245.0
311.0
319.0
252.0
270.0
318.0
248.0
237.0
254.0
308.0
269.0
240.0
263.0
289.0
257.0
257.0
272.0
220.0
288.0
303.0
258.0
255.0
221.0
237.0
260.0
287.0
240.0
229.0
272.0
248.0
256.0
236.0
276.0
245.0
274.0
245.0
290.0
232.0
303.0
253.0
272.0
264.0
230.0
281.0
319.0
269.0
249.0
252.0
298.0
255.0
215.0
231.0
286.0
248.0
271.0
240.0
256.0
273.0
230.0
265.0
312.0
224.0
227.0
293.0
226.0
238.0
319.0
248.0
246.0
284.0
224.0
289.0
