146.0
164.0
168.0
145.0
150.0
132.0
154.0
141.0
150.0
141.0
145.0
145.0
147.0
143.0
158.0
140.0
161.0
132.0
162.0
142.0
146.0
145.0
153.0
142.0
146.0
151.0
151.0
129.0
209.0
127.0
130.0
172.0
158.0
152.0
161.0
146.0
137.0
154.0
162.0
157.0
171.0
172.0
138.0
140.0
162.0
158.0
134.0
149.0
128.0
150.0
152.0
149.0
150.0
132.0
148.0
202.0
171.0
148.0
140.0
159.0
147.0
152.0
160.0
133.0
135.0
150.0
147.0
148.0
137.0
140.0
147.0
138.0
148.0
155.0
152.0
156.0
128.0
143.0
127.0
153.0
174.0
161.0
141.0
151.0
135.0
135.0
132.0
132.0
170.0
171.0
169.0
125.0
133.0
148.0
137.0
152.0
161.0
148.0
137.0
154.0
145.0
121.0
140.0
172.0
161.0
149.0
137.0
148.0
166.0
133.0
210.0
129.0
138.0
143.0
141.0
147.0
141.0
146.0
134.0
153.0
126.0
155.0
158.0
155.0
143.0
140.0
134.0
160.0
138.0
166.0
143.0
146.0
144.0
146.0
153.0
160.0
133.0
133.0
159.0
147.0
149.0
159.0
149.0
173.0
168.0
143.0
154.0
158.0
146.0
135.0
152.0
140.0
132.0
156.0
165.0
145.0
156.0
155.0
130.0
151.0
144.0
146.0
125.0
143.0
139.0
145.0
130.0
146.0
156.0
149.0
170.0
145.0
142.0
164.0
130.0
163.0
147.0
148.0
150.0
162.0
148.0
134.0
152.0
134.0
147.0
134.0
156.0
155.0
150.0
145.0
134.0
143.0
136.0
147.0
145.0
165.0
132.0
175.0
144.0
142.0
