298.0
259.0
235.0
284.0
260.0
243.0
281.0
276.0
258.0
268.0
291.0
245.0
293.0
278.0
286.0
244.0
297.0
244.0
285.0
278.0
306.0
245.0
245.0
221.0
242.0
255.0
243.0
255.0
272.0
245.0
283.0
294.0
253.0
249.0
297.0
252.0
278.0
250.0
226.0
221.0
252.0
236.0
260.0
240.0
222.0
259.0
237.0
236.0
255.0
233.0
300.0
242.0
221.0
242.0
232.0
270.0
259.0
244.0
240.0
311.0
295.0
314.0
251.0
298.0
264.0
276.0
243.0
279.0
270.0
281.0
292.0
227.0
265.0
254.0
206.0
265.0
317.0
279.0
227.0
297.0
299.0
239.0
247.0
278.0
245.0
251.0
248.0
274.0
255.0
243.0
271.0
306.0
228.0
312.0
264.0
264.0
273.0
279.0
287.0
275.0
275.0
261.0
245.0
251.0
305.0
243.0
227.0
289.0
302.0
251.0
241.0
225.0
356.0
250.0
225.0
221.0
273.0
258.0
264.0
268.0
289.0
273.0
285.0
283.0
213.0
296.0
234.0
229.0
257.0
274.0
286.0
243.0
290.0
303.0
274.0
248.0
227.0
297.0
226.0
276.0
281.0
245.0
254.0
363.0
229.0
248.0
281.0
288.0
242.0
258.0
262.0
277.0
265.0
274.0
280.0
313.0
304.0
272.0
243.0
265.0
266.0
342.0
238.0
229.0
242.0
256.0
260.0
272.0
229.0
221.0
312.0
250.0
287.0
265.0
241.0
245.0
254.0
232.0
261.0
260.0
208.0
282.0
248.0
270.0
247.0
248.0
255.0
254.0
271.0
288.0
259.0
267.0
315.0
267.0
288.0
267.0
238.0
260.0
259.0
282.0
