389.0
532.0
590.0
782.0
753.0
708.0
979.0
922.0
729.0
881.0
784.0
823.0
814.0
707.0
764.0
780.0
817.0
818.0
744.0
796.0
839.0
846.0
902.0
789.0
850.0
759.0
796.0
841.0
863.0
802.0
714.0
718.0
716.0
840.0
1050.0
788.0
881.0
805.0
867.0
697.0
881.0
738.0
865.0
812.0
772.0
749.0
851.0
719.0
808.0
884.0
863.0
827.0
666.0
977.0
787.0
792.0
712.0
708.0
774.0
741.0
806.0
787.0
923.0
838.0
849.0
710.0
921.0
1111.0
674.0
746.0
859.0
871.0
732.0
707.0
824.0
905.0
799.0
742.0
680.0
812.0
749.0
694.0
820.0
751.0
711.0
706.0
970.0
976.0
816.0
808.0
838.0
929.0
789.0
703.0
809.0
814.0
723.0
781.0
773.0
898.0
877.0
813.0
738.0
702.0
817.0
718.0
763.0
883.0
734.0
742.0
760.0
842.0
726.0
754.0
878.0
925.0
923.0
761.0
741.0
782.0
780.0
745.0
803.0
768.0
892.0
773.0
773.0
794.0
772.0
752.0
775.0
812.0
709.0
735.0
982.0
764.0
851.0
710.0
822.0
689.0
820.0
728.0
773.0
834.0
729.0
976.0
777.0
856.0
832.0
870.0
768.0
767.0
755.0
729.0
804.0
831.0
738.0
706.0
878.0
700.0
883.0
826.0
766.0
737.0
731.0
1047.0
790.0
815.0
887.0
724.0
896.0
894.0
793.0
798.0
816.0
693.0
753.0
870.0
701.0
808.0
795.0
765.0
848.0
834.0
879.0
977.0
766.0
860.0
774.0
772.0
764.0
766.0
765.0
828.0
803.0
841.0
682.0
716.0
728.0
774.0
