262.0
258.0
282.0
245.0
253.0
306.0
282.0
269.0
294.0
311.0
239.0
249.0
277.0
266.0
296.0
261.0
294.0
287.0
258.0
259.0
239.0
254.0
343.0
294.0
245.0
282.0
298.0
329.0
291.0
292.0
294.0
299.0
268.0
307.0
244.0
307.0
248.0
293.0
304.0
295.0
324.0
258.0
222.0
300.0
251.0
283.0
273.0
291.0
265.0
297.0
256.0
246.0
367.0
267.0
267.0
296.0
266.0
301.0
250.0
238.0
252.0
265.0
295.0
269.0
299.0
243.0
298.0
308.0
233.0
248.0
341.0
235.0
292.0
293.0
249.0
273.0
270.0
319.0
299.0
291.0
249.0
305.0
237.0
302.0
341.0
274.0
282.0
259.0
245.0
266.0
307.0
253.0
254.0
332.0
298.0
262.0
244.0
269.0
268.0
252.0
301.0
291.0
225.0
286.0
283.0
252.0
277.0
243.0
337.0
252.0
252.0
250.0
239.0
309.0
248.0
270.0
276.0
271.0
293.0
269.0
253.0
297.0
266.0
262.0
302.0
224.0
273.0
295.0
298.0
274.0
288.0
261.0
278.0
254.0
250.0
296.0
265.0
256.0
239.0
281.0
256.0
279.0
280.0
294.0
316.0
276.0
330.0
272.0
287.0
276.0
255.0
265.0
304.0
324.0
256.0
349.0
410.0
243.0
281.0
293.0
235.0
266.0
248.0
274.0
303.0
269.0
258.0
275.0
272.0
309.0
247.0
303.0
306.0
266.0
258.0
256.0
284.0
343.0
286.0
263.0
262.0
300.0
252.0
244.0
232.0
257.0
281.0
274.0
274.0
260.0
335.0
278.0
281.0
329.0
250.0
264.0
252.0
288.0
279.0
244.0
