238.0
242.0
268.0
226.0
262.0
276.0
298.0
254.0
272.0
273.0
251.0
261.0
233.0
262.0
301.0
254.0
261.0
297.0
258.0
280.0
282.0
253.0
283.0
257.0
306.0
216.0
286.0
297.0
254.0
305.0
252.0
243.0
355.0
241.0
266.0
338.0
290.0
257.0
255.0
281.0
283.0
291.0
264.0
233.0
264.0
281.0
235.0
245.0
258.0
268.0
292.0
302.0
275.0
258.0
265.0
279.0
328.0
274.0
241.0
249.0
279.0
229.0
342.0
304.0
260.0
262.0
301.0
276.0
269.0
291.0
261.0
255.0
309.0
303.0
263.0
414.0
273.0
277.0
240.0
213.0
299.0
267.0
269.0
278.0
232.0
225.0
313.0
306.0
285.0
270.0
241.0
245.0
277.0
307.0
256.0
305.0
268.0
259.0
282.0
239.0
250.0
232.0
246.0
337.0
275.0
252.0
321.0
278.0
302.0
263.0
272.0
312.0
280.0
273.0
318.0
293.0
270.0
257.0
282.0
261.0
271.0
220.0
277.0
242.0
301.0
256.0
331.0
271.0
265.0
261.0
272.0
242.0
272.0
251.0
287.0
268.0
256.0
269.0
263.0
309.0
304.0
225.0
239.0
256.0
262.0
277.0
262.0
231.0
249.0
257.0
276.0
278.0
271.0
252.0
281.0
302.0
243.0
296.0
259.0
304.0
266.0
304.0
295.0
276.0
266.0
302.0
278.0
305.0
273.0
253.0
303.0
258.0
256.0
257.0
247.0
218.0
245.0
257.0
287.0
263.0
263.0
259.0
266.0
297.0
263.0
292.0
267.0
253.0
290.0
244.0
221.0
261.0
300.0
295.0
276.0
233.0
232.0
299.0
320.0
251.0
