285.0
248.0
243.0
295.0
319.0
252.0
294.0
266.0
294.0
257.0
287.0
287.0
279.0
269.0
294.0
257.0
264.0
318.0
287.0
270.0
283.0
260.0
285.0
237.0
230.0
292.0
319.0
245.0
248.0
263.0
239.0
270.0
316.0
255.0
286.0
256.0
296.0
262.0
271.0
296.0
224.0
267.0
298.0
298.0
293.0
265.0
263.0
292.0
276.0
261.0
273.0
230.0
252.0
246.0
284.0
236.0
257.0
263.0
299.0
277.0
316.0
301.0
297.0
298.0
242.0
373.0
244.0
255.0
283.0
275.0
292.0
272.0
228.0
271.0
253.0
306.0
252.0
247.0
264.0
274.0
352.0
289.0
257.0
273.0
303.0
253.0
267.0
300.0
290.0
262.0
296.0
264.0
271.0
314.0
281.0
293.0
243.0
265.0
266.0
329.0
283.0
286.0
305.0
278.0
299.0
289.0
272.0
259.0
257.0
238.0
253.0
325.0
259.0
271.0
279.0
236.0
303.0
289.0
271.0
257.0
278.0
258.0
262.0
298.0
241.0
288.0
302.0
256.0
265.0
260.0
252.0
276.0
245.0
273.0
292.0
257.0
238.0
271.0
375.0
286.0
293.0
280.0
294.0
256.0
266.0
300.0
258.0
236.0
259.0
266.0
320.0
222.0
279.0
290.0
252.0
280.0
344.0
304.0
272.0
384.0
275.0
250.0
272.0
249.0
256.0
280.0
267.0
377.0
278.0
298.0
261.0
288.0
317.0
253.0
266.0
251.0
263.0
232.0
271.0
281.0
295.0
236.0
327.0
265.0
274.0
314.0
276.0
271.0
256.0
337.0
315.0
246.0
274.0
338.0
321.0
272.0
274.0
265.0
298.0
281.0
