264.0
265.0
269.0
278.0
295.0
253.0
261.0
266.0
259.0
274.0
302.0
298.0
339.0
272.0
254.0
290.0
250.0
236.0
253.0
258.0
231.0
261.0
254.0
273.0
243.0
245.0
243.0
250.0
274.0
280.0
234.0
254.0
287.0
305.0
282.0
230.0
283.0
306.0
231.0
236.0
227.0
264.0
304.0
263.0
258.0
262.0
303.0
327.0
299.0
299.0
266.0
257.0
275.0
275.0
286.0
274.0
245.0
252.0
269.0
242.0
230.0
325.0
252.0
278.0
287.0
258.0
259.0
269.0
284.0
294.0
283.0
258.0
317.0
268.0
250.0
275.0
259.0
303.0
271.0
238.0
244.0
273.0
259.0
307.0
252.0
274.0
246.0
273.0
255.0
300.0
283.0
335.0
243.0
356.0
276.0
199.0
232.0
271.0
253.0
230.0
251.0
239.0
266.0
278.0
235.0
225.0
282.0
279.0
263.0
263.0
298.0
260.0
271.0
262.0
285.0
240.0
252.0
260.0
240.0
260.0
298.0
318.0
289.0
285.0
358.0
234.0
263.0
273.0
278.0
291.0
275.0
278.0
251.0
268.0
286.0
238.0
264.0
258.0
255.0
221.0
238.0
234.0
216.0
252.0
278.0
255.0
297.0
270.0
263.0
225.0
253.0
295.0
244.0
277.0
262.0
235.0
216.0
254.0
293.0
223.0
238.0
249.0
278.0
289.0
363.0
218.0
257.0
234.0
289.0
245.0
272.0
256.0
237.0
322.0
280.0
225.0
261.0
286.0
258.0
236.0
242.0
278.0
266.0
307.0
294.0
352.0
284.0
312.0
286.0
267.0
272.0
314.0
237.0
289.0
275.0
273.0
288.0
234.0
282.0
248.0
