270.0
246.0
265.0
236.0
247.0
220.0
353.0
243.0
250.0
320.0
292.0
371.0
282.0
267.0
311.0
267.0
264.0
237.0
247.0
235.0
244.0
256.0
214.0
265.0
243.0
326.0
253.0
278.0
265.0
261.0
241.0
242.0
233.0
243.0
328.0
296.0
226.0
245.0
263.0
257.0
274.0
262.0
233.0
296.0
295.0
280.0
281.0
260.0
268.0
252.0
291.0
274.0
257.0
255.0
295.0
285.0
275.0
260.0
299.0
270.0
308.0
258.0
249.0
246.0
262.0
249.0
278.0
258.0
276.0
256.0
208.0
248.0
253.0
283.0
283.0
257.0
243.0
253.0
265.0
280.0
279.0
266.0
245.0
274.0
268.0
280.0
279.0
237.0
310.0
231.0
255.0
260.0
258.0
241.0
238.0
260.0
259.0
246.0
235.0
260.0
271.0
273.0
250.0
291.0
307.0
267.0
279.0
276.0
255.0
321.0
236.0
256.0
303.0
254.0
293.0
268.0
248.0
263.0
295.0
231.0
351.0
223.0
352.0
269.0
291.0
259.0
275.0
275.0
254.0
361.0
307.0
263.0
271.0
302.0
299.0
244.0
323.0
224.0
226.0
275.0
259.0
263.0
262.0
332.0
242.0
332.0
262.0
233.0
301.0
259.0
260.0
233.0
256.0
282.0
266.0
319.0
243.0
258.0
278.0
275.0
275.0
258.0
293.0
260.0
239.0
301.0
215.0
264.0
255.0
303.0
269.0
264.0
282.0
288.0
312.0
259.0
267.0
289.0
339.0
260.0
278.0
260.0
327.0
267.0
275.0
244.0
263.0
283.0
246.0
274.0
279.0
265.0
273.0
284.0
263.0
276.0
243.0
219.0
245.0
244.0
