142.0
200.0
184.0
152.0
143.0
174.0
140.0
134.0
156.0
172.0
164.0
181.0
154.0
144.0
164.0
161.0
303.0
161.0
150.0
144.0
146.0
134.0
160.0
135.0
140.0
165.0
164.0
144.0
234.0
202.0
160.0
145.0
182.0
164.0
171.0
153.0
214.0
207.0
139.0
156.0
187.0
162.0
155.0
163.0
164.0
144.0
127.0
136.0
201.0
153.0
148.0
155.0
154.0
192.0
164.0
147.0
151.0
131.0
138.0
148.0
175.0
145.0
170.0
170.0
234.0
174.0
185.0
147.0
159.0
194.0
203.0
176.0
201.0
148.0
160.0
134.0
144.0
130.0
138.0
157.0
131.0
167.0
159.0
138.0
134.0
165.0
154.0
203.0
148.0
141.0
155.0
184.0
152.0
186.0
133.0
145.0
136.0
167.0
166.0
191.0
148.0
155.0
151.0
206.0
150.0
171.0
155.0
205.0
152.0
131.0
143.0
179.0
160.0
171.0
167.0
142.0
140.0
152.0
130.0
159.0
151.0
141.0
165.0
177.0
157.0
142.0
165.0
229.0
153.0
186.0
145.0
161.0
184.0
166.0
148.0
172.0
185.0
166.0
137.0
139.0
169.0
138.0
137.0
155.0
131.0
157.0
182.0
185.0
171.0
138.0
137.0
174.0
144.0
186.0
137.0
143.0
155.0
131.0
206.0
167.0
204.0
166.0
150.0
166.0
150.0
151.0
164.0
159.0
159.0
132.0
164.0
141.0
137.0
172.0
136.0
210.0
256.0
202.0
145.0
192.0
140.0
168.0
148.0
134.0
148.0
163.0
158.0
151.0
145.0
138.0
154.0
138.0
149.0
153.0
187.0
169.0
158.0
166.0
159.0
149.0
