259.0
299.0
247.0
281.0
287.0
268.0
280.0
258.0
245.0
290.0
232.0
260.0
252.0
243.0
301.0
212.0
279.0
225.0
250.0
231.0
286.0
229.0
263.0
234.0
299.0
268.0
365.0
241.0
280.0
228.0
221.0
263.0
302.0
279.0
241.0
220.0
249.0
257.0
281.0
260.0
247.0
258.0
251.0
257.0
271.0
284.0
271.0
285.0
272.0
243.0
229.0
280.0
223.0
280.0
289.0
293.0
217.0
262.0
292.0
312.0
241.0
266.0
260.0
249.0
250.0
273.0
275.0
259.0
275.0
232.0
302.0
241.0
251.0
268.0
266.0
272.0
256.0
223.0
267.0
228.0
315.0
251.0
266.0
295.0
213.0
263.0
264.0
265.0
253.0
253.0
220.0
230.0
249.0
226.0
233.0
276.0
258.0
265.0
278.0
229.0
274.0
281.0
270.0
265.0
284.0
237.0
246.0
227.0
236.0
249.0
253.0
248.0
266.0
263.0
246.0
227.0
239.0
254.0
268.0
227.0
242.0
243.0
272.0
278.0
225.0
225.0
277.0
232.0
277.0
287.0
243.0
240.0
304.0
284.0
226.0
273.0
257.0
268.0
267.0
261.0
319.0
349.0
355.0
275.0
307.0
268.0
282.0
260.0
241.0
280.0
227.0
261.0
257.0
267.0
237.0
241.0
243.0
282.0
287.0
271.0
261.0
319.0
213.0
227.0
244.0
305.0
230.0
303.0
261.0
297.0
263.0
288.0
267.0
252.0
237.0
268.0
238.0
264.0
274.0
258.0
280.0
262.0
254.0
285.0
249.0
295.0
259.0
231.0
238.0
268.0
240.0
243.0
269.0
226.0
273.0
242.0
244.0
263.0
239.0
277.0
