137.0
156.0
144.0
141.0
136.0
137.0
140.0
133.0
195.0
172.0
137.0
146.0
139.0
142.0
161.0
137.0
155.0
150.0
137.0
141.0
174.0
140.0
150.0
138.0
138.0
172.0
146.0
147.0
144.0
149.0
156.0
149.0
201.0
210.0
149.0
150.0
148.0
141.0
138.0
150.0
137.0
148.0
148.0
135.0
129.0
128.0
197.0
151.0
151.0
166.0
152.0
203.0
144.0
147.0
141.0
167.0
160.0
145.0
125.0
149.0
134.0
170.0
149.0
131.0
156.0
147.0
140.0
172.0
244.0
156.0
155.0
164.0
147.0
181.0
158.0
147.0
141.0
142.0
135.0
121.0
135.0
156.0
158.0
208.0
144.0
136.0
141.0
132.0
146.0
150.0
169.0
134.0
160.0
131.0
165.0
155.0
145.0
131.0
177.0
159.0
136.0
155.0
140.0
150.0
139.0
164.0
129.0
145.0
125.0
136.0
162.0
142.0
147.0
156.0
193.0
143.0
173.0
163.0
139.0
137.0
152.0
132.0
150.0
165.0
133.0
156.0
146.0
130.0
135.0
133.0
167.0
145.0
116.0
147.0
140.0
153.0
130.0
142.0
157.0
147.0
141.0
150.0
162.0
140.0
187.0
152.0
148.0
163.0
166.0
147.0
147.0
133.0
133.0
169.0
139.0
165.0
160.0
178.0
205.0
146.0
153.0
140.0
149.0
159.0
139.0
143.0
141.0
170.0
161.0
138.0
154.0
162.0
153.0
156.0
165.0
182.0
144.0
132.0
168.0
128.0
169.0
144.0
141.0
148.0
140.0
162.0
197.0
150.0
158.0
135.0
153.0
132.0
147.0
131.0
252.0
148.0
173.0
154.0
151.0
139.0
