260.0
242.0
284.0
243.0
218.0
273.0
286.0
255.0
251.0
261.0
220.0
252.0
257.0
229.0
274.0
258.0
237.0
289.0
261.0
214.0
254.0
236.0
223.0
237.0
251.0
273.0
258.0
252.0
237.0
202.0
296.0
272.0
284.0
315.0
215.0
282.0
252.0
246.0
249.0
241.0
278.0
239.0
212.0
269.0
252.0
271.0
228.0
250.0
258.0
239.0
267.0
261.0
278.0
269.0
274.0
235.0
303.0
342.0
291.0
294.0
248.0
293.0
282.0
231.0
260.0
210.0
239.0
239.0
262.0
278.0
257.0
279.0
260.0
263.0
256.0
274.0
313.0
232.0
272.0
235.0
294.0
257.0
269.0
231.0
227.0
239.0
272.0
249.0
226.0
314.0
261.0
272.0
282.0
240.0
252.0
341.0
273.0
230.0
273.0
272.0
303.0
253.0
241.0
228.0
297.0
214.0
232.0
260.0
359.0
233.0
261.0
256.0
317.0
282.0
242.0
249.0
289.0
253.0
277.0
280.0
268.0
251.0
247.0
284.0
250.0
332.0
303.0
254.0
236.0
249.0
290.0
264.0
273.0
247.0
222.0
232.0
248.0
262.0
240.0
241.0
266.0
311.0
217.0
231.0
230.0
262.0
250.0
255.0
257.0
218.0
372.0
290.0
277.0
276.0
249.0
271.0
272.0
233.0
325.0
259.0
238.0
323.0
281.0
231.0
271.0
240.0
245.0
257.0
294.0
251.0
251.0
228.0
265.0
285.0
290.0
218.0
255.0
232.0
228.0
226.0
270.0
260.0
236.0
272.0
267.0
285.0
271.0
253.0
298.0
228.0
357.0
243.0
282.0
279.0
247.0
265.0
234.0
293.0
293.0
251.0
