236.0
224.0
252.0
256.0
264.0
265.0
293.0
256.0
255.0
339.0
267.0
285.0
242.0
274.0
261.0
379.0
297.0
290.0
265.0
253.0
234.0
244.0
240.0
267.0
241.0
241.0
279.0
275.0
253.0
265.0
259.0
299.0
313.0
247.0
244.0
248.0
274.0
288.0
274.0
271.0
242.0
237.0
245.0
263.0
268.0
239.0
272.0
251.0
248.0
241.0
236.0
227.0
237.0
273.0
231.0
263.0
258.0
269.0
262.0
302.0
273.0
225.0
227.0
237.0
275.0
207.0
255.0
285.0
265.0
274.0
265.0
240.0
236.0
302.0
353.0
232.0
251.0
244.0
255.0
264.0
244.0
330.0
213.0
294.0
313.0
277.0
311.0
292.0
295.0
293.0
290.0
263.0
289.0
275.0
244.0
252.0
302.0
247.0
227.0
275.0
231.0
261.0
267.0
283.0
262.0
279.0
276.0
294.0
322.0
253.0
229.0
282.0
265.0
273.0
292.0
300.0
226.0
282.0
306.0
236.0
279.0
309.0
236.0
253.0
310.0
235.0
306.0
227.0
276.0
272.0
281.0
266.0
245.0
309.0
242.0
299.0
241.0
252.0
269.0
275.0
220.0
295.0
278.0
234.0
229.0
261.0
275.0
250.0
249.0
270.0
271.0
274.0
268.0
253.0
263.0
264.0
279.0
252.0
245.0
272.0
230.0
250.0
226.0
259.0
274.0
254.0
270.0
282.0
228.0
276.0
249.0
224.0
236.0
271.0
231.0
253.0
326.0
252.0
277.0
247.0
260.0
275.0
218.0
250.0
233.0
253.0
238.0
245.0
256.0
257.0
231.0
288.0
240.0
255.0
260.0
243.0
271.0
247.0
267.0
253.0
