238.0
276.0
254.0
237.0
288.0
340.0
263.0
245.0
245.0
235.0
268.0
232.0
249.0
257.0
302.0
261.0
252.0
257.0
245.0
307.0
289.0
291.0
262.0
221.0
245.0
263.0
302.0
257.0
285.0
261.0
276.0
275.0
253.0
227.0
305.0
264.0
289.0
325.0
240.0
258.0
294.0
255.0
268.0
270.0
343.0
275.0
252.0
334.0
249.0
226.0
243.0
225.0
251.0
247.0
260.0
278.0
277.0
280.0
234.0
224.0
218.0
206.0
275.0
227.0
245.0
226.0
335.0
246.0
256.0
237.0
260.0
268.0
269.0
271.0
241.0
306.0
276.0
268.0
287.0
314.0
265.0
288.0
239.0
248.0
251.0
278.0
268.0
249.0
220.0
252.0
239.0
294.0
248.0
281.0
252.0
243.0
275.0
241.0
240.0
215.0
237.0
256.0
247.0
250.0
251.0
260.0
211.0
232.0
259.0
236.0
240.0
242.0
256.0
265.0
246.0
259.0
240.0
233.0
236.0
253.0
264.0
258.0
321.0
260.0
263.0
256.0
244.0
246.0
243.0
240.0
252.0
227.0
341.0
293.0
341.0
291.0
295.0
195.0
243.0
248.0
279.0
247.0
213.0
276.0
269.0
283.0
220.0
242.0
327.0
254.0
235.0
300.0
256.0
253.0
274.0
247.0
297.0
243.0
339.0
230.0
293.0
295.0
263.0
295.0
253.0
269.0
233.0
255.0
270.0
235.0
248.0
258.0
238.0
283.0
265.0
282.0
262.0
240.0
257.0
288.0
264.0
250.0
272.0
259.0
226.0
247.0
256.0
226.0
308.0
230.0
312.0
260.0
282.0
220.0
314.0
262.0
269.0
281.0
282.0
234.0
