306.0
255.0
226.0
250.0
236.0
271.0
269.0
247.0
262.0
252.0
286.0
283.0
267.0
239.0
266.0
235.0
259.0
248.0
256.0
241.0
253.0
266.0
229.0
246.0
242.0
225.0
258.0
255.0
285.0
248.0
273.0
265.0
243.0
242.0
292.0
242.0
234.0
238.0
256.0
263.0
225.0
247.0
250.0
233.0
291.0
252.0
340.0
228.0
280.0
263.0
215.0
258.0
339.0
267.0
266.0
242.0
261.0
284.0
238.0
219.0
294.0
285.0
220.0
251.0
232.0
232.0
226.0
256.0
270.0
269.0
230.0
252.0
236.0
304.0
226.0
242.0
231.0
230.0
231.0
261.0
233.0
234.0
271.0
254.0
244.0
334.0
221.0
287.0
268.0
291.0
288.0
333.0
223.0
259.0
248.0
250.0
246.0
236.0
228.0
298.0
277.0
254.0
245.0
239.0
250.0
263.0
251.0
258.0
257.0
269.0
298.0
252.0
255.0
253.0
256.0
258.0
274.0
269.0
307.0
260.0
242.0
264.0
261.0
240.0
235.0
269.0
242.0
265.0
259.0
242.0
256.0
256.0
249.0
238.0
275.0
249.0
259.0
243.0
246.0
263.0
235.0
310.0
244.0
239.0
270.0
287.0
252.0
266.0
326.0
285.0
274.0
259.0
253.0
261.0
323.0
258.0
274.0
311.0
271.0
229.0
245.0
279.0
268.0
226.0
249.0
276.0
270.0
259.0
242.0
226.0
226.0
336.0
290.0
248.0
268.0
259.0
287.0
268.0
239.0
261.0
227.0
234.0
269.0
234.0
317.0
220.0
238.0
339.0
267.0
303.0
240.0
339.0
228.0
253.0
243.0
244.0
237.0
315.0
247.0
311.0
