223.0
242.0
238.0
275.0
248.0
262.0
264.0
252.0
278.0
269.0
245.0
227.0
291.0
297.0
247.0
250.0
298.0
264.0
257.0
278.0
256.0
235.0
219.0
234.0
234.0
243.0
255.0
295.0
270.0
264.0
288.0
299.0
272.0
285.0
241.0
246.0
289.0
362.0
240.0
273.0
240.0
239.0
254.0
280.0
334.0
292.0
228.0
252.0
241.0
263.0
224.0
284.0
258.0
245.0
282.0
275.0
247.0
271.0
233.0
264.0
258.0
236.0
269.0
228.0
249.0
271.0
250.0
280.0
343.0
222.0
252.0
216.0
294.0
295.0
264.0
265.0
216.0
232.0
258.0
261.0
222.0
252.0
274.0
261.0
317.0
306.0
243.0
238.0
281.0
251.0
303.0
226.0
235.0
261.0
273.0
245.0
234.0
239.0
267.0
262.0
278.0
284.0
271.0
274.0
246.0
248.0
254.0
351.0
277.0
247.0
245.0
270.0
268.0
291.0
284.0
299.0
209.0
249.0
293.0
289.0
236.0
311.0
245.0
249.0
267.0
269.0
286.0
307.0
265.0
268.0
263.0
271.0
227.0
283.0
254.0
252.0
231.0
308.0
269.0
329.0
240.0
244.0
271.0
244.0
228.0
279.0
260.0
272.0
268.0
240.0
289.0
254.0
236.0
254.0
257.0
251.0
241.0
255.0
232.0
235.0
252.0
238.0
255.0
268.0
265.0
267.0
259.0
225.0
237.0
304.0
277.0
233.0
259.0
247.0
236.0
257.0
276.0
221.0
233.0
258.0
304.0
278.0
300.0
265.0
253.0
276.0
229.0
247.0
274.0
261.0
223.0
239.0
235.0
255.0
272.0
235.0
290.0
211.0
265.0
228.0
