227.0
262.0
266.0
245.0
224.0
254.0
257.0
219.0
277.0
232.0
252.0
255.0
221.0
289.0
244.0
224.0
277.0
281.0
295.0
285.0
307.0
230.0
231.0
227.0
285.0
305.0
240.0
264.0
259.0
281.0
258.0
269.0
226.0
249.0
237.0
225.0
280.0
255.0
255.0
236.0
261.0
272.0
309.0
283.0
250.0
259.0
217.0
352.0
252.0
267.0
274.0
272.0
279.0
267.0
230.0
259.0
261.0
271.0
247.0
256.0
295.0
277.0
253.0
315.0
229.0
259.0
287.0
289.0
236.0
255.0
230.0
259.0
265.0
226.0
261.0
239.0
248.0
228.0
276.0
250.0
238.0
247.0
251.0
252.0
241.0
277.0
230.0
299.0
269.0
251.0
297.0
274.0
284.0
246.0
261.0
247.0
209.0
269.0
267.0
265.0
220.0
377.0
290.0
226.0
296.0
246.0
296.0
263.0
245.0
279.0
248.0
228.0
273.0
277.0
272.0
261.0
277.0
356.0
242.0
239.0
201.0
280.0
246.0
268.0
245.0
215.0
269.0
268.0
283.0
255.0
249.0
277.0
236.0
251.0
244.0
307.0
210.0
238.0
271.0
284.0
280.0
269.0
246.0
299.0
252.0
239.0
252.0
256.0
227.0
247.0
288.0
283.0
206.0
245.0
362.0
269.0
248.0
239.0
257.0
268.0
279.0
269.0
272.0
222.0
232.0
269.0
250.0
227.0
274.0
257.0
296.0
239.0
248.0
263.0
301.0
230.0
239.0
272.0
274.0
274.0
232.0
242.0
255.0
274.0
267.0
252.0
229.0
314.0
286.0
257.0
251.0
314.0
244.0
268.0
228.0
285.0
227.0
227.0
258.0
269.0
