245.0
250.0
261.0
248.0
284.0
219.0
265.0
275.0
246.0
262.0
261.0
276.0
283.0
220.0
239.0
334.0
284.0
306.0
307.0
250.0
287.0
290.0
268.0
272.0
303.0
299.0
289.0
264.0
235.0
248.0
241.0
246.0
260.0
255.0
241.0
241.0
238.0
256.0
245.0
238.0
246.0
220.0
273.0
261.0
250.0
270.0
272.0
221.0
272.0
281.0
245.0
263.0
280.0
284.0
258.0
222.0
264.0
282.0
236.0
273.0
293.0
252.0
312.0
224.0
253.0
245.0
248.0
260.0
277.0
269.0
267.0
235.0
251.0
254.0
254.0
326.0
272.0
244.0
245.0
242.0
253.0
267.0
257.0
219.0
260.0
256.0
244.0
235.0
267.0
225.0
248.0
257.0
282.0
235.0
353.0
269.0
258.0
279.0
250.0
279.0
272.0
281.0
301.0
252.0
236.0
270.0
248.0
285.0
258.0
232.0
211.0
229.0
276.0
232.0
263.0
265.0
263.0
278.0
246.0
222.0
337.0
273.0
252.0
260.0
241.0
259.0
229.0
284.0
233.0
228.0
251.0
289.0
251.0
250.0
259.0
286.0
261.0
259.0
264.0
330.0
266.0
249.0
341.0
259.0
306.0
300.0
300.0
237.0
243.0
270.0
248.0
261.0
279.0
307.0
252.0
257.0
309.0
225.0
294.0
272.0
230.0
243.0
226.0
254.0
266.0
215.0
279.0
277.0
285.0
248.0
318.0
268.0
278.0
256.0
243.0
299.0
236.0
287.0
227.0
290.0
269.0
285.0
256.0
233.0
283.0
266.0
317.0
287.0
265.0
238.0
270.0
211.0
257.0
206.0
230.0
289.0
223.0
236.0
231.0
270.0
