216.0
144.0
153.0
148.0
130.0
176.0
157.0
125.0
132.0
169.0
132.0
154.0
154.0
163.0
154.0
146.0
162.0
135.0
155.0
181.0
291.0
181.0
162.0
164.0
158.0
143.0
160.0
146.0
152.0
157.0
146.0
182.0
149.0
159.0
169.0
145.0
153.0
147.0
141.0
212.0
176.0
136.0
133.0
168.0
275.0
162.0
178.0
212.0
152.0
179.0
168.0
158.0
138.0
149.0
152.0
141.0
149.0
267.0
144.0
133.0
158.0
246.0
167.0
155.0
148.0
151.0
151.0
176.0
172.0
142.0
136.0
174.0
149.0
146.0
183.0
150.0
167.0
168.0
146.0
154.0
152.0
164.0
136.0
167.0
151.0
265.0
152.0
141.0
143.0
145.0
157.0
200.0
141.0
129.0
150.0
150.0
141.0
172.0
166.0
138.0
149.0
135.0
173.0
167.0
192.0
147.0
145.0
149.0
158.0
128.0
145.0
157.0
175.0
178.0
152.0
220.0
158.0
154.0
163.0
139.0
140.0
168.0
148.0
155.0
125.0
182.0
151.0
149.0
186.0
165.0
173.0
167.0
180.0
154.0
171.0
146.0
166.0
148.0
142.0
178.0
158.0
149.0
163.0
145.0
141.0
162.0
137.0
148.0
151.0
149.0
157.0
174.0
180.0
157.0
148.0
160.0
151.0
136.0
143.0
154.0
141.0
136.0
169.0
147.0
149.0
157.0
156.0
127.0
138.0
137.0
152.0
137.0
160.0
157.0
135.0
145.0
128.0
151.0
143.0
153.0
178.0
137.0
143.0
168.0
278.0
150.0
151.0
144.0
146.0
123.0
148.0
159.0
232.0
142.0
166.0
139.0
143.0
158.0
134.0
160.0
