198.0
143.0
140.0
149.0
147.0
131.0
187.0
128.0
131.0
153.0
176.0
139.0
132.0
135.0
141.0
172.0
157.0
162.0
144.0
153.0
147.0
153.0
156.0
131.0
145.0
146.0
170.0
160.0
174.0
160.0
126.0
165.0
131.0
132.0
144.0
139.0
157.0
153.0
147.0
163.0
146.0
181.0
148.0
154.0
152.0
156.0
152.0
129.0
189.0
162.0
137.0
141.0
216.0
146.0
266.0
167.0
158.0
164.0
159.0
149.0
156.0
149.0
182.0
137.0
156.0
147.0
200.0
203.0
126.0
164.0
191.0
154.0
153.0
170.0
178.0
144.0
159.0
167.0
159.0
150.0
159.0
171.0
165.0
173.0
163.0
154.0
171.0
149.0
139.0
166.0
149.0
168.0
159.0
151.0
132.0
167.0
275.0
143.0
153.0
131.0
293.0
163.0
151.0
144.0
149.0
156.0
142.0
145.0
143.0
143.0
142.0
153.0
130.0
164.0
188.0
166.0
144.0
162.0
128.0
179.0
154.0
169.0
149.0
140.0
157.0
145.0
145.0
153.0
156.0
173.0
168.0
216.0
160.0
190.0
156.0
145.0
188.0
154.0
156.0
143.0
185.0
160.0
180.0
168.0
159.0
153.0
142.0
168.0
148.0
146.0
140.0
152.0
145.0
137.0
165.0
173.0
145.0
152.0
163.0
161.0
152.0
182.0
135.0
128.0
138.0
142.0
173.0
128.0
141.0
173.0
233.0
145.0
138.0
168.0
130.0
157.0
162.0
142.0
157.0
147.0
140.0
207.0
143.0
154.0
172.0
152.0
136.0
162.0
171.0
168.0
169.0
160.0
147.0
140.0
166.0
175.0
154.0
122.0
137.0
147.0
