244.0
260.0
257.0
260.0
220.0
251.0
250.0
256.0
258.0
237.0
255.0
264.0
227.0
211.0
208.0
280.0
238.0
306.0
252.0
231.0
265.0
228.0
293.0
221.0
217.0
227.0
236.0
237.0
254.0
256.0
274.0
272.0
256.0
259.0
278.0
253.0
281.0
251.0
264.0
238.0
248.0
275.0
259.0
267.0
255.0
274.0
279.0
277.0
274.0
272.0
260.0
227.0
266.0
236.0
293.0
269.0
255.0
256.0
256.0
302.0
237.0
301.0
236.0
251.0
253.0
245.0
303.0
211.0
238.0
227.0
262.0
249.0
312.0
293.0
251.0
272.0
274.0
260.0
252.0
245.0
240.0
258.0
272.0
245.0
253.0
258.0
246.0
271.0
234.0
244.0
248.0
266.0
279.0
249.0
271.0
276.0
246.0
232.0
246.0
266.0
237.0
251.0
240.0
255.0
282.0
221.0
296.0
241.0
241.0
240.0
274.0
284.0
245.0
214.0
270.0
277.0
256.0
268.0
311.0
285.0
242.0
250.0
252.0
272.0
254.0
259.0
272.0
280.0
251.0
236.0
281.0
263.0
297.0
313.0
249.0
283.0
244.0
288.0
272.0
233.0
245.0
278.0
257.0
216.0
242.0
222.0
269.0
239.0
317.0
246.0
286.0
241.0
245.0
242.0
287.0
256.0
258.0
263.0
287.0
259.0
294.0
231.0
278.0
225.0
229.0
255.0
271.0
259.0
276.0
258.0
268.0
260.0
319.0
246.0
241.0
274.0
263.0
251.0
250.0
273.0
252.0
273.0
257.0
244.0
283.0
246.0
255.0
262.0
251.0
246.0
240.0
249.0
264.0
231.0
320.0
277.0
259.0
266.0
276.0
201.0
