273.0
290.0
271.0
263.0
307.0
277.0
228.0
222.0
255.0
250.0
263.0
233.0
282.0
268.0
247.0
257.0
302.0
222.0
252.0
235.0
256.0
285.0
226.0
263.0
238.0
252.0
258.0
290.0
285.0
246.0
250.0
243.0
261.0
261.0
248.0
251.0
263.0
261.0
245.0
251.0
250.0
278.0
244.0
230.0
239.0
263.0
266.0
253.0
241.0
293.0
235.0
235.0
278.0
257.0
249.0
241.0
248.0
230.0
247.0
247.0
211.0
252.0
252.0
267.0
221.0
227.0
226.0
289.0
255.0
266.0
266.0
255.0
277.0
230.0
221.0
280.0
239.0
229.0
245.0
262.0
285.0
288.0
268.0
248.0
236.0
253.0
238.0
272.0
278.0
286.0
264.0
284.0
275.0
235.0
241.0
250.0
241.0
270.0
292.0
233.0
240.0
251.0
263.0
255.0
308.0
240.0
224.0
239.0
251.0
231.0
235.0
225.0
282.0
267.0
252.0
264.0
258.0
252.0
226.0
273.0
258.0
289.0
252.0
306.0
248.0
228.0
265.0
263.0
260.0
295.0
262.0
257.0
237.0
253.0
217.0
263.0
264.0
236.0
267.0
233.0
261.0
247.0
260.0
258.0
245.0
233.0
232.0
213.0
263.0
220.0
227.0
292.0
309.0
273.0
275.0
283.0
250.0
253.0
288.0
222.0
252.0
222.0
231.0
296.0
269.0
273.0
233.0
228.0
283.0
253.0
313.0
259.0
269.0
238.0
297.0
217.0
216.0
230.0
226.0
251.0
273.0
255.0
283.0
236.0
277.0
301.0
301.0
243.0
217.0
230.0
256.0
225.0
241.0
252.0
234.0
234.0
269.0
265.0
233.0
263.0
