263.0
289.0
327.0
258.0
262.0
262.0
254.0
263.0
301.0
289.0
332.0
254.0
262.0
244.0
332.0
240.0
314.0
267.0
299.0
279.0
257.0
246.0
300.0
280.0
242.0
286.0
261.0
262.0
281.0
256.0
283.0
283.0
243.0
276.0
272.0
274.0
281.0
246.0
262.0
287.0
296.0
255.0
302.0
275.0
273.0
284.0
233.0
285.0
284.0
297.0
273.0
271.0
286.0
295.0
223.0
279.0
333.0
228.0
273.0
261.0
231.0
251.0
302.0
230.0
253.0
264.0
308.0
267.0
289.0
228.0
281.0
263.0
270.0
307.0
270.0
258.0
289.0
288.0
272.0
291.0
273.0
293.0
393.0
231.0
272.0
262.0
227.0
246.0
252.0
244.0
299.0
263.0
264.0
243.0
309.0
271.0
358.0
308.0
298.0
260.0
262.0
266.0
271.0
225.0
220.0
246.0
296.0
281.0
323.0
281.0
332.0
261.0
273.0
305.0
272.0
339.0
279.0
277.0
327.0
328.0
282.0
240.0
258.0
228.0
241.0
282.0
277.0
343.0
265.0
237.0
252.0
282.0
264.0
306.0
233.0
288.0
249.0
277.0
290.0
339.0
284.0
258.0
267.0
257.0
270.0
333.0
246.0
289.0
306.0
260.0
265.0
278.0
252.0
241.0
270.0
258.0
272.0
286.0
241.0
282.0
288.0
279.0
321.0
320.0
275.0
301.0
259.0
285.0
250.0
275.0
254.0
249.0
269.0
284.0
282.0
265.0
301.0
277.0
226.0
257.0
238.0
262.0
285.0
328.0
272.0
268.0
297.0
242.0
273.0
295.0
273.0
243.0
262.0
275.0
257.0
251.0
301.0
250.0
357.0
258.0
