241.0
231.0
282.0
240.0
311.0
300.0
270.0
299.0
341.0
246.0
249.0
251.0
216.0
268.0
232.0
244.0
308.0
250.0
294.0
253.0
277.0
234.0
272.0
229.0
257.0
284.0
294.0
248.0
295.0
261.0
274.0
269.0
279.0
264.0
257.0
293.0
250.0
270.0
248.0
277.0
287.0
238.0
226.0
267.0
294.0
240.0
247.0
257.0
264.0
288.0
234.0
261.0
243.0
304.0
281.0
278.0
236.0
247.0
274.0
244.0
249.0
274.0
247.0
209.0
222.0
229.0
262.0
243.0
297.0
299.0
323.0
254.0
321.0
310.0
244.0
231.0
258.0
266.0
317.0
250.0
250.0
309.0
285.0
251.0
288.0
217.0
239.0
269.0
262.0
263.0
251.0
260.0
262.0
233.0
277.0
306.0
239.0
262.0
236.0
272.0
260.0
288.0
274.0
284.0
238.0
272.0
230.0
248.0
263.0
320.0
235.0
250.0
212.0
246.0
221.0
237.0
274.0
256.0
262.0
223.0
257.0
245.0
239.0
277.0
222.0
218.0
267.0
275.0
268.0
226.0
259.0
253.0
228.0
238.0
249.0
259.0
263.0
287.0
270.0
294.0
294.0
253.0
222.0
242.0
230.0
227.0
276.0
271.0
235.0
240.0
220.0
273.0
270.0
262.0
233.0
289.0
268.0
249.0
255.0
247.0
331.0
265.0
249.0
249.0
253.0
252.0
228.0
271.0
300.0
270.0
292.0
309.0
255.0
237.0
304.0
250.0
270.0
290.0
247.0
264.0
294.0
256.0
253.0
308.0
342.0
252.0
240.0
262.0
275.0
236.0
260.0
215.0
243.0
265.0
277.0
269.0
244.0
306.0
284.0
274.0
