248.0
271.0
263.0
271.0
274.0
351.0
290.0
296.0
266.0
271.0
341.0
249.0
268.0
326.0
307.0
278.0
299.0
277.0
266.0
262.0
299.0
281.0
287.0
237.0
267.0
294.0
268.0
274.0
247.0
247.0
288.0
340.0
252.0
299.0
245.0
288.0
248.0
258.0
250.0
259.0
237.0
284.0
257.0
301.0
237.0
271.0
342.0
290.0
252.0
266.0
261.0
299.0
276.0
263.0
241.0
330.0
270.0
300.0
387.0
268.0
298.0
261.0
344.0
288.0
259.0
308.0
306.0
314.0
252.0
318.0
306.0
260.0
287.0
239.0
294.0
348.0
325.0
307.0
245.0
280.0
331.0
251.0
271.0
328.0
273.0
260.0
280.0
270.0
278.0
346.0
277.0
259.0
251.0
307.0
347.0
337.0
305.0
252.0
277.0
266.0
260.0
265.0
274.0
285.0
237.0
329.0
295.0
349.0
273.0
238.0
247.0
254.0
291.0
246.0
280.0
259.0
299.0
263.0
233.0
307.0
365.0
286.0
312.0
326.0
291.0
296.0
304.0
261.0
252.0
222.0
339.0
275.0
298.0
263.0
298.0
287.0
242.0
274.0
324.0
296.0
293.0
313.0
291.0
268.0
273.0
276.0
281.0
285.0
254.0
242.0
280.0
286.0
264.0
296.0
264.0
282.0
258.0
307.0
262.0
275.0
324.0
233.0
356.0
300.0
302.0
256.0
321.0
256.0
244.0
289.0
257.0
343.0
284.0
235.0
272.0
261.0
272.0
269.0
298.0
267.0
251.0
320.0
280.0
283.0
256.0
381.0
268.0
260.0
248.0
308.0
293.0
262.0
345.0
307.0
266.0
271.0
271.0
250.0
230.0
246.0
