214.0
232.0
361.0
376.0
371.0
324.0
287.0
346.0
263.0
251.0
273.0
237.0
189.0
215.0
207.0
277.0
244.0
201.0
185.0
204.0
208.0
185.0
226.0
230.0
246.0
180.0
199.0
226.0
161.0
247.0
314.0
384.0
301.0
330.0
336.0
367.0
318.0
291.0
229.0
197.0
196.0
244.0
235.0
267.0
246.0
255.0
230.0
285.0
263.0
214.0
223.0
176.0
235.0
176.0
213.0
162.0
193.0
158.0
186.0
187.0
224.0
181.0
233.0
246.0
221.0
174.0
212.0
192.0
168.0
259.0
239.0
230.0
173.0
207.0
193.0
282.0
283.0
322.0
326.0
285.0
294.0
304.0
279.0
301.0
256.0
213.0
240.0
215.0
178.0
267.0
228.0
231.0
321.0
315.0
255.0
248.0
230.0
187.0
219.0
175.0
231.0
207.0
158.0
174.0
289.0
204.0
183.0
262.0
260.0
269.0
243.0
283.0
241.0
199.0
223.0
214.0
218.0
294.0
299.0
292.0
457.0
575.0
532.0
543.0
599.0
587.0
475.0
403.0
446.0
350.0
323.0
359.0
404.0
346.0
243.0
263.0
275.0
239.0
222.0
198.0
232.0
325.0
291.0
237.0
232.0
250.0
257.0
230.0
244.0
273.0
197.0
179.0
236.0
240.0
230.0
221.0
187.0
184.0
157.0
243.0
211.0
187.0
206.0
247.0
209.0
255.0
441.0
477.0
435.0
347.0
285.0
341.0
386.0
311.0
223.0
272.0
309.0
292.0
319.0
317.0
362.0
395.0
393.0
304.0
283.0
323.0
310.0
407.0
320.0
248.0
215.0
199.0
187.0
169.0
152.0
223.0
224.0
283.0
259.0
397.0
