147.0
153.0
173.0
205.0
179.0
154.0
252.0
168.0
191.0
198.0
167.0
146.0
180.0
224.0
153.0
162.0
213.0
177.0
163.0
175.0
211.0
237.0
167.0
237.0
149.0
172.0
228.0
187.0
186.0
152.0
154.0
180.0
154.0
187.0
234.0
167.0
216.0
195.0
140.0
165.0
143.0
173.0
193.0
187.0
187.0
155.0
177.0
174.0
169.0
189.0
210.0
154.0
201.0
169.0
159.0
171.0
166.0
158.0
194.0
151.0
163.0
152.0
175.0
157.0
222.0
167.0
181.0
154.0
131.0
159.0
138.0
160.0
223.0
209.0
159.0
154.0
128.0
168.0
167.0
172.0
164.0
169.0
161.0
268.0
189.0
201.0
220.0
200.0
165.0
245.0
155.0
143.0
199.0
218.0
148.0
231.0
173.0
175.0
214.0
172.0
145.0
226.0
165.0
142.0
213.0
150.0
158.0
182.0
156.0
198.0
162.0
218.0
163.0
152.0
134.0
158.0
165.0
244.0
149.0
164.0
178.0
176.0
183.0
158.0
140.0
165.0
168.0
209.0
155.0
163.0
182.0
164.0
209.0
150.0
207.0
177.0
174.0
160.0
177.0
154.0
164.0
155.0
167.0
176.0
179.0
179.0
196.0
146.0
167.0
157.0
190.0
204.0
156.0
155.0
165.0
246.0
179.0
169.0
166.0
152.0
214.0
234.0
162.0
155.0
181.0
150.0
192.0
167.0
250.0
183.0
236.0
178.0
177.0
160.0
198.0
198.0
225.0
218.0
154.0
163.0
191.0
162.0
188.0
211.0
162.0
184.0
267.0
153.0
138.0
194.0
240.0
137.0
201.0
159.0
171.0
165.0
203.0
155.0
161.0
196.0
