244.0
243.0
254.0
274.0
255.0
296.0
253.0
274.0
323.0
295.0
267.0
271.0
265.0
273.0
291.0
277.0
276.0
271.0
310.0
253.0
296.0
246.0
256.0
245.0
234.0
280.0
289.0
247.0
288.0
281.0
295.0
303.0
333.0
280.0
282.0
251.0
255.0
221.0
259.0
256.0
246.0
238.0
292.0
307.0
260.0
264.0
280.0
302.0
264.0
340.0
279.0
306.0
245.0
299.0
272.0
262.0
269.0
293.0
353.0
261.0
289.0
252.0
296.0
268.0
218.0
321.0
283.0
299.0
312.0
255.0
294.0
312.0
320.0
233.0
265.0
299.0
239.0
237.0
251.0
283.0
272.0
285.0
304.0
269.0
293.0
322.0
240.0
263.0
315.0
247.0
257.0
301.0
287.0
269.0
291.0
294.0
236.0
265.0
268.0
257.0
273.0
319.0
308.0
276.0
277.0
300.0
300.0
245.0
320.0
291.0
241.0
241.0
275.0
243.0
308.0
262.0
313.0
241.0
276.0
244.0
296.0
256.0
245.0
272.0
252.0
255.0
231.0
246.0
240.0
323.0
245.0
260.0
292.0
326.0
255.0
254.0
345.0
275.0
269.0
270.0
337.0
289.0
316.0
243.0
250.0
267.0
269.0
254.0
307.0
246.0
276.0
268.0
280.0
254.0
285.0
291.0
265.0
255.0
249.0
278.0
275.0
253.0
248.0
265.0
272.0
284.0
290.0
296.0
270.0
231.0
235.0
321.0
258.0
248.0
238.0
228.0
267.0
311.0
237.0
244.0
249.0
264.0
268.0
269.0
331.0
238.0
315.0
330.0
295.0
254.0
277.0
286.0
263.0
280.0
248.0
284.0
256.0
250.0
394.0
301.0
