188.0
272.0
233.0
208.0
311.0
269.0
198.0
156.0
158.0
229.0
202.0
238.0
162.0
170.0
161.0
171.0
156.0
232.0
255.0
232.0
184.0
189.0
292.0
266.0
212.0
218.0
199.0
156.0
178.0
236.0
193.0
154.0
165.0
198.0
168.0
176.0
231.0
164.0
162.0
172.0
187.0
191.0
235.0
290.0
232.0
206.0
214.0
262.0
206.0
208.0
242.0
213.0
233.0
189.0
183.0
191.0
163.0
202.0
179.0
158.0
231.0
180.0
157.0
182.0
164.0
196.0
240.0
198.0
237.0
193.0
196.0
173.0
185.0
169.0
165.0
217.0
167.0
189.0
203.0
172.0
233.0
175.0
192.0
209.0
199.0
160.0
159.0
189.0
168.0
163.0
160.0
186.0
179.0
165.0
210.0
186.0
149.0
175.0
234.0
225.0
209.0
225.0
169.0
148.0
179.0
176.0
178.0
165.0
222.0
234.0
292.0
297.0
189.0
172.0
165.0
208.0
190.0
180.0
195.0
173.0
180.0
230.0
192.0
263.0
198.0
138.0
164.0
186.0
188.0
208.0
189.0
175.0
190.0
183.0
166.0
171.0
232.0
183.0
163.0
230.0
158.0
183.0
168.0
189.0
179.0
158.0
172.0
211.0
288.0
263.0
208.0
142.0
183.0
173.0
190.0
181.0
214.0
168.0
194.0
210.0
218.0
251.0
207.0
225.0
332.0
241.0
239.0
167.0
162.0
197.0
230.0
307.0
244.0
221.0
195.0
160.0
230.0
190.0
226.0
198.0
186.0
175.0
172.0
234.0
213.0
195.0
158.0
161.0
182.0
198.0
170.0
158.0
158.0
185.0
228.0
174.0
217.0
154.0
172.0
151.0
