271.0
270.0
272.0
291.0
310.0
245.0
351.0
240.0
256.0
297.0
262.0
246.0
285.0
266.0
249.0
266.0
284.0
261.0
251.0
247.0
271.0
290.0
280.0
243.0
254.0
251.0
242.0
303.0
295.0
261.0
268.0
343.0
314.0
230.0
247.0
266.0
256.0
231.0
284.0
305.0
257.0
235.0
263.0
265.0
321.0
269.0
237.0
254.0
256.0
287.0
299.0
247.0
283.0
247.0
278.0
288.0
326.0
250.0
241.0
275.0
290.0
268.0
256.0
249.0
256.0
301.0
255.0
275.0
245.0
265.0
273.0
265.0
320.0
251.0
318.0
231.0
257.0
239.0
263.0
296.0
236.0
254.0
300.0
217.0
250.0
230.0
271.0
301.0
234.0
286.0
267.0
271.0
256.0
276.0
273.0
318.0
249.0
297.0
295.0
249.0
233.0
236.0
251.0
259.0
270.0
261.0
281.0
274.0
249.0
240.0
283.0
239.0
270.0
233.0
263.0
252.0
264.0
306.0
303.0
279.0
318.0
249.0
246.0
241.0
287.0
277.0
250.0
265.0
246.0
306.0
251.0
269.0
272.0
324.0
259.0
255.0
278.0
228.0
230.0
285.0
310.0
319.0
208.0
238.0
301.0
235.0
262.0
260.0
263.0
299.0
225.0
259.0
269.0
276.0
289.0
273.0
259.0
279.0
290.0
243.0
280.0
238.0
301.0
258.0
247.0
231.0
248.0
293.0
263.0
279.0
237.0
262.0
294.0
239.0
297.0
218.0
306.0
306.0
241.0
334.0
280.0
281.0
245.0
288.0
283.0
233.0
224.0
301.0
295.0
301.0
279.0
306.0
262.0
269.0
243.0
290.0
235.0
275.0
305.0
257.0
