137.0
162.0
163.0
133.0
175.0
177.0
146.0
132.0
146.0
149.0
164.0
168.0
162.0
161.0
138.0
170.0
146.0
147.0
144.0
177.0
143.0
157.0
133.0
146.0
146.0
142.0
187.0
158.0
153.0
146.0
182.0
166.0
174.0
160.0
151.0
186.0
154.0
143.0
149.0
166.0
138.0
178.0
186.0
184.0
188.0
137.0
157.0
144.0
168.0
249.0
153.0
157.0
180.0
143.0
165.0
176.0
167.0
158.0
144.0
152.0
154.0
155.0
133.0
140.0
137.0
174.0
172.0
148.0
164.0
166.0
129.0
158.0
158.0
140.0
190.0
161.0
146.0
173.0
154.0
231.0
168.0
142.0
169.0
137.0
192.0
148.0
156.0
142.0
178.0
161.0
157.0
174.0
155.0
159.0
175.0
161.0
148.0
141.0
218.0
174.0
151.0
155.0
136.0
157.0
142.0
123.0
148.0
165.0
181.0
140.0
146.0
150.0
162.0
191.0
172.0
150.0
182.0
137.0
165.0
163.0
145.0
146.0
211.0
173.0
128.0
161.0
144.0
167.0
140.0
200.0
162.0
177.0
167.0
176.0
216.0
171.0
157.0
146.0
131.0
153.0
149.0
148.0
154.0
160.0
189.0
144.0
155.0
149.0
155.0
160.0
140.0
165.0
149.0
148.0
155.0
158.0
175.0
211.0
190.0
212.0
159.0
164.0
138.0
152.0
202.0
127.0
195.0
147.0
140.0
155.0
239.0
163.0
137.0
230.0
156.0
185.0
140.0
142.0
154.0
148.0
135.0
141.0
152.0
148.0
158.0
142.0
141.0
154.0
159.0
141.0
120.0
143.0
168.0
158.0
151.0
157.0
157.0
171.0
142.0
177.0
