254.0
244.0
211.0
255.0
303.0
248.0
226.0
268.0
288.0
271.0
272.0
288.0
256.0
327.0
252.0
233.0
242.0
301.0
240.0
260.0
248.0
262.0
248.0
228.0
286.0
227.0
272.0
243.0
278.0
299.0
274.0
239.0
280.0
254.0
296.0
228.0
276.0
279.0
271.0
253.0
246.0
289.0
268.0
290.0
238.0
247.0
290.0
278.0
268.0
241.0
278.0
245.0
220.0
244.0
295.0
256.0
244.0
327.0
249.0
244.0
262.0
276.0
266.0
255.0
242.0
267.0
278.0
242.0
245.0
265.0
240.0
230.0
246.0
258.0
269.0
269.0
268.0
267.0
261.0
252.0
275.0
300.0
284.0
248.0
291.0
283.0
227.0
256.0
293.0
293.0
282.0
243.0
239.0
242.0
230.0
317.0
277.0
272.0
334.0
236.0
242.0
243.0
282.0
252.0
237.0
245.0
254.0
245.0
213.0
263.0
221.0
279.0
288.0
294.0
250.0
278.0
250.0
240.0
262.0
301.0
272.0
265.0
263.0
260.0
271.0
270.0
259.0
287.0
291.0
268.0
282.0
305.0
265.0
262.0
244.0
252.0
271.0
256.0
285.0
323.0
240.0
258.0
257.0
276.0
282.0
283.0
269.0
318.0
270.0
265.0
244.0
264.0
286.0
284.0
252.0
257.0
270.0
309.0
256.0
246.0
294.0
263.0
269.0
262.0
252.0
300.0
215.0
248.0
260.0
225.0
248.0
231.0
255.0
237.0
293.0
287.0
262.0
230.0
277.0
284.0
225.0
276.0
258.0
270.0
258.0
277.0
273.0
244.0
259.0
260.0
290.0
242.0
242.0
216.0
270.0
231.0
249.0
251.0
248.0
237.0
