610.0
773.0
797.0
790.0
777.0
852.0
891.0
733.0
915.0
782.0
995.0
830.0
807.0
765.0
772.0
710.0
722.0
769.0
839.0
748.0
769.0
749.0
761.0
744.0
781.0
821.0
854.0
804.0
925.0
790.0
703.0
775.0
830.0
850.0
697.0
819.0
775.0
857.0
818.0
721.0
840.0
761.0
803.0
742.0
716.0
774.0
934.0
731.0
792.0
735.0
787.0
780.0
887.0
937.0
908.0
998.0
862.0
905.0
830.0
793.0
935.0
942.0
715.0
857.0
911.0
908.0
864.0
860.0
815.0
866.0
934.0
862.0
907.0
811.0
922.0
784.0
741.0
984.0
801.0
881.0
854.0
923.0
711.0
699.0
718.0
786.0
756.0
819.0
808.0
876.0
828.0
693.0
726.0
806.0
796.0
761.0
934.0
883.0
779.0
844.0
808.0
836.0
936.0
767.0
647.0
807.0
700.0
875.0
767.0
821.0
796.0
814.0
693.0
826.0
719.0
856.0
667.0
789.0
785.0
803.0
790.0
792.0
769.0
960.0
943.0
753.0
756.0
779.0
945.0
801.0
832.0
780.0
873.0
721.0
865.0
775.0
835.0
763.0
744.0
651.0
797.0
764.0
796.0
801.0
919.0
790.0
870.0
765.0
726.0
848.0
779.0
779.0
732.0
765.0
699.0
909.0
776.0
754.0
717.0
850.0
734.0
816.0
724.0
792.0
842.0
718.0
771.0
830.0
808.0
768.0
879.0
811.0
769.0
798.0
676.0
721.0
696.0
758.0
666.0
866.0
726.0
860.0
790.0
884.0
791.0
731.0
807.0
983.0
764.0
752.0
732.0
838.0
959.0
775.0
660.0
797.0
777.0
800.0
830.0
790.0
