210.0
246.0
220.0
160.0
197.0
215.0
276.0
233.0
196.0
231.0
229.0
178.0
157.0
170.0
157.0
178.0
185.0
246.0
235.0
213.0
164.0
237.0
212.0
167.0
164.0
215.0
208.0
207.0
342.0
256.0
192.0
163.0
188.0
183.0
159.0
169.0
195.0
157.0
310.0
199.0
202.0
200.0
199.0
242.0
205.0
212.0
195.0
164.0
257.0
208.0
295.0
255.0
229.0
193.0
207.0
180.0
212.0
184.0
191.0
229.0
186.0
179.0
181.0
175.0
207.0
168.0
160.0
204.0
205.0
184.0
183.0
193.0
164.0
204.0
166.0
184.0
174.0
180.0
175.0
198.0
170.0
197.0
191.0
185.0
164.0
171.0
199.0
295.0
261.0
221.0
180.0
216.0
193.0
187.0
194.0
244.0
175.0
178.0
160.0
301.0
355.0
269.0
245.0
239.0
210.0
197.0
211.0
222.0
171.0
271.0
230.0
194.0
142.0
149.0
216.0
223.0
196.0
170.0
253.0
222.0
269.0
185.0
203.0
197.0
307.0
190.0
208.0
300.0
220.0
158.0
253.0
198.0
169.0
165.0
197.0
209.0
170.0
210.0
254.0
156.0
152.0
165.0
195.0
198.0
161.0
181.0
216.0
192.0
246.0
160.0
203.0
184.0
218.0
199.0
162.0
229.0
163.0
154.0
207.0
273.0
229.0
212.0
196.0
208.0
194.0
166.0
153.0
169.0
164.0
185.0
158.0
240.0
185.0
214.0
160.0
183.0
201.0
191.0
169.0
193.0
157.0
177.0
206.0
173.0
150.0
186.0
213.0
186.0
173.0
169.0
181.0
191.0
194.0
201.0
143.0
192.0
177.0
168.0
183.0
185.0
