253.0
258.0
335.0
274.0
251.0
285.0
335.0
280.0
258.0
278.0
292.0
314.0
235.0
233.0
260.0
281.0
282.0
247.0
257.0
275.0
289.0
242.0
266.0
279.0
315.0
243.0
280.0
261.0
312.0
248.0
242.0
263.0
259.0
246.0
243.0
239.0
264.0
262.0
232.0
257.0
290.0
309.0
253.0
299.0
248.0
240.0
240.0
311.0
291.0
273.0
277.0
273.0
243.0
264.0
265.0
262.0
227.0
267.0
271.0
248.0
262.0
246.0
305.0
270.0
241.0
237.0
266.0
262.0
282.0
241.0
266.0
269.0
257.0
315.0
292.0
267.0
266.0
285.0
254.0
320.0
258.0
261.0
258.0
248.0
317.0
284.0
291.0
300.0
273.0
257.0
300.0
332.0
245.0
297.0
269.0
266.0
260.0
245.0
276.0
262.0
248.0
249.0
266.0
284.0
283.0
325.0
255.0
269.0
295.0
258.0
225.0
241.0
266.0
312.0
277.0
274.0
270.0
262.0
240.0
220.0
398.0
279.0
279.0
324.0
232.0
275.0
257.0
239.0
259.0
268.0
291.0
292.0
244.0
273.0
292.0
227.0
275.0
279.0
275.0
279.0
251.0
276.0
250.0
231.0
259.0
301.0
261.0
249.0
233.0
314.0
245.0
242.0
266.0
260.0
279.0
285.0
264.0
227.0
261.0
239.0
240.0
265.0
248.0
257.0
267.0
228.0
275.0
274.0
246.0
273.0
311.0
238.0
376.0
233.0
261.0
268.0
257.0
270.0
272.0
251.0
254.0
255.0
248.0
255.0
257.0
281.0
271.0
279.0
270.0
256.0
266.0
256.0
252.0
277.0
234.0
318.0
240.0
314.0
307.0
225.0
