191.0
228.0
241.0
231.0
223.0
203.0
200.0
171.0
169.0
168.0
181.0
220.0
158.0
216.0
191.0
186.0
172.0
167.0
172.0
219.0
188.0
191.0
212.0
153.0
204.0
176.0
203.0
241.0
188.0
192.0
161.0
155.0
217.0
204.0
152.0
186.0
147.0
154.0
207.0
154.0
172.0
196.0
209.0
232.0
182.0
159.0
285.0
413.0
289.0
205.0
218.0
230.0
182.0
213.0
254.0
171.0
202.0
166.0
190.0
169.0
212.0
148.0
156.0
206.0
183.0
237.0
177.0
195.0
150.0
171.0
157.0
168.0
157.0
184.0
169.0
194.0
181.0
146.0
184.0
192.0
182.0
206.0
183.0
186.0
222.0
169.0
171.0
233.0
173.0
177.0
148.0
172.0
154.0
222.0
222.0
164.0
171.0
216.0
158.0
185.0
208.0
174.0
239.0
217.0
158.0
212.0
218.0
290.0
219.0
205.0
158.0
379.0
283.0
176.0
205.0
189.0
193.0
195.0
165.0
254.0
202.0
196.0
199.0
179.0
202.0
177.0
140.0
188.0
170.0
223.0
250.0
183.0
168.0
257.0
226.0
265.0
313.0
194.0
190.0
266.0
192.0
194.0
190.0
282.0
242.0
182.0
173.0
181.0
186.0
165.0
248.0
157.0
157.0
159.0
221.0
181.0
185.0
160.0
179.0
186.0
159.0
161.0
199.0
166.0
190.0
205.0
209.0
197.0
151.0
190.0
154.0
315.0
307.0
212.0
273.0
223.0
167.0
183.0
180.0
196.0
301.0
217.0
241.0
152.0
148.0
249.0
158.0
225.0
159.0
207.0
230.0
169.0
144.0
146.0
218.0
169.0
184.0
178.0
161.0
191.0
