246.0
267.0
284.0
297.0
229.0
286.0
287.0
244.0
297.0
261.0
289.0
274.0
232.0
246.0
279.0
221.0
278.0
247.0
275.0
262.0
289.0
289.0
249.0
278.0
239.0
294.0
256.0
249.0
266.0
270.0
215.0
262.0
261.0
250.0
272.0
261.0
259.0
298.0
290.0
253.0
233.0
306.0
268.0
278.0
304.0
232.0
241.0
254.0
233.0
243.0
261.0
307.0
285.0
264.0
307.0
269.0
256.0
260.0
252.0
263.0
268.0
252.0
261.0
265.0
269.0
253.0
243.0
257.0
256.0
265.0
273.0
255.0
295.0
288.0
244.0
253.0
241.0
272.0
343.0
285.0
237.0
243.0
269.0
256.0
247.0
240.0
254.0
251.0
263.0
253.0
272.0
335.0
296.0
277.0
303.0
260.0
238.0
245.0
255.0
297.0
284.0
235.0
295.0
279.0
235.0
300.0
313.0
226.0
276.0
280.0
247.0
340.0
239.0
329.0
242.0
260.0
272.0
260.0
277.0
256.0
260.0
241.0
278.0
267.0
246.0
295.0
245.0
263.0
278.0
255.0
279.0
222.0
228.0
277.0
274.0
268.0
262.0
332.0
330.0
263.0
256.0
263.0
248.0
249.0
309.0
250.0
234.0
274.0
237.0
301.0
299.0
272.0
265.0
247.0
291.0
240.0
272.0
230.0
268.0
265.0
290.0
255.0
256.0
315.0
321.0
225.0
295.0
299.0
258.0
272.0
311.0
247.0
298.0
248.0
279.0
292.0
264.0
303.0
282.0
291.0
272.0
297.0
263.0
262.0
282.0
237.0
271.0
305.0
250.0
276.0
273.0
288.0
278.0
275.0
262.0
285.0
230.0
268.0
248.0
292.0
