260.0
269.0
297.0
284.0
290.0
284.0
298.0
308.0
235.0
221.0
217.0
178.0
151.0
232.0
251.0
319.0
271.0
353.0
412.0
334.0
258.0
238.0
218.0
363.0
431.0
494.0
372.0
337.0
326.0
252.0
231.0
313.0
418.0
467.0
333.0
267.0
270.0
177.0
147.0
226.0
184.0
176.0
229.0
223.0
277.0
255.0
236.0
245.0
249.0
236.0
248.0
216.0
234.0
219.0
169.0
213.0
225.0
220.0
270.0
324.0
362.0
512.0
489.0
515.0
541.0
606.0
533.0
483.0
390.0
370.0
363.0
332.0
439.0
413.0
386.0
378.0
340.0
268.0
229.0
260.0
267.0
190.0
170.0
173.0
158.0
168.0
228.0
258.0
263.0
422.0
378.0
339.0
312.0
277.0
238.0
373.0
442.0
537.0
560.0
533.0
462.0
391.0
380.0
383.0
337.0
302.0
334.0
245.0
265.0
220.0
189.0
178.0
183.0
190.0
208.0
183.0
170.0
172.0
163.0
169.0
227.0
272.0
200.0
205.0
169.0
176.0
161.0
190.0
202.0
281.0
342.0
311.0
378.0
293.0
283.0
263.0
214.0
232.0
238.0
187.0
202.0
225.0
243.0
259.0
444.0
496.0
545.0
497.0
464.0
542.0
621.0
579.0
623.0
636.0
640.0
489.0
416.0
335.0
323.0
255.0
235.0
240.0
276.0
279.0
271.0
255.0
270.0
285.0
200.0
200.0
235.0
322.0
315.0
472.0
509.0
543.0
608.0
605.0
534.0
528.0
430.0
394.0
357.0
323.0
266.0
297.0
258.0
277.0
241.0
289.0
293.0
241.0
232.0
274.0
179.0
196.0
159.0
221.0
283.0
401.0
