264.0
240.0
257.0
253.0
228.0
262.0
266.0
231.0
298.0
222.0
287.0
273.0
256.0
261.0
279.0
225.0
230.0
279.0
245.0
224.0
268.0
263.0
289.0
258.0
270.0
244.0
266.0
243.0
247.0
305.0
253.0
275.0
259.0
236.0
236.0
266.0
226.0
259.0
287.0
251.0
259.0
265.0
325.0
241.0
266.0
246.0
267.0
292.0
229.0
231.0
249.0
276.0
251.0
255.0
212.0
226.0
247.0
273.0
293.0
267.0
269.0
267.0
244.0
225.0
260.0
260.0
287.0
274.0
283.0
271.0
330.0
259.0
255.0
236.0
251.0
287.0
275.0
246.0
281.0
273.0
295.0
239.0
257.0
278.0
251.0
228.0
277.0
251.0
235.0
262.0
230.0
251.0
227.0
281.0
274.0
239.0
288.0
221.0
240.0
278.0
232.0
237.0
300.0
243.0
258.0
280.0
264.0
255.0
270.0
241.0
276.0
244.0
231.0
290.0
301.0
275.0
250.0
243.0
261.0
282.0
274.0
235.0
243.0
220.0
278.0
285.0
245.0
238.0
298.0
243.0
248.0
240.0
279.0
339.0
251.0
259.0
294.0
293.0
251.0
236.0
261.0
248.0
291.0
304.0
268.0
236.0
239.0
262.0
224.0
293.0
224.0
272.0
259.0
238.0
225.0
299.0
224.0
231.0
299.0
280.0
234.0
253.0
312.0
231.0
307.0
261.0
244.0
360.0
297.0
275.0
262.0
252.0
220.0
277.0
237.0
223.0
270.0
236.0
270.0
244.0
304.0
252.0
207.0
252.0
266.0
240.0
287.0
271.0
276.0
217.0
288.0
243.0
307.0
236.0
294.0
356.0
261.0
259.0
242.0
235.0
