153.0
177.0
166.0
168.0
211.0
238.0
140.0
157.0
169.0
154.0
146.0
144.0
251.0
171.0
171.0
150.0
158.0
205.0
162.0
210.0
177.0
128.0
180.0
168.0
175.0
170.0
207.0
180.0
142.0
176.0
162.0
302.0
150.0
146.0
226.0
174.0
145.0
238.0
165.0
218.0
147.0
201.0
198.0
162.0
185.0
162.0
169.0
170.0
167.0
211.0
167.0
176.0
173.0
168.0
133.0
137.0
204.0
172.0
169.0
168.0
237.0
142.0
180.0
140.0
141.0
157.0
163.0
168.0
141.0
150.0
158.0
177.0
173.0
149.0
151.0
196.0
210.0
166.0
147.0
188.0
159.0
213.0
178.0
173.0
197.0
159.0
162.0
148.0
170.0
154.0
200.0
169.0
199.0
176.0
167.0
198.0
202.0
183.0
182.0
211.0
139.0
136.0
163.0
160.0
162.0
158.0
268.0
148.0
157.0
193.0
165.0
144.0
178.0
156.0
164.0
151.0
208.0
196.0
147.0
174.0
147.0
173.0
179.0
167.0
138.0
141.0
190.0
143.0
178.0
294.0
167.0
154.0
158.0
221.0
197.0
208.0
156.0
169.0
148.0
153.0
176.0
153.0
175.0
186.0
295.0
165.0
161.0
175.0
170.0
179.0
191.0
154.0
152.0
158.0
182.0
166.0
189.0
148.0
168.0
170.0
163.0
157.0
138.0
140.0
155.0
146.0
166.0
194.0
157.0
188.0
184.0
196.0
232.0
156.0
187.0
177.0
172.0
145.0
138.0
221.0
200.0
183.0
153.0
179.0
172.0
189.0
146.0
267.0
188.0
153.0
169.0
173.0
166.0
174.0
200.0
169.0
173.0
197.0
172.0
181.0
