142.0
161.0
144.0
132.0
204.0
142.0
172.0
144.0
162.0
129.0
146.0
129.0
178.0
133.0
134.0
143.0
138.0
146.0
164.0
155.0
164.0
196.0
149.0
167.0
145.0
164.0
139.0
133.0
147.0
144.0
156.0
128.0
156.0
170.0
156.0
144.0
146.0
149.0
138.0
165.0
135.0
145.0
138.0
142.0
148.0
152.0
151.0
144.0
186.0
229.0
159.0
157.0
164.0
177.0
178.0
168.0
142.0
177.0
166.0
157.0
144.0
165.0
173.0
137.0
144.0
171.0
231.0
160.0
164.0
141.0
153.0
132.0
169.0
135.0
135.0
144.0
165.0
150.0
157.0
176.0
154.0
134.0
155.0
147.0
189.0
132.0
129.0
147.0
151.0
161.0
120.0
230.0
168.0
136.0
171.0
157.0
157.0
140.0
140.0
160.0
202.0
146.0
149.0
189.0
138.0
146.0
132.0
138.0
227.0
169.0
161.0
155.0
158.0
134.0
161.0
203.0
138.0
132.0
154.0
150.0
183.0
147.0
136.0
133.0
128.0
151.0
142.0
173.0
153.0
175.0
179.0
133.0
146.0
142.0
148.0
158.0
136.0
160.0
142.0
171.0
180.0
162.0
158.0
146.0
148.0
239.0
179.0
138.0
161.0
165.0
149.0
226.0
141.0
139.0
147.0
143.0
164.0
133.0
133.0
168.0
187.0
138.0
160.0
137.0
139.0
174.0
136.0
147.0
184.0
162.0
157.0
141.0
206.0
153.0
166.0
153.0
162.0
165.0
158.0
152.0
140.0
152.0
156.0
161.0
156.0
141.0
152.0
156.0
134.0
164.0
155.0
166.0
151.0
157.0
158.0
148.0
237.0
155.0
148.0
149.0
