252.0
263.0
259.0
229.0
252.0
285.0
239.0
217.0
250.0
265.0
267.0
259.0
241.0
256.0
256.0
231.0
254.0
211.0
256.0
271.0
281.0
267.0
243.0
258.0
240.0
226.0
254.0
229.0
241.0
269.0
217.0
256.0
298.0
271.0
246.0
244.0
263.0
238.0
210.0
240.0
236.0
218.0
295.0
247.0
257.0
284.0
282.0
278.0
262.0
251.0
277.0
245.0
267.0
227.0
289.0
249.0
260.0
276.0
218.0
235.0
245.0
300.0
247.0
294.0
286.0
238.0
274.0
290.0
236.0
250.0
252.0
269.0
255.0
235.0
246.0
260.0
280.0
222.0
237.0
226.0
312.0
238.0
236.0
237.0
263.0
220.0
248.0
242.0
266.0
270.0
292.0
225.0
243.0
234.0
246.0
238.0
285.0
229.0
235.0
247.0
236.0
283.0
308.0
260.0
235.0
233.0
330.0
243.0
277.0
263.0
257.0
255.0
245.0
231.0
261.0
259.0
302.0
284.0
265.0
223.0
238.0
233.0
258.0
269.0
236.0
228.0
248.0
235.0
274.0
267.0
237.0
312.0
260.0
280.0
308.0
268.0
287.0
254.0
239.0
240.0
249.0
260.0
238.0
221.0
272.0
267.0
243.0
264.0
241.0
287.0
303.0
252.0
239.0
257.0
328.0
273.0
237.0
267.0
278.0
306.0
237.0
249.0
289.0
263.0
222.0
239.0
246.0
251.0
230.0
272.0
270.0
289.0
324.0
234.0
304.0
271.0
247.0
252.0
332.0
244.0
256.0
250.0
248.0
222.0
246.0
298.0
261.0
271.0
253.0
252.0
238.0
263.0
275.0
268.0
211.0
250.0
273.0
263.0
275.0
243.0
