155.0
156.0
168.0
184.0
173.0
154.0
259.0
161.0
180.0
246.0
181.0
139.0
134.0
158.0
173.0
221.0
165.0
192.0
157.0
164.0
192.0
230.0
175.0
156.0
179.0
147.0
150.0
299.0
163.0
154.0
171.0
155.0
158.0
158.0
245.0
174.0
160.0
178.0
154.0
156.0
204.0
228.0
282.0
363.0
222.0
164.0
179.0
182.0
218.0
168.0
171.0
200.0
205.0
178.0
170.0
134.0
165.0
201.0
149.0
209.0
159.0
163.0
159.0
214.0
208.0
168.0
171.0
146.0
237.0
166.0
207.0
150.0
238.0
162.0
173.0
162.0
162.0
166.0
174.0
142.0
183.0
175.0
206.0
161.0
175.0
208.0
161.0
174.0
158.0
151.0
284.0
199.0
149.0
202.0
191.0
129.0
186.0
186.0
129.0
147.0
183.0
201.0
185.0
209.0
165.0
158.0
207.0
168.0
161.0
188.0
148.0
164.0
242.0
177.0
227.0
164.0
161.0
198.0
233.0
163.0
189.0
214.0
143.0
173.0
247.0
182.0
148.0
173.0
177.0
154.0
157.0
201.0
174.0
194.0
168.0
185.0
186.0
150.0
159.0
149.0
178.0
152.0
249.0
166.0
239.0
216.0
162.0
185.0
232.0
215.0
203.0
178.0
183.0
181.0
163.0
186.0
159.0
156.0
198.0
161.0
202.0
242.0
189.0
170.0
161.0
163.0
183.0
256.0
149.0
183.0
170.0
144.0
172.0
193.0
194.0
177.0
153.0
174.0
233.0
214.0
192.0
201.0
133.0
138.0
186.0
210.0
158.0
168.0
219.0
215.0
148.0
192.0
150.0
167.0
203.0
162.0
301.0
249.0
200.0
164.0
