136.0
163.0
154.0
140.0
172.0
143.0
129.0
140.0
144.0
129.0
202.0
147.0
168.0
149.0
202.0
131.0
157.0
161.0
166.0
161.0
146.0
155.0
153.0
159.0
151.0
145.0
143.0
119.0
141.0
166.0
153.0
140.0
138.0
162.0
155.0
169.0
152.0
148.0
141.0
156.0
205.0
158.0
147.0
153.0
149.0
151.0
148.0
151.0
150.0
137.0
132.0
139.0
157.0
126.0
139.0
140.0
138.0
176.0
148.0
155.0
135.0
150.0
183.0
136.0
155.0
138.0
167.0
165.0
137.0
140.0
150.0
189.0
169.0
162.0
166.0
129.0
135.0
138.0
144.0
158.0
148.0
154.0
154.0
168.0
150.0
144.0
173.0
182.0
159.0
154.0
159.0
138.0
137.0
178.0
121.0
139.0
168.0
124.0
146.0
186.0
161.0
133.0
159.0
152.0
138.0
205.0
157.0
143.0
158.0
171.0
172.0
183.0
141.0
167.0
156.0
153.0
169.0
162.0
155.0
169.0
149.0
155.0
191.0
148.0
170.0
181.0
180.0
148.0
178.0
183.0
145.0
139.0
144.0
142.0
158.0
159.0
150.0
173.0
152.0
185.0
146.0
154.0
155.0
164.0
159.0
156.0
138.0
144.0
142.0
140.0
157.0
156.0
130.0
220.0
154.0
151.0
139.0
128.0
143.0
150.0
157.0
163.0
181.0
156.0
170.0
137.0
138.0
173.0
139.0
138.0
213.0
174.0
213.0
184.0
143.0
155.0
144.0
150.0
145.0
152.0
150.0
149.0
129.0
163.0
175.0
150.0
168.0
133.0
177.0
139.0
139.0
159.0
132.0
148.0
155.0
156.0
188.0
132.0
143.0
137.0
