264.0
211.0
283.0
260.0
233.0
229.0
221.0
188.0
186.0
196.0
166.0
175.0
173.0
210.0
191.0
179.0
156.0
156.0
144.0
215.0
194.0
298.0
268.0
231.0
231.0
185.0
292.0
257.0
250.0
259.0
264.0
258.0
201.0
191.0
257.0
285.0
408.0
396.0
465.0
434.0
424.0
448.0
298.0
289.0
225.0
230.0
255.0
185.0
199.0
181.0
297.0
238.0
201.0
187.0
172.0
239.0
197.0
205.0
188.0
211.0
220.0
212.0
190.0
179.0
170.0
166.0
200.0
325.0
273.0
249.0
196.0
215.0
187.0
251.0
261.0
200.0
198.0
164.0
195.0
175.0
189.0
181.0
195.0
171.0
242.0
216.0
158.0
162.0
190.0
265.0
215.0
272.0
186.0
221.0
276.0
248.0
210.0
218.0
184.0
173.0
204.0
215.0
192.0
194.0
182.0
222.0
214.0
178.0
171.0
232.0
215.0
194.0
216.0
183.0
178.0
263.0
178.0
141.0
219.0
204.0
203.0
220.0
308.0
398.0
351.0
298.0
284.0
289.0
242.0
342.0
279.0
246.0
308.0
253.0
301.0
324.0
272.0
345.0
345.0
251.0
181.0
178.0
263.0
202.0
222.0
199.0
217.0
173.0
199.0
200.0
230.0
284.0
256.0
213.0
231.0
161.0
218.0
283.0
227.0
239.0
141.0
234.0
298.0
222.0
226.0
243.0
190.0
253.0
174.0
190.0
254.0
230.0
197.0
168.0
176.0
224.0
215.0
211.0
192.0
173.0
224.0
166.0
192.0
153.0
156.0
200.0
175.0
144.0
196.0
309.0
262.0
257.0
192.0
185.0
184.0
162.0
175.0
175.0
232.0
230.0
