295.0
297.0
247.0
299.0
237.0
255.0
276.0
291.0
240.0
302.0
265.0
290.0
262.0
267.0
294.0
275.0
254.0
254.0
292.0
246.0
244.0
245.0
259.0
256.0
279.0
291.0
268.0
229.0
236.0
262.0
265.0
260.0
271.0
260.0
260.0
265.0
279.0
249.0
263.0
265.0
268.0
221.0
257.0
279.0
219.0
251.0
288.0
240.0
269.0
285.0
310.0
208.0
242.0
268.0
246.0
229.0
265.0
257.0
235.0
251.0
253.0
257.0
247.0
248.0
255.0
238.0
266.0
230.0
232.0
238.0
266.0
274.0
277.0
252.0
304.0
241.0
309.0
218.0
253.0
288.0
299.0
277.0
269.0
267.0
282.0
287.0
282.0
291.0
256.0
261.0
344.0
245.0
245.0
240.0
238.0
293.0
271.0
321.0
253.0
239.0
246.0
254.0
247.0
274.0
244.0
245.0
264.0
274.0
254.0
239.0
254.0
276.0
286.0
267.0
296.0
256.0
235.0
253.0
271.0
257.0
236.0
261.0
246.0
267.0
245.0
255.0
236.0
235.0
302.0
231.0
218.0
268.0
261.0
269.0
237.0
247.0
270.0
250.0
255.0
267.0
250.0
261.0
276.0
243.0
304.0
241.0
275.0
283.0
280.0
245.0
248.0
290.0
305.0
283.0
294.0
282.0
297.0
251.0
213.0
216.0
295.0
260.0
248.0
264.0
303.0
265.0
274.0
301.0
265.0
310.0
260.0
281.0
299.0
268.0
228.0
270.0
273.0
228.0
300.0
271.0
245.0
278.0
218.0
235.0
246.0
302.0
250.0
256.0
253.0
283.0
251.0
234.0
281.0
318.0
259.0
251.0
267.0
239.0
275.0
283.0
