287.0
289.0
303.0
286.0
260.0
300.0
276.0
310.0
253.0
288.0
331.0
268.0
258.0
243.0
235.0
392.0
238.0
279.0
291.0
276.0
321.0
229.0
226.0
241.0
243.0
250.0
233.0
245.0
306.0
276.0
242.0
319.0
289.0
274.0
245.0
258.0
238.0
333.0
272.0
303.0
258.0
323.0
236.0
253.0
320.0
287.0
236.0
303.0
361.0
264.0
234.0
319.0
246.0
284.0
250.0
240.0
278.0
319.0
246.0
283.0
247.0
276.0
244.0
266.0
262.0
290.0
285.0
269.0
276.0
322.0
313.0
264.0
241.0
288.0
321.0
284.0
273.0
261.0
253.0
262.0
233.0
247.0
293.0
275.0
241.0
263.0
260.0
293.0
263.0
314.0
265.0
218.0
288.0
294.0
263.0
260.0
243.0
274.0
251.0
280.0
252.0
260.0
265.0
297.0
273.0
269.0
297.0
279.0
237.0
274.0
257.0
257.0
308.0
285.0
279.0
270.0
382.0
308.0
215.0
229.0
307.0
286.0
226.0
319.0
331.0
287.0
298.0
250.0
294.0
250.0
306.0
268.0
233.0
261.0
295.0
261.0
324.0
281.0
299.0
253.0
303.0
303.0
230.0
244.0
270.0
277.0
259.0
226.0
264.0
284.0
267.0
214.0
269.0
287.0
268.0
263.0
283.0
252.0
266.0
247.0
254.0
273.0
267.0
245.0
240.0
269.0
283.0
316.0
257.0
273.0
276.0
259.0
370.0
278.0
285.0
257.0
308.0
443.0
228.0
271.0
286.0
257.0
253.0
313.0
314.0
273.0
302.0
325.0
299.0
243.0
227.0
269.0
317.0
263.0
282.0
265.0
299.0
246.0
246.0
256.0
