287.0
297.0
292.0
260.0
249.0
257.0
278.0
270.0
218.0
257.0
273.0
303.0
272.0
245.0
244.0
314.0
293.0
241.0
253.0
268.0
287.0
240.0
271.0
241.0
254.0
299.0
269.0
257.0
240.0
281.0
248.0
267.0
236.0
264.0
260.0
235.0
214.0
264.0
256.0
208.0
266.0
267.0
273.0
256.0
271.0
259.0
235.0
238.0
242.0
248.0
277.0
294.0
256.0
236.0
278.0
286.0
235.0
278.0
255.0
270.0
223.0
317.0
270.0
256.0
247.0
287.0
264.0
295.0
250.0
280.0
249.0
262.0
248.0
268.0
257.0
244.0
254.0
270.0
263.0
259.0
304.0
271.0
270.0
288.0
320.0
240.0
307.0
287.0
291.0
240.0
251.0
263.0
272.0
260.0
274.0
274.0
251.0
274.0
243.0
287.0
219.0
239.0
285.0
255.0
271.0
229.0
289.0
246.0
273.0
252.0
271.0
297.0
278.0
244.0
236.0
246.0
237.0
314.0
238.0
247.0
268.0
267.0
249.0
255.0
305.0
355.0
287.0
251.0
252.0
264.0
252.0
341.0
292.0
266.0
278.0
265.0
272.0
266.0
293.0
268.0
245.0
263.0
265.0
266.0
310.0
231.0
264.0
260.0
257.0
254.0
301.0
239.0
319.0
252.0
297.0
300.0
262.0
277.0
254.0
240.0
257.0
258.0
240.0
279.0
292.0
250.0
224.0
242.0
284.0
274.0
255.0
268.0
300.0
254.0
238.0
247.0
291.0
248.0
321.0
267.0
295.0
239.0
269.0
256.0
242.0
250.0
283.0
257.0
236.0
232.0
244.0
261.0
258.0
239.0
272.0
248.0
268.0
233.0
260.0
222.0
