152.0
141.0
145.0
175.0
138.0
151.0
151.0
157.0
140.0
137.0
146.0
151.0
154.0
210.0
155.0
146.0
139.0
163.0
134.0
162.0
146.0
169.0
133.0
150.0
173.0
149.0
129.0
121.0
140.0
157.0
150.0
144.0
130.0
155.0
158.0
141.0
135.0
187.0
143.0
154.0
150.0
139.0
138.0
134.0
128.0
130.0
165.0
196.0
165.0
153.0
154.0
152.0
160.0
176.0
149.0
164.0
132.0
159.0
156.0
170.0
139.0
141.0
138.0
141.0
167.0
168.0
153.0
144.0
140.0
165.0
164.0
146.0
150.0
166.0
149.0
180.0
129.0
138.0
165.0
142.0
171.0
145.0
139.0
153.0
127.0
130.0
121.0
150.0
194.0
158.0
141.0
149.0
144.0
123.0
154.0
133.0
156.0
142.0
147.0
146.0
157.0
165.0
155.0
149.0
151.0
131.0
138.0
119.0
148.0
173.0
161.0
145.0
151.0
149.0
143.0
137.0
156.0
139.0
141.0
147.0
139.0
133.0
152.0
148.0
148.0
145.0
174.0
150.0
145.0
146.0
131.0
158.0
164.0
124.0
147.0
147.0
144.0
130.0
138.0
145.0
131.0
165.0
140.0
129.0
143.0
146.0
155.0
144.0
168.0
188.0
163.0
174.0
148.0
153.0
140.0
139.0
148.0
158.0
142.0
151.0
159.0
127.0
163.0
201.0
141.0
179.0
193.0
148.0
144.0
143.0
150.0
164.0
142.0
140.0
161.0
158.0
147.0
161.0
153.0
164.0
146.0
173.0
160.0
150.0
137.0
134.0
149.0
145.0
127.0
141.0
119.0
187.0
159.0
161.0
165.0
133.0
131.0
143.0
126.0
132.0
