168.0
147.0
150.0
171.0
149.0
179.0
200.0
155.0
245.0
184.0
176.0
261.0
168.0
168.0
146.0
219.0
195.0
215.0
221.0
157.0
166.0
147.0
196.0
153.0
187.0
160.0
170.0
167.0
223.0
270.0
149.0
164.0
156.0
141.0
186.0
192.0
155.0
221.0
154.0
138.0
203.0
156.0
146.0
166.0
173.0
151.0
194.0
194.0
173.0
163.0
146.0
168.0
159.0
171.0
144.0
140.0
161.0
325.0
245.0
169.0
148.0
147.0
163.0
184.0
153.0
207.0
140.0
146.0
181.0
213.0
209.0
146.0
177.0
145.0
258.0
145.0
223.0
179.0
214.0
167.0
171.0
137.0
138.0
169.0
164.0
165.0
169.0
183.0
204.0
179.0
203.0
164.0
184.0
192.0
183.0
305.0
164.0
223.0
221.0
207.0
154.0
184.0
171.0
157.0
157.0
179.0
181.0
180.0
166.0
161.0
171.0
199.0
176.0
171.0
139.0
171.0
189.0
167.0
145.0
159.0
145.0
146.0
157.0
151.0
177.0
230.0
149.0
224.0
153.0
152.0
170.0
203.0
150.0
148.0
171.0
251.0
151.0
207.0
156.0
191.0
148.0
150.0
216.0
156.0
168.0
174.0
157.0
193.0
233.0
142.0
150.0
191.0
171.0
175.0
266.0
184.0
216.0
169.0
181.0
175.0
157.0
179.0
163.0
167.0
167.0
175.0
205.0
168.0
176.0
227.0
173.0
148.0
175.0
141.0
174.0
201.0
188.0
198.0
179.0
218.0
262.0
197.0
161.0
195.0
191.0
185.0
176.0
143.0
158.0
176.0
157.0
205.0
141.0
155.0
249.0
182.0
231.0
177.0
180.0
148.0
