273.0
282.0
333.0
288.0
290.0
284.0
220.0
312.0
240.0
220.0
258.0
233.0
310.0
418.0
436.0
478.0
472.0
332.0
266.0
291.0
240.0
211.0
201.0
264.0
286.0
240.0
197.0
170.0
223.0
239.0
202.0
218.0
223.0
218.0
204.0
197.0
197.0
236.0
199.0
331.0
310.0
297.0
313.0
374.0
459.0
413.0
436.0
506.0
546.0
462.0
487.0
559.0
738.0
721.0
735.0
766.0
736.0
715.0
779.0
828.0
630.0
644.0
664.0
613.0
663.0
663.0
787.0
816.0
867.0
880.0
773.0
771.0
835.0
771.0
722.0
812.0
744.0
738.0
726.0
730.0
701.0
674.0
681.0
587.0
588.0
557.0
516.0
609.0
630.0
500.0
437.0
468.0
558.0
515.0
581.0
572.0
547.0
734.0
725.0
732.0
675.0
608.0
657.0
689.0
653.0
656.0
624.0
738.0
834.0
701.0
639.0
715.0
686.0
741.0
862.0
779.0
705.0
726.0
816.0
704.0
684.0
807.0
664.0
605.0
511.0
539.0
620.0
674.0
634.0
594.0
454.0
332.0
300.0
299.0
238.0
213.0
211.0
234.0
276.0
263.0
291.0
226.0
212.0
239.0
229.0
219.0
233.0
320.0
369.0
379.0
420.0
607.0
585.0
617.0
652.0
773.0
625.0
712.0
782.0
615.0
551.0
530.0
592.0
498.0
445.0
435.0
460.0
405.0
360.0
378.0
368.0
294.0
272.0
225.0
215.0
208.0
194.0
191.0
346.0
325.0
228.0
219.0
195.0
178.0
207.0
234.0
193.0
177.0
226.0
228.0
233.0
300.0
301.0
390.0
360.0
299.0
268.0
414.0
407.0
348.0
