162.0
191.0
131.0
163.0
146.0
188.0
166.0
163.0
152.0
140.0
182.0
147.0
175.0
150.0
163.0
145.0
142.0
179.0
162.0
158.0
142.0
207.0
141.0
159.0
143.0
141.0
236.0
178.0
187.0
150.0
167.0
145.0
226.0
158.0
146.0
163.0
146.0
146.0
141.0
140.0
225.0
166.0
126.0
168.0
169.0
145.0
172.0
157.0
147.0
128.0
182.0
167.0
149.0
176.0
200.0
154.0
183.0
139.0
171.0
155.0
157.0
173.0
157.0
170.0
292.0
154.0
163.0
136.0
153.0
168.0
143.0
159.0
140.0
160.0
130.0
164.0
188.0
163.0
138.0
181.0
196.0
160.0
164.0
173.0
166.0
166.0
160.0
177.0
139.0
137.0
151.0
157.0
146.0
163.0
151.0
156.0
154.0
187.0
365.0
199.0
144.0
149.0
186.0
176.0
168.0
166.0
206.0
166.0
138.0
149.0
146.0
148.0
199.0
135.0
150.0
165.0
128.0
155.0
151.0
148.0
149.0
131.0
146.0
145.0
167.0
140.0
157.0
165.0
158.0
190.0
146.0
151.0
149.0
177.0
163.0
147.0
143.0
216.0
155.0
145.0
140.0
150.0
166.0
174.0
148.0
148.0
146.0
145.0
165.0
152.0
133.0
140.0
160.0
157.0
152.0
265.0
166.0
145.0
162.0
171.0
161.0
137.0
153.0
166.0
160.0
158.0
155.0
152.0
182.0
172.0
180.0
180.0
156.0
177.0
159.0
260.0
152.0
160.0
202.0
159.0
227.0
144.0
173.0
143.0
162.0
147.0
130.0
147.0
160.0
159.0
136.0
161.0
169.0
168.0
151.0
121.0
140.0
181.0
163.0
160.0
