275.0
267.0
316.0
248.0
259.0
294.0
291.0
277.0
274.0
283.0
250.0
327.0
246.0
300.0
265.0
279.0
288.0
306.0
256.0
257.0
261.0
236.0
283.0
272.0
278.0
261.0
350.0
347.0
313.0
247.0
248.0
256.0
268.0
279.0
258.0
249.0
247.0
275.0
257.0
231.0
270.0
315.0
256.0
259.0
245.0
268.0
275.0
269.0
271.0
228.0
250.0
244.0
288.0
252.0
256.0
332.0
279.0
275.0
317.0
274.0
271.0
295.0
274.0
262.0
294.0
266.0
262.0
302.0
270.0
246.0
331.0
257.0
290.0
326.0
281.0
252.0
267.0
317.0
331.0
276.0
273.0
281.0
270.0
279.0
242.0
276.0
332.0
264.0
277.0
274.0
237.0
275.0
257.0
243.0
277.0
255.0
253.0
263.0
266.0
285.0
270.0
358.0
249.0
280.0
247.0
310.0
258.0
239.0
262.0
281.0
257.0
317.0
270.0
288.0
276.0
238.0
253.0
275.0
336.0
317.0
363.0
360.0
256.0
262.0
279.0
233.0
346.0
264.0
370.0
288.0
282.0
275.0
264.0
294.0
286.0
261.0
266.0
276.0
257.0
298.0
321.0
275.0
287.0
263.0
292.0
275.0
305.0
246.0
261.0
272.0
286.0
400.0
364.0
294.0
260.0
333.0
277.0
272.0
269.0
271.0
227.0
304.0
245.0
238.0
275.0
315.0
254.0
261.0
288.0
249.0
300.0
243.0
235.0
283.0
276.0
320.0
263.0
267.0
320.0
298.0
277.0
326.0
264.0
304.0
323.0
247.0
293.0
247.0
296.0
306.0
328.0
259.0
266.0
314.0
286.0
245.0
264.0
317.0
319.0
267.0
