296.0
247.0
307.0
313.0
288.0
287.0
237.0
234.0
179.0
152.0
192.0
150.0
156.0
148.0
184.0
147.0
193.0
197.0
149.0
207.0
165.0
232.0
444.0
407.0
308.0
311.0
222.0
181.0
165.0
205.0
151.0
192.0
195.0
301.0
231.0
179.0
237.0
187.0
164.0
176.0
189.0
213.0
368.0
378.0
347.0
342.0
311.0
274.0
251.0
260.0
184.0
157.0
178.0
170.0
164.0
177.0
229.0
246.0
186.0
164.0
176.0
205.0
271.0
211.0
318.0
344.0
231.0
216.0
249.0
176.0
209.0
174.0
190.0
188.0
172.0
218.0
172.0
219.0
246.0
206.0
181.0
279.0
348.0
256.0
228.0
269.0
150.0
175.0
195.0
187.0
200.0
189.0
248.0
323.0
301.0
294.0
243.0
208.0
177.0
201.0
199.0
195.0
192.0
238.0
267.0
270.0
222.0
209.0
197.0
208.0
197.0
182.0
160.0
192.0
195.0
196.0
177.0
180.0
175.0
163.0
207.0
159.0
189.0
196.0
143.0
156.0
181.0
186.0
180.0
181.0
238.0
411.0
401.0
362.0
321.0
286.0
361.0
242.0
245.0
219.0
241.0
263.0
236.0
222.0
234.0
182.0
193.0
194.0
153.0
170.0
210.0
231.0
199.0
186.0
213.0
199.0
161.0
172.0
149.0
145.0
141.0
199.0
223.0
170.0
189.0
198.0
206.0
175.0
178.0
192.0
147.0
159.0
167.0
231.0
225.0
209.0
166.0
152.0
175.0
158.0
178.0
170.0
225.0
273.0
252.0
263.0
199.0
177.0
173.0
254.0
283.0
288.0
271.0
233.0
219.0
237.0
180.0
163.0
160.0
236.0
