257.0
240.0
295.0
295.0
276.0
262.0
236.0
242.0
324.0
290.0
242.0
245.0
275.0
280.0
266.0
286.0
287.0
272.0
282.0
264.0
258.0
229.0
312.0
249.0
244.0
247.0
252.0
305.0
281.0
284.0
274.0
297.0
276.0
284.0
249.0
248.0
280.0
293.0
288.0
273.0
293.0
268.0
271.0
302.0
233.0
251.0
270.0
305.0
272.0
267.0
250.0
306.0
269.0
244.0
316.0
263.0
364.0
291.0
297.0
242.0
384.0
253.0
259.0
250.0
264.0
290.0
285.0
242.0
274.0
246.0
249.0
298.0
335.0
236.0
251.0
268.0
281.0
267.0
298.0
316.0
251.0
342.0
258.0
277.0
298.0
303.0
234.0
279.0
269.0
261.0
310.0
296.0
268.0
277.0
260.0
304.0
275.0
257.0
281.0
279.0
266.0
289.0
251.0
252.0
299.0
337.0
245.0
221.0
347.0
244.0
258.0
277.0
275.0
242.0
296.0
268.0
251.0
243.0
245.0
249.0
284.0
255.0
272.0
309.0
268.0
275.0
354.0
264.0
213.0
278.0
302.0
261.0
259.0
277.0
271.0
266.0
322.0
241.0
278.0
329.0
275.0
283.0
301.0
264.0
290.0
272.0
255.0
244.0
239.0
255.0
339.0
266.0
236.0
259.0
293.0
255.0
302.0
270.0
268.0
250.0
276.0
277.0
252.0
263.0
273.0
287.0
287.0
318.0
269.0
278.0
265.0
288.0
251.0
277.0
343.0
289.0
293.0
276.0
283.0
248.0
304.0
246.0
256.0
320.0
275.0
277.0
253.0
266.0
250.0
268.0
242.0
224.0
256.0
307.0
302.0
239.0
273.0
301.0
244.0
361.0
