344.0
170.0
157.0
152.0
147.0
193.0
209.0
147.0
211.0
168.0
190.0
180.0
166.0
136.0
154.0
156.0
263.0
172.0
136.0
182.0
163.0
179.0
143.0
161.0
157.0
178.0
134.0
224.0
169.0
186.0
272.0
158.0
156.0
140.0
136.0
157.0
217.0
144.0
235.0
153.0
152.0
197.0
143.0
145.0
165.0
176.0
154.0
164.0
152.0
133.0
204.0
152.0
147.0
176.0
187.0
195.0
199.0
145.0
160.0
165.0
151.0
237.0
187.0
157.0
155.0
142.0
165.0
166.0
201.0
173.0
151.0
155.0
183.0
150.0
162.0
193.0
178.0
164.0
173.0
151.0
178.0
256.0
155.0
256.0
185.0
174.0
141.0
168.0
154.0
150.0
178.0
154.0
162.0
196.0
149.0
165.0
192.0
195.0
141.0
186.0
270.0
165.0
164.0
187.0
160.0
170.0
189.0
182.0
154.0
173.0
178.0
171.0
148.0
166.0
189.0
250.0
156.0
146.0
183.0
158.0
143.0
172.0
151.0
201.0
160.0
155.0
173.0
148.0
166.0
194.0
154.0
158.0
179.0
167.0
165.0
179.0
178.0
139.0
185.0
157.0
140.0
153.0
343.0
152.0
216.0
154.0
167.0
149.0
170.0
181.0
163.0
216.0
158.0
189.0
170.0
156.0
162.0
158.0
152.0
172.0
307.0
195.0
157.0
158.0
134.0
157.0
187.0
171.0
184.0
179.0
149.0
251.0
157.0
151.0
148.0
225.0
276.0
156.0
173.0
160.0
170.0
193.0
164.0
153.0
186.0
163.0
146.0
148.0
164.0
211.0
174.0
193.0
181.0
175.0
186.0
212.0
178.0
154.0
144.0
182.0
