194.0
153.0
139.0
129.0
135.0
147.0
155.0
171.0
174.0
161.0
205.0
129.0
133.0
146.0
132.0
149.0
134.0
173.0
213.0
153.0
126.0
150.0
129.0
140.0
148.0
124.0
165.0
144.0
154.0
166.0
155.0
149.0
125.0
132.0
183.0
134.0
128.0
167.0
148.0
144.0
122.0
139.0
182.0
151.0
137.0
163.0
131.0
187.0
164.0
121.0
154.0
200.0
155.0
132.0
169.0
238.0
156.0
146.0
151.0
147.0
145.0
192.0
144.0
132.0
137.0
145.0
155.0
151.0
160.0
160.0
140.0
147.0
193.0
165.0
130.0
143.0
151.0
145.0
138.0
167.0
156.0
146.0
156.0
175.0
151.0
146.0
141.0
131.0
142.0
163.0
163.0
146.0
163.0
161.0
135.0
177.0
140.0
168.0
166.0
147.0
144.0
138.0
152.0
206.0
203.0
193.0
149.0
159.0
134.0
152.0
134.0
129.0
169.0
166.0
145.0
186.0
171.0
148.0
143.0
151.0
148.0
136.0
177.0
144.0
140.0
193.0
145.0
141.0
170.0
188.0
142.0
150.0
156.0
145.0
139.0
168.0
169.0
151.0
139.0
158.0
157.0
159.0
143.0
136.0
142.0
159.0
171.0
136.0
147.0
183.0
179.0
130.0
146.0
166.0
154.0
152.0
164.0
165.0
143.0
142.0
146.0
159.0
146.0
146.0
143.0
141.0
142.0
161.0
162.0
130.0
136.0
140.0
134.0
163.0
245.0
201.0
150.0
143.0
137.0
152.0
138.0
144.0
168.0
164.0
129.0
144.0
155.0
147.0
130.0
137.0
169.0
148.0
157.0
145.0
138.0
129.0
142.0
151.0
148.0
143.0
