268.0
264.0
213.0
277.0
232.0
259.0
335.0
270.0
246.0
257.0
270.0
280.0
305.0
261.0
267.0
232.0
266.0
222.0
248.0
247.0
258.0
316.0
252.0
237.0
293.0
264.0
267.0
236.0
283.0
251.0
260.0
250.0
246.0
248.0
275.0
265.0
253.0
239.0
249.0
252.0
286.0
271.0
255.0
304.0
269.0
263.0
276.0
273.0
311.0
289.0
306.0
312.0
317.0
273.0
282.0
244.0
260.0
241.0
301.0
301.0
332.0
256.0
316.0
260.0
284.0
290.0
235.0
280.0
274.0
257.0
263.0
225.0
252.0
235.0
271.0
318.0
270.0
254.0
250.0
281.0
283.0
292.0
261.0
227.0
277.0
233.0
262.0
247.0
275.0
254.0
286.0
246.0
284.0
307.0
275.0
267.0
239.0
254.0
241.0
259.0
254.0
261.0
269.0
320.0
306.0
332.0
298.0
338.0
264.0
240.0
294.0
253.0
306.0
257.0
301.0
279.0
306.0
250.0
270.0
218.0
243.0
229.0
266.0
312.0
287.0
235.0
262.0
247.0
291.0
272.0
273.0
268.0
214.0
258.0
249.0
248.0
326.0
257.0
276.0
234.0
265.0
214.0
237.0
244.0
297.0
244.0
279.0
337.0
247.0
237.0
220.0
249.0
294.0
247.0
355.0
279.0
254.0
238.0
234.0
270.0
241.0
223.0
246.0
266.0
282.0
248.0
265.0
278.0
310.0
285.0
286.0
261.0
255.0
271.0
263.0
325.0
287.0
257.0
276.0
263.0
239.0
315.0
283.0
286.0
230.0
314.0
264.0
236.0
264.0
302.0
263.0
245.0
245.0
285.0
269.0
256.0
315.0
303.0
290.0
252.0
