286.0
289.0
223.0
233.0
263.0
266.0
212.0
255.0
265.0
266.0
281.0
255.0
248.0
305.0
285.0
221.0
326.0
289.0
225.0
274.0
263.0
268.0
315.0
281.0
233.0
263.0
275.0
313.0
296.0
227.0
250.0
257.0
251.0
256.0
242.0
248.0
278.0
276.0
240.0
237.0
312.0
233.0
297.0
280.0
244.0
240.0
251.0
282.0
242.0
292.0
302.0
249.0
231.0
232.0
247.0
275.0
280.0
298.0
250.0
225.0
239.0
225.0
230.0
264.0
227.0
296.0
253.0
324.0
266.0
257.0
239.0
253.0
231.0
255.0
268.0
272.0
315.0
264.0
304.0
246.0
250.0
240.0
263.0
248.0
255.0
239.0
252.0
263.0
287.0
264.0
260.0
271.0
306.0
274.0
276.0
243.0
274.0
243.0
243.0
269.0
277.0
247.0
252.0
292.0
240.0
234.0
272.0
227.0
277.0
242.0
255.0
261.0
279.0
277.0
267.0
260.0
218.0
283.0
263.0
243.0
273.0
224.0
268.0
295.0
297.0
267.0
256.0
298.0
225.0
252.0
252.0
258.0
263.0
281.0
236.0
230.0
232.0
273.0
232.0
286.0
290.0
237.0
262.0
280.0
231.0
264.0
272.0
228.0
271.0
225.0
252.0
243.0
300.0
278.0
287.0
260.0
260.0
231.0
305.0
275.0
271.0
239.0
267.0
294.0
234.0
243.0
275.0
276.0
297.0
266.0
247.0
227.0
265.0
244.0
284.0
283.0
228.0
306.0
251.0
226.0
241.0
277.0
216.0
248.0
263.0
243.0
267.0
282.0
227.0
229.0
250.0
253.0
241.0
258.0
231.0
253.0
265.0
242.0
222.0
221.0
