247.0
255.0
254.0
278.0
294.0
236.0
253.0
224.0
251.0
364.0
232.0
258.0
242.0
269.0
223.0
270.0
297.0
267.0
255.0
275.0
225.0
232.0
249.0
263.0
264.0
288.0
292.0
229.0
273.0
258.0
239.0
278.0
245.0
279.0
260.0
253.0
252.0
308.0
262.0
256.0
275.0
274.0
283.0
213.0
243.0
258.0
216.0
227.0
236.0
277.0
226.0
293.0
254.0
258.0
245.0
288.0
270.0
260.0
257.0
261.0
303.0
237.0
259.0
235.0
280.0
221.0
220.0
229.0
227.0
250.0
326.0
282.0
266.0
257.0
248.0
299.0
278.0
256.0
259.0
293.0
246.0
293.0
281.0
232.0
291.0
250.0
262.0
250.0
275.0
237.0
267.0
237.0
252.0
249.0
288.0
275.0
227.0
252.0
256.0
250.0
229.0
275.0
285.0
253.0
244.0
269.0
297.0
229.0
332.0
274.0
278.0
268.0
259.0
302.0
296.0
251.0
271.0
270.0
256.0
240.0
275.0
242.0
278.0
264.0
255.0
217.0
211.0
242.0
236.0
240.0
253.0
304.0
230.0
289.0
243.0
238.0
251.0
264.0
259.0
261.0
232.0
270.0
235.0
247.0
271.0
252.0
265.0
223.0
293.0
261.0
240.0
238.0
276.0
268.0
248.0
259.0
262.0
221.0
220.0
302.0
268.0
300.0
267.0
223.0
247.0
254.0
242.0
292.0
296.0
261.0
264.0
333.0
272.0
247.0
271.0
256.0
247.0
221.0
245.0
219.0
230.0
279.0
306.0
239.0
286.0
222.0
236.0
359.0
241.0
273.0
264.0
248.0
301.0
221.0
246.0
241.0
265.0
295.0
291.0
255.0
