147.0
182.0
153.0
148.0
145.0
141.0
162.0
157.0
137.0
137.0
151.0
148.0
146.0
143.0
174.0
152.0
145.0
133.0
196.0
137.0
138.0
135.0
146.0
131.0
148.0
148.0
157.0
136.0
141.0
136.0
150.0
152.0
137.0
171.0
165.0
149.0
141.0
173.0
172.0
130.0
146.0
149.0
150.0
131.0
151.0
147.0
132.0
164.0
146.0
140.0
151.0
158.0
166.0
150.0
143.0
140.0
149.0
130.0
133.0
128.0
148.0
151.0
140.0
129.0
126.0
168.0
152.0
142.0
160.0
149.0
177.0
174.0
152.0
126.0
160.0
130.0
132.0
134.0
171.0
133.0
161.0
136.0
148.0
137.0
134.0
152.0
151.0
149.0
145.0
131.0
157.0
163.0
174.0
141.0
174.0
156.0
156.0
164.0
167.0
133.0
157.0
146.0
140.0
147.0
139.0
135.0
139.0
167.0
137.0
155.0
140.0
177.0
140.0
142.0
143.0
129.0
142.0
127.0
144.0
140.0
149.0
160.0
155.0
147.0
170.0
155.0
156.0
157.0
144.0
153.0
138.0
165.0
161.0
155.0
139.0
131.0
138.0
157.0
122.0
148.0
151.0
158.0
182.0
134.0
173.0
146.0
144.0
143.0
149.0
159.0
161.0
182.0
134.0
133.0
125.0
164.0
181.0
140.0
165.0
142.0
142.0
144.0
144.0
146.0
139.0
149.0
155.0
156.0
140.0
140.0
152.0
149.0
131.0
149.0
191.0
150.0
152.0
140.0
128.0
159.0
130.0
152.0
136.0
170.0
146.0
143.0
189.0
135.0
135.0
200.0
157.0
141.0
183.0
148.0
127.0
241.0
149.0
144.0
139.0
150.0
