137.0
154.0
144.0
136.0
142.0
173.0
140.0
163.0
154.0
168.0
134.0
142.0
139.0
131.0
146.0
156.0
165.0
154.0
155.0
128.0
143.0
144.0
149.0
162.0
174.0
164.0
157.0
153.0
129.0
155.0
125.0
129.0
144.0
127.0
146.0
144.0
149.0
125.0
135.0
159.0
141.0
151.0
134.0
142.0
140.0
135.0
144.0
159.0
165.0
169.0
167.0
127.0
144.0
135.0
144.0
145.0
161.0
129.0
142.0
149.0
135.0
130.0
145.0
148.0
154.0
164.0
158.0
157.0
140.0
142.0
141.0
149.0
153.0
139.0
152.0
148.0
142.0
148.0
144.0
135.0
140.0
146.0
143.0
149.0
129.0
149.0
146.0
140.0
144.0
143.0
142.0
162.0
173.0
158.0
135.0
138.0
144.0
159.0
132.0
135.0
138.0
151.0
150.0
153.0
161.0
136.0
143.0
142.0
137.0
151.0
157.0
166.0
133.0
145.0
133.0
156.0
126.0
145.0
146.0
137.0
154.0
133.0
141.0
142.0
137.0
128.0
142.0
174.0
130.0
144.0
142.0
137.0
151.0
140.0
122.0
144.0
133.0
144.0
144.0
152.0
132.0
127.0
153.0
131.0
197.0
130.0
163.0
144.0
149.0
141.0
150.0
145.0
137.0
157.0
137.0
132.0
126.0
135.0
159.0
129.0
165.0
136.0
146.0
130.0
139.0
158.0
145.0
141.0
148.0
154.0
135.0
160.0
162.0
130.0
152.0
157.0
135.0
141.0
135.0
137.0
133.0
142.0
141.0
136.0
154.0
157.0
136.0
161.0
148.0
149.0
159.0
155.0
135.0
137.0
146.0
171.0
142.0
166.0
137.0
174.0
