238.0
244.0
277.0
264.0
235.0
222.0
221.0
291.0
231.0
261.0
227.0
264.0
255.0
255.0
253.0
283.0
229.0
298.0
237.0
259.0
237.0
251.0
275.0
320.0
249.0
253.0
248.0
268.0
238.0
278.0
275.0
281.0
232.0
237.0
241.0
235.0
273.0
254.0
290.0
320.0
257.0
234.0
241.0
319.0
251.0
300.0
248.0
231.0
279.0
248.0
249.0
278.0
260.0
276.0
272.0
279.0
239.0
269.0
275.0
291.0
324.0
213.0
260.0
225.0
221.0
273.0
311.0
237.0
254.0
308.0
252.0
269.0
284.0
276.0
269.0
271.0
227.0
264.0
236.0
284.0
280.0
235.0
362.0
243.0
235.0
310.0
307.0
230.0
226.0
225.0
300.0
282.0
253.0
251.0
294.0
290.0
255.0
276.0
241.0
240.0
273.0
246.0
291.0
244.0
250.0
236.0
272.0
273.0
245.0
243.0
255.0
282.0
319.0
269.0
232.0
229.0
264.0
255.0
249.0
271.0
277.0
256.0
265.0
244.0
319.0
239.0
275.0
251.0
254.0
244.0
243.0
273.0
281.0
229.0
255.0
281.0
245.0
244.0
303.0
253.0
261.0
270.0
272.0
238.0
229.0
227.0
238.0
264.0
261.0
295.0
244.0
271.0
284.0
250.0
258.0
264.0
247.0
258.0
272.0
271.0
237.0
296.0
274.0
259.0
274.0
262.0
289.0
248.0
251.0
263.0
246.0
285.0
332.0
238.0
258.0
264.0
272.0
244.0
337.0
214.0
272.0
242.0
241.0
235.0
291.0
295.0
248.0
260.0
297.0
224.0
285.0
289.0
238.0
273.0
270.0
212.0
278.0
255.0
285.0
259.0
