236.0
303.0
233.0
258.0
264.0
263.0
258.0
261.0
259.0
251.0
215.0
274.0
252.0
315.0
215.0
273.0
239.0
286.0
262.0
255.0
255.0
298.0
239.0
248.0
211.0
210.0
252.0
262.0
297.0
221.0
228.0
274.0
256.0
294.0
242.0
252.0
275.0
244.0
248.0
257.0
228.0
251.0
255.0
260.0
268.0
284.0
249.0
255.0
263.0
255.0
278.0
219.0
235.0
222.0
243.0
252.0
263.0
241.0
285.0
258.0
240.0
262.0
253.0
333.0
231.0
229.0
269.0
270.0
254.0
254.0
282.0
252.0
249.0
249.0
274.0
212.0
227.0
244.0
255.0
253.0
255.0
263.0
235.0
228.0
286.0
283.0
261.0
270.0
251.0
274.0
250.0
236.0
226.0
363.0
297.0
275.0
258.0
239.0
241.0
236.0
263.0
257.0
276.0
251.0
255.0
227.0
242.0
276.0
270.0
257.0
261.0
282.0
243.0
237.0
291.0
253.0
264.0
275.0
265.0
264.0
280.0
269.0
297.0
267.0
227.0
263.0
274.0
275.0
244.0
300.0
270.0
257.0
245.0
260.0
313.0
295.0
259.0
247.0
243.0
268.0
285.0
258.0
244.0
240.0
228.0
242.0
220.0
241.0
229.0
259.0
240.0
278.0
238.0
299.0
293.0
286.0
228.0
302.0
295.0
252.0
244.0
290.0
269.0
292.0
221.0
239.0
281.0
244.0
266.0
241.0
280.0
288.0
258.0
261.0
283.0
213.0
220.0
281.0
264.0
214.0
257.0
263.0
286.0
231.0
261.0
241.0
241.0
255.0
242.0
247.0
309.0
218.0
261.0
283.0
272.0
238.0
265.0
257.0
250.0
306.0
