579.0
743.0
711.0
711.0
786.0
914.0
699.0
733.0
853.0
910.0
832.0
827.0
718.0
913.0
817.0
772.0
762.0
815.0
859.0
817.0
886.0
876.0
680.0
762.0
843.0
836.0
821.0
843.0
766.0
875.0
714.0
750.0
822.0
966.0
870.0
756.0
773.0
868.0
818.0
722.0
800.0
728.0
784.0
701.0
755.0
834.0
756.0
877.0
774.0
759.0
779.0
829.0
800.0
786.0
863.0
891.0
795.0
823.0
890.0
874.0
835.0
775.0
839.0
766.0
887.0
821.0
729.0
898.0
951.0
904.0
818.0
815.0
705.0
823.0
857.0
857.0
954.0
920.0
868.0
853.0
953.0
811.0
807.0
819.0
678.0
801.0
868.0
776.0
751.0
789.0
1073.0
888.0
805.0
729.0
847.0
776.0
869.0
782.0
779.0
837.0
997.0
858.0
888.0
737.0
844.0
740.0
823.0
815.0
845.0
804.0
804.0
885.0
882.0
761.0
807.0
665.0
744.0
769.0
763.0
769.0
686.0
864.0
774.0
837.0
878.0
840.0
984.0
764.0
913.0
899.0
636.0
756.0
851.0
791.0
765.0
767.0
847.0
802.0
787.0
700.0
749.0
784.0
747.0
812.0
802.0
901.0
915.0
740.0
897.0
746.0
860.0
743.0
892.0
860.0
921.0
733.0
905.0
790.0
807.0
772.0
769.0
757.0
729.0
695.0
911.0
1192.0
838.0
894.0
826.0
692.0
817.0
958.0
773.0
862.0
835.0
760.0
792.0
740.0
727.0
954.0
955.0
778.0
834.0
670.0
766.0
766.0
733.0
775.0
818.0
739.0
867.0
794.0
894.0
866.0
814.0
782.0
719.0
813.0
723.0
787.0
