257.0
246.0
327.0
263.0
302.0
291.0
267.0
236.0
294.0
320.0
271.0
293.0
253.0
268.0
264.0
270.0
230.0
272.0
257.0
222.0
255.0
244.0
254.0
277.0
257.0
264.0
271.0
258.0
290.0
259.0
273.0
283.0
259.0
271.0
263.0
244.0
298.0
237.0
265.0
270.0
272.0
262.0
224.0
296.0
226.0
218.0
307.0
266.0
212.0
280.0
261.0
249.0
281.0
263.0
284.0
252.0
262.0
300.0
270.0
240.0
246.0
262.0
256.0
292.0
222.0
267.0
227.0
260.0
286.0
274.0
270.0
281.0
301.0
290.0
233.0
256.0
252.0
251.0
283.0
276.0
232.0
247.0
277.0
271.0
250.0
269.0
272.0
263.0
287.0
251.0
288.0
260.0
293.0
322.0
295.0
269.0
226.0
236.0
257.0
293.0
267.0
284.0
250.0
266.0
248.0
258.0
260.0
295.0
229.0
275.0
271.0
235.0
273.0
243.0
267.0
298.0
264.0
255.0
250.0
223.0
242.0
303.0
238.0
233.0
254.0
301.0
254.0
288.0
284.0
275.0
252.0
239.0
260.0
235.0
243.0
287.0
274.0
303.0
254.0
246.0
246.0
287.0
304.0
285.0
242.0
278.0
281.0
266.0
279.0
300.0
254.0
263.0
253.0
274.0
259.0
261.0
250.0
266.0
293.0
312.0
304.0
286.0
295.0
263.0
236.0
289.0
246.0
320.0
276.0
256.0
249.0
307.0
309.0
269.0
316.0
268.0
245.0
247.0
284.0
258.0
314.0
271.0
303.0
248.0
319.0
247.0
220.0
270.0
264.0
283.0
277.0
285.0
261.0
261.0
265.0
260.0
267.0
249.0
273.0
255.0
