319.0
315.0
212.0
360.0
331.0
263.0
270.0
255.0
254.0
296.0
277.0
258.0
239.0
257.0
298.0
237.0
254.0
269.0
246.0
292.0
238.0
278.0
245.0
301.0
270.0
350.0
295.0
286.0
247.0
258.0
254.0
256.0
273.0
271.0
277.0
242.0
284.0
321.0
273.0
343.0
277.0
285.0
260.0
290.0
323.0
243.0
308.0
290.0
234.0
267.0
274.0
261.0
251.0
275.0
273.0
273.0
238.0
338.0
257.0
277.0
226.0
252.0
245.0
265.0
278.0
308.0
274.0
258.0
254.0
239.0
279.0
289.0
277.0
250.0
267.0
287.0
398.0
239.0
258.0
348.0
294.0
235.0
273.0
235.0
253.0
257.0
328.0
294.0
248.0
272.0
348.0
314.0
281.0
254.0
308.0
304.0
266.0
254.0
282.0
244.0
311.0
247.0
299.0
241.0
286.0
262.0
286.0
266.0
266.0
267.0
242.0
303.0
247.0
284.0
335.0
281.0
318.0
288.0
273.0
256.0
239.0
323.0
251.0
264.0
348.0
255.0
284.0
378.0
308.0
312.0
282.0
328.0
248.0
286.0
339.0
279.0
354.0
300.0
256.0
270.0
272.0
291.0
283.0
303.0
293.0
247.0
256.0
263.0
277.0
289.0
262.0
285.0
256.0
313.0
290.0
291.0
289.0
252.0
298.0
309.0
250.0
339.0
264.0
244.0
304.0
275.0
318.0
329.0
264.0
250.0
288.0
315.0
270.0
271.0
243.0
256.0
277.0
245.0
237.0
258.0
287.0
289.0
243.0
243.0
262.0
260.0
249.0
303.0
307.0
276.0
280.0
275.0
265.0
276.0
361.0
266.0
265.0
267.0
294.0
303.0
