258.0
250.0
260.0
264.0
245.0
256.0
272.0
249.0
255.0
265.0
266.0
256.0
250.0
278.0
282.0
281.0
227.0
260.0
217.0
238.0
261.0
239.0
288.0
247.0
278.0
296.0
233.0
248.0
235.0
260.0
246.0
264.0
267.0
303.0
229.0
261.0
213.0
253.0
279.0
251.0
233.0
266.0
244.0
262.0
269.0
295.0
256.0
251.0
247.0
236.0
271.0
262.0
311.0
272.0
269.0
251.0
281.0
240.0
288.0
279.0
285.0
290.0
282.0
239.0
245.0
255.0
273.0
289.0
271.0
275.0
257.0
268.0
317.0
239.0
229.0
285.0
286.0
250.0
244.0
286.0
315.0
232.0
278.0
266.0
268.0
314.0
226.0
253.0
260.0
253.0
241.0
291.0
261.0
248.0
252.0
243.0
223.0
259.0
241.0
301.0
260.0
252.0
274.0
289.0
268.0
264.0
312.0
264.0
253.0
303.0
257.0
259.0
276.0
262.0
240.0
307.0
313.0
247.0
264.0
244.0
219.0
277.0
272.0
301.0
276.0
271.0
253.0
243.0
290.0
263.0
321.0
254.0
241.0
339.0
236.0
237.0
275.0
239.0
235.0
275.0
244.0
261.0
224.0
235.0
277.0
245.0
257.0
290.0
244.0
310.0
280.0
280.0
271.0
266.0
280.0
257.0
252.0
240.0
281.0
290.0
283.0
285.0
283.0
253.0
302.0
248.0
232.0
241.0
243.0
348.0
292.0
278.0
237.0
232.0
233.0
264.0
248.0
269.0
265.0
225.0
241.0
276.0
296.0
236.0
274.0
259.0
246.0
233.0
257.0
257.0
245.0
288.0
234.0
331.0
270.0
242.0
289.0
228.0
259.0
303.0
