251.0
236.0
273.0
266.0
284.0
282.0
310.0
252.0
300.0
267.0
206.0
229.0
277.0
226.0
252.0
277.0
255.0
296.0
277.0
251.0
270.0
261.0
278.0
276.0
318.0
258.0
212.0
266.0
295.0
235.0
245.0
248.0
261.0
260.0
271.0
254.0
245.0
244.0
336.0
310.0
270.0
225.0
246.0
284.0
283.0
234.0
266.0
245.0
262.0
247.0
261.0
281.0
276.0
244.0
227.0
251.0
278.0
247.0
304.0
252.0
258.0
254.0
258.0
250.0
331.0
266.0
238.0
241.0
266.0
249.0
237.0
279.0
240.0
249.0
282.0
239.0
269.0
252.0
293.0
263.0
272.0
249.0
259.0
264.0
285.0
259.0
222.0
278.0
295.0
261.0
252.0
279.0
267.0
245.0
258.0
259.0
242.0
266.0
222.0
278.0
245.0
272.0
295.0
296.0
329.0
243.0
270.0
279.0
280.0
238.0
298.0
275.0
247.0
267.0
262.0
257.0
260.0
287.0
243.0
237.0
303.0
257.0
273.0
268.0
285.0
214.0
234.0
273.0
277.0
272.0
280.0
242.0
235.0
229.0
236.0
207.0
254.0
235.0
240.0
256.0
252.0
247.0
275.0
230.0
252.0
265.0
289.0
272.0
242.0
278.0
258.0
247.0
265.0
297.0
298.0
270.0
259.0
277.0
246.0
260.0
277.0
280.0
274.0
284.0
218.0
228.0
242.0
284.0
266.0
233.0
287.0
295.0
245.0
315.0
245.0
259.0
258.0
271.0
276.0
265.0
255.0
250.0
254.0
283.0
252.0
255.0
284.0
238.0
282.0
217.0
262.0
245.0
242.0
284.0
300.0
268.0
243.0
279.0
279.0
271.0
