256.0
241.0
241.0
266.0
224.0
265.0
259.0
228.0
262.0
287.0
259.0
240.0
292.0
223.0
247.0
259.0
226.0
226.0
269.0
249.0
241.0
253.0
321.0
249.0
260.0
246.0
268.0
280.0
297.0
247.0
223.0
274.0
249.0
239.0
245.0
256.0
257.0
274.0
242.0
263.0
272.0
278.0
233.0
258.0
282.0
229.0
261.0
255.0
287.0
247.0
288.0
295.0
241.0
245.0
267.0
259.0
244.0
271.0
284.0
263.0
284.0
229.0
236.0
268.0
261.0
247.0
231.0
272.0
263.0
257.0
254.0
223.0
380.0
276.0
277.0
235.0
280.0
244.0
223.0
281.0
256.0
236.0
241.0
253.0
276.0
256.0
262.0
268.0
291.0
250.0
235.0
251.0
245.0
230.0
303.0
268.0
247.0
259.0
252.0
288.0
269.0
254.0
235.0
249.0
271.0
252.0
242.0
249.0
300.0
227.0
245.0
234.0
289.0
337.0
241.0
283.0
253.0
258.0
301.0
232.0
231.0
251.0
261.0
298.0
278.0
266.0
276.0
236.0
291.0
262.0
272.0
259.0
258.0
258.0
266.0
279.0
246.0
322.0
219.0
269.0
261.0
344.0
305.0
296.0
295.0
228.0
248.0
330.0
256.0
257.0
279.0
241.0
212.0
243.0
218.0
205.0
278.0
274.0
253.0
254.0
216.0
289.0
235.0
242.0
256.0
270.0
295.0
252.0
276.0
247.0
293.0
282.0
254.0
262.0
221.0
294.0
224.0
260.0
251.0
279.0
257.0
262.0
257.0
244.0
271.0
215.0
266.0
241.0
235.0
271.0
238.0
263.0
262.0
259.0
258.0
211.0
254.0
282.0
248.0
351.0
