158.0
167.0
159.0
161.0
158.0
181.0
166.0
170.0
220.0
171.0
146.0
156.0
138.0
155.0
160.0
143.0
174.0
154.0
149.0
162.0
181.0
145.0
153.0
154.0
169.0
263.0
166.0
156.0
155.0
208.0
198.0
139.0
177.0
210.0
173.0
141.0
156.0
313.0
134.0
266.0
152.0
204.0
159.0
163.0
141.0
162.0
162.0
162.0
149.0
176.0
154.0
171.0
177.0
168.0
157.0
140.0
162.0
136.0
130.0
172.0
187.0
153.0
150.0
206.0
136.0
192.0
149.0
141.0
141.0
142.0
132.0
239.0
170.0
214.0
209.0
159.0
136.0
144.0
139.0
152.0
144.0
227.0
145.0
149.0
207.0
191.0
146.0
168.0
155.0
152.0
176.0
148.0
174.0
177.0
178.0
173.0
241.0
147.0
173.0
138.0
145.0
196.0
136.0
157.0
174.0
154.0
149.0
150.0
168.0
146.0
145.0
164.0
183.0
139.0
169.0
158.0
155.0
154.0
153.0
144.0
158.0
133.0
156.0
152.0
161.0
162.0
140.0
184.0
163.0
142.0
136.0
131.0
161.0
148.0
145.0
155.0
137.0
168.0
142.0
161.0
162.0
154.0
168.0
173.0
143.0
146.0
202.0
193.0
164.0
151.0
134.0
224.0
232.0
185.0
177.0
157.0
143.0
159.0
151.0
137.0
163.0
145.0
179.0
139.0
137.0
140.0
132.0
177.0
156.0
174.0
198.0
219.0
150.0
170.0
177.0
193.0
156.0
275.0
171.0
163.0
159.0
187.0
179.0
149.0
136.0
173.0
142.0
144.0
148.0
173.0
137.0
140.0
149.0
146.0
163.0
167.0
155.0
158.0
181.0
166.0
