183.0
193.0
185.0
185.0
212.0
220.0
154.0
169.0
305.0
218.0
212.0
193.0
152.0
173.0
193.0
197.0
166.0
151.0
155.0
152.0
160.0
171.0
171.0
208.0
161.0
139.0
285.0
158.0
173.0
182.0
177.0
184.0
155.0
178.0
180.0
172.0
170.0
155.0
198.0
171.0
168.0
173.0
167.0
184.0
188.0
175.0
160.0
170.0
175.0
201.0
151.0
174.0
183.0
173.0
179.0
157.0
228.0
180.0
211.0
207.0
173.0
154.0
156.0
140.0
173.0
211.0
178.0
164.0
243.0
233.0
188.0
223.0
149.0
174.0
195.0
169.0
205.0
192.0
182.0
175.0
194.0
161.0
170.0
176.0
162.0
178.0
210.0
199.0
137.0
199.0
227.0
206.0
210.0
235.0
199.0
202.0
233.0
174.0
224.0
146.0
200.0
176.0
148.0
188.0
167.0
170.0
162.0
185.0
199.0
149.0
201.0
164.0
163.0
172.0
177.0
323.0
240.0
160.0
178.0
194.0
191.0
177.0
177.0
269.0
243.0
141.0
191.0
195.0
144.0
190.0
173.0
195.0
153.0
148.0
158.0
166.0
238.0
261.0
180.0
229.0
158.0
177.0
183.0
165.0
178.0
179.0
190.0
168.0
186.0
173.0
180.0
150.0
130.0
174.0
194.0
222.0
163.0
191.0
169.0
194.0
170.0
236.0
205.0
200.0
170.0
176.0
231.0
166.0
177.0
151.0
181.0
182.0
144.0
150.0
240.0
173.0
179.0
188.0
172.0
243.0
157.0
159.0
187.0
197.0
244.0
180.0
140.0
151.0
168.0
180.0
195.0
190.0
167.0
154.0
210.0
256.0
174.0
241.0
201.0
167.0
