221.0
276.0
225.0
274.0
233.0
258.0
235.0
256.0
224.0
249.0
362.0
260.0
222.0
257.0
223.0
274.0
233.0
249.0
257.0
229.0
303.0
206.0
233.0
233.0
265.0
243.0
231.0
333.0
271.0
221.0
276.0
287.0
265.0
301.0
275.0
298.0
261.0
242.0
259.0
255.0
284.0
243.0
262.0
242.0
242.0
228.0
325.0
255.0
238.0
253.0
249.0
260.0
290.0
230.0
266.0
256.0
256.0
253.0
270.0
257.0
255.0
233.0
226.0
300.0
244.0
244.0
279.0
244.0
242.0
230.0
278.0
235.0
278.0
250.0
268.0
259.0
233.0
269.0
274.0
218.0
236.0
296.0
249.0
261.0
243.0
226.0
255.0
260.0
310.0
220.0
263.0
231.0
276.0
265.0
264.0
271.0
288.0
314.0
283.0
252.0
224.0
256.0
266.0
265.0
246.0
255.0
234.0
302.0
279.0
289.0
220.0
276.0
234.0
242.0
241.0
234.0
299.0
242.0
240.0
250.0
251.0
271.0
247.0
271.0
301.0
239.0
237.0
226.0
265.0
262.0
214.0
288.0
249.0
239.0
235.0
235.0
253.0
237.0
248.0
253.0
237.0
258.0
258.0
263.0
238.0
222.0
317.0
238.0
246.0
270.0
254.0
256.0
273.0
227.0
257.0
341.0
290.0
262.0
233.0
263.0
251.0
248.0
247.0
279.0
285.0
313.0
263.0
273.0
268.0
311.0
212.0
208.0
253.0
254.0
221.0
248.0
265.0
269.0
244.0
259.0
271.0
301.0
225.0
247.0
258.0
271.0
251.0
236.0
272.0
269.0
271.0
238.0
228.0
240.0
220.0
245.0
238.0
233.0
295.0
231.0
