237.0
223.0
232.0
237.0
277.0
246.0
264.0
244.0
299.0
249.0
265.0
284.0
232.0
226.0
212.0
248.0
260.0
241.0
258.0
261.0
284.0
345.0
231.0
264.0
291.0
244.0
289.0
249.0
240.0
237.0
228.0
262.0
247.0
285.0
251.0
264.0
205.0
262.0
288.0
264.0
267.0
255.0
251.0
255.0
267.0
242.0
234.0
240.0
255.0
257.0
280.0
233.0
243.0
253.0
340.0
250.0
225.0
276.0
293.0
271.0
297.0
255.0
256.0
252.0
275.0
253.0
274.0
225.0
229.0
255.0
231.0
250.0
239.0
291.0
272.0
256.0
281.0
283.0
263.0
242.0
291.0
228.0
262.0
297.0
293.0
259.0
281.0
284.0
260.0
251.0
256.0
243.0
287.0
207.0
254.0
254.0
281.0
230.0
299.0
240.0
220.0
235.0
278.0
334.0
255.0
284.0
263.0
270.0
265.0
235.0
250.0
283.0
273.0
266.0
268.0
277.0
247.0
254.0
270.0
255.0
278.0
289.0
267.0
272.0
357.0
236.0
238.0
254.0
324.0
277.0
306.0
257.0
233.0
251.0
243.0
268.0
263.0
251.0
311.0
249.0
268.0
214.0
252.0
254.0
285.0
305.0
265.0
277.0
276.0
272.0
240.0
295.0
251.0
279.0
293.0
281.0
278.0
281.0
280.0
265.0
247.0
283.0
311.0
271.0
304.0
263.0
230.0
261.0
279.0
243.0
260.0
216.0
259.0
236.0
301.0
246.0
261.0
223.0
229.0
217.0
220.0
295.0
216.0
258.0
289.0
282.0
278.0
320.0
270.0
237.0
282.0
238.0
222.0
259.0
254.0
238.0
231.0
248.0
226.0
291.0
