154.0
152.0
143.0
172.0
131.0
160.0
138.0
134.0
164.0
150.0
153.0
146.0
164.0
139.0
211.0
192.0
254.0
172.0
149.0
161.0
138.0
145.0
186.0
146.0
151.0
179.0
219.0
155.0
154.0
186.0
165.0
176.0
195.0
226.0
144.0
146.0
162.0
154.0
252.0
263.0
166.0
207.0
148.0
157.0
144.0
153.0
196.0
164.0
166.0
198.0
164.0
163.0
150.0
204.0
145.0
142.0
146.0
175.0
139.0
169.0
184.0
372.0
198.0
151.0
154.0
157.0
199.0
171.0
198.0
207.0
151.0
159.0
152.0
156.0
167.0
170.0
167.0
197.0
149.0
138.0
230.0
152.0
150.0
162.0
175.0
175.0
149.0
195.0
145.0
165.0
165.0
159.0
138.0
167.0
175.0
214.0
215.0
213.0
137.0
170.0
146.0
147.0
164.0
179.0
147.0
145.0
138.0
171.0
180.0
186.0
158.0
169.0
184.0
227.0
167.0
149.0
160.0
181.0
151.0
216.0
186.0
208.0
171.0
167.0
169.0
154.0
186.0
218.0
192.0
146.0
168.0
154.0
207.0
159.0
167.0
142.0
149.0
192.0
160.0
159.0
183.0
168.0
151.0
154.0
150.0
198.0
190.0
149.0
137.0
157.0
205.0
162.0
137.0
159.0
167.0
198.0
176.0
140.0
234.0
155.0
160.0
184.0
151.0
148.0
158.0
163.0
155.0
157.0
153.0
173.0
146.0
158.0
167.0
155.0
162.0
162.0
152.0
219.0
196.0
160.0
157.0
165.0
147.0
191.0
309.0
151.0
148.0
163.0
206.0
149.0
177.0
201.0
293.0
188.0
181.0
163.0
145.0
167.0
241.0
167.0
