279.0
265.0
197.0
219.0
278.0
296.0
232.0
178.0
177.0
226.0
176.0
159.0
326.0
243.0
240.0
210.0
179.0
144.0
203.0
140.0
216.0
169.0
157.0
180.0
174.0
185.0
202.0
204.0
212.0
171.0
184.0
171.0
159.0
145.0
240.0
175.0
164.0
152.0
169.0
156.0
193.0
175.0
180.0
210.0
193.0
198.0
172.0
162.0
204.0
244.0
307.0
325.0
229.0
272.0
276.0
220.0
181.0
216.0
221.0
214.0
254.0
203.0
243.0
180.0
215.0
182.0
230.0
169.0
188.0
160.0
166.0
227.0
219.0
228.0
215.0
204.0
144.0
166.0
177.0
198.0
204.0
191.0
177.0
237.0
210.0
149.0
174.0
265.0
154.0
161.0
222.0
232.0
251.0
155.0
257.0
245.0
221.0
176.0
222.0
341.0
253.0
169.0
166.0
240.0
208.0
184.0
221.0
175.0
170.0
172.0
214.0
197.0
180.0
174.0
181.0
179.0
214.0
216.0
323.0
235.0
189.0
159.0
208.0
185.0
220.0
207.0
155.0
172.0
172.0
219.0
228.0
262.0
191.0
247.0
228.0
184.0
176.0
171.0
146.0
192.0
227.0
165.0
196.0
263.0
136.0
178.0
153.0
256.0
205.0
139.0
305.0
410.0
364.0
264.0
216.0
204.0
240.0
277.0
220.0
227.0
223.0
152.0
224.0
321.0
237.0
193.0
179.0
256.0
195.0
169.0
247.0
168.0
170.0
184.0
157.0
180.0
176.0
162.0
221.0
184.0
203.0
230.0
175.0
193.0
197.0
172.0
199.0
171.0
189.0
193.0
160.0
188.0
175.0
165.0
180.0
215.0
219.0
136.0
157.0
207.0
