234.0
324.0
274.0
241.0
294.0
277.0
267.0
281.0
279.0
251.0
274.0
262.0
267.0
341.0
279.0
271.0
322.0
251.0
277.0
319.0
250.0
254.0
282.0
281.0
294.0
240.0
232.0
311.0
275.0
227.0
325.0
253.0
280.0
233.0
294.0
253.0
274.0
243.0
223.0
238.0
243.0
245.0
253.0
214.0
247.0
212.0
253.0
324.0
221.0
276.0
296.0
253.0
218.0
322.0
333.0
339.0
332.0
241.0
271.0
250.0
338.0
250.0
287.0
253.0
243.0
223.0
288.0
254.0
260.0
294.0
247.0
285.0
241.0
230.0
337.0
293.0
304.0
282.0
246.0
280.0
256.0
312.0
292.0
272.0
255.0
290.0
245.0
272.0
238.0
276.0
268.0
278.0
296.0
270.0
263.0
239.0
253.0
309.0
262.0
233.0
267.0
256.0
272.0
309.0
282.0
248.0
259.0
297.0
229.0
309.0
244.0
260.0
267.0
285.0
238.0
275.0
229.0
275.0
279.0
280.0
275.0
320.0
271.0
295.0
315.0
271.0
228.0
242.0
272.0
260.0
340.0
249.0
246.0
261.0
241.0
269.0
261.0
252.0
228.0
262.0
299.0
277.0
306.0
269.0
241.0
259.0
229.0
280.0
278.0
234.0
270.0
252.0
293.0
302.0
244.0
233.0
340.0
263.0
261.0
286.0
273.0
253.0
266.0
253.0
233.0
220.0
240.0
327.0
267.0
259.0
284.0
271.0
252.0
308.0
266.0
230.0
302.0
274.0
261.0
278.0
275.0
262.0
241.0
285.0
268.0
237.0
256.0
215.0
263.0
288.0
254.0
245.0
267.0
235.0
241.0
258.0
278.0
243.0
281.0
268.0
