138.0
191.0
193.0
162.0
242.0
198.0
187.0
262.0
268.0
247.0
193.0
147.0
219.0
155.0
188.0
197.0
238.0
188.0
161.0
176.0
209.0
201.0
162.0
175.0
169.0
227.0
195.0
186.0
227.0
194.0
178.0
167.0
181.0
168.0
162.0
302.0
244.0
182.0
165.0
142.0
158.0
189.0
172.0
196.0
188.0
159.0
158.0
192.0
190.0
162.0
200.0
167.0
165.0
298.0
263.0
183.0
144.0
200.0
176.0
155.0
171.0
181.0
154.0
170.0
181.0
160.0
187.0
185.0
235.0
152.0
157.0
155.0
235.0
216.0
167.0
184.0
204.0
188.0
222.0
170.0
159.0
191.0
187.0
270.0
167.0
186.0
175.0
168.0
162.0
220.0
197.0
160.0
158.0
376.0
240.0
178.0
132.0
169.0
158.0
200.0
173.0
194.0
177.0
148.0
164.0
170.0
179.0
173.0
181.0
186.0
154.0
195.0
221.0
182.0
203.0
206.0
289.0
212.0
180.0
176.0
135.0
188.0
188.0
328.0
190.0
153.0
149.0
154.0
273.0
182.0
157.0
231.0
197.0
148.0
191.0
195.0
172.0
178.0
248.0
171.0
169.0
190.0
179.0
282.0
222.0
258.0
170.0
189.0
183.0
211.0
299.0
202.0
147.0
163.0
171.0
181.0
171.0
168.0
172.0
171.0
232.0
164.0
145.0
222.0
224.0
213.0
174.0
155.0
199.0
178.0
221.0
255.0
204.0
178.0
148.0
150.0
162.0
155.0
206.0
181.0
169.0
216.0
144.0
159.0
148.0
178.0
170.0
196.0
215.0
201.0
169.0
228.0
322.0
200.0
197.0
172.0
160.0
154.0
142.0
159.0
