148.0
174.0
152.0
147.0
154.0
150.0
152.0
169.0
163.0
149.0
166.0
190.0
136.0
159.0
137.0
159.0
201.0
174.0
227.0
146.0
140.0
145.0
169.0
172.0
175.0
162.0
155.0
145.0
148.0
158.0
158.0
158.0
129.0
185.0
140.0
153.0
221.0
150.0
150.0
161.0
182.0
184.0
173.0
140.0
169.0
146.0
146.0
134.0
148.0
170.0
152.0
141.0
174.0
194.0
151.0
142.0
150.0
173.0
169.0
129.0
165.0
194.0
170.0
170.0
175.0
232.0
169.0
139.0
157.0
152.0
169.0
179.0
163.0
148.0
155.0
167.0
157.0
140.0
173.0
152.0
135.0
154.0
136.0
138.0
171.0
156.0
149.0
159.0
194.0
169.0
142.0
142.0
151.0
168.0
159.0
149.0
151.0
141.0
140.0
183.0
168.0
140.0
158.0
158.0
147.0
180.0
149.0
147.0
204.0
194.0
195.0
161.0
144.0
156.0
160.0
159.0
146.0
156.0
152.0
153.0
148.0
166.0
158.0
166.0
131.0
200.0
189.0
146.0
181.0
136.0
192.0
161.0
172.0
139.0
165.0
141.0
142.0
156.0
147.0
150.0
153.0
153.0
158.0
142.0
156.0
163.0
145.0
169.0
145.0
162.0
157.0
146.0
144.0
159.0
163.0
144.0
142.0
174.0
185.0
193.0
143.0
149.0
173.0
119.0
139.0
179.0
188.0
133.0
266.0
200.0
129.0
157.0
173.0
153.0
156.0
155.0
157.0
155.0
172.0
146.0
158.0
178.0
144.0
206.0
146.0
141.0
135.0
165.0
146.0
174.0
143.0
147.0
153.0
146.0
148.0
162.0
187.0
150.0
146.0
163.0
