397.0
270.0
251.0
240.0
254.0
275.0
247.0
300.0
279.0
267.0
257.0
272.0
362.0
219.0
312.0
294.0
285.0
276.0
231.0
291.0
281.0
291.0
284.0
278.0
257.0
310.0
258.0
261.0
309.0
353.0
273.0
309.0
311.0
311.0
252.0
279.0
288.0
268.0
291.0
274.0
266.0
252.0
278.0
286.0
307.0
268.0
252.0
269.0
286.0
381.0
283.0
299.0
257.0
282.0
285.0
304.0
251.0
263.0
261.0
276.0
223.0
250.0
331.0
331.0
324.0
279.0
240.0
269.0
327.0
265.0
265.0
267.0
276.0
256.0
237.0
237.0
276.0
320.0
249.0
245.0
319.0
298.0
259.0
248.0
278.0
267.0
271.0
245.0
336.0
284.0
252.0
278.0
297.0
263.0
288.0
268.0
277.0
293.0
305.0
303.0
284.0
259.0
250.0
234.0
248.0
286.0
287.0
294.0
241.0
268.0
277.0
282.0
314.0
264.0
306.0
251.0
235.0
289.0
307.0
236.0
279.0
291.0
282.0
257.0
261.0
335.0
281.0
254.0
297.0
217.0
267.0
252.0
261.0
251.0
339.0
283.0
254.0
272.0
256.0
380.0
266.0
271.0
271.0
262.0
335.0
284.0
304.0
308.0
255.0
274.0
310.0
297.0
325.0
260.0
281.0
265.0
305.0
266.0
268.0
265.0
275.0
301.0
255.0
272.0
249.0
245.0
286.0
269.0
321.0
272.0
288.0
306.0
235.0
272.0
274.0
232.0
299.0
273.0
244.0
309.0
239.0
230.0
276.0
292.0
301.0
287.0
256.0
264.0
274.0
247.0
274.0
262.0
295.0
268.0
235.0
246.0
233.0
309.0
284.0
286.0
