262.0
242.0
244.0
291.0
255.0
454.0
297.0
273.0
250.0
244.0
235.0
263.0
304.0
228.0
276.0
311.0
276.0
231.0
242.0
253.0
295.0
244.0
283.0
282.0
236.0
250.0
276.0
328.0
313.0
299.0
241.0
236.0
257.0
296.0
258.0
250.0
279.0
262.0
322.0
319.0
268.0
241.0
274.0
277.0
265.0
271.0
253.0
304.0
285.0
307.0
272.0
304.0
271.0
256.0
303.0
294.0
311.0
283.0
256.0
328.0
271.0
261.0
278.0
253.0
250.0
252.0
292.0
305.0
311.0
276.0
244.0
249.0
299.0
362.0
310.0
248.0
244.0
339.0
263.0
311.0
251.0
270.0
268.0
261.0
255.0
324.0
288.0
316.0
271.0
258.0
283.0
248.0
260.0
286.0
277.0
252.0
301.0
278.0
251.0
250.0
301.0
284.0
248.0
249.0
270.0
224.0
237.0
284.0
276.0
245.0
262.0
256.0
283.0
252.0
277.0
223.0
282.0
280.0
314.0
280.0
277.0
269.0
270.0
410.0
273.0
224.0
299.0
265.0
261.0
299.0
254.0
290.0
266.0
242.0
275.0
272.0
252.0
272.0
287.0
277.0
251.0
297.0
266.0
230.0
238.0
304.0
291.0
258.0
268.0
281.0
273.0
305.0
264.0
252.0
231.0
278.0
267.0
334.0
306.0
360.0
380.0
281.0
263.0
284.0
286.0
298.0
275.0
280.0
259.0
269.0
320.0
379.0
320.0
294.0
279.0
323.0
274.0
248.0
276.0
242.0
323.0
290.0
256.0
248.0
263.0
297.0
259.0
268.0
253.0
246.0
285.0
249.0
321.0
233.0
285.0
299.0
323.0
319.0
289.0
249.0
