125.0
140.0
138.0
135.0
164.0
146.0
165.0
141.0
157.0
147.0
155.0
144.0
150.0
190.0
148.0
155.0
154.0
213.0
139.0
149.0
124.0
130.0
155.0
157.0
131.0
153.0
149.0
136.0
159.0
155.0
146.0
141.0
151.0
171.0
132.0
145.0
116.0
164.0
149.0
147.0
146.0
153.0
138.0
168.0
151.0
138.0
329.0
144.0
138.0
145.0
171.0
130.0
166.0
138.0
154.0
132.0
145.0
150.0
161.0
148.0
150.0
156.0
165.0
136.0
142.0
149.0
124.0
155.0
145.0
147.0
176.0
144.0
135.0
152.0
167.0
130.0
149.0
169.0
149.0
137.0
157.0
157.0
155.0
145.0
151.0
168.0
243.0
149.0
177.0
141.0
156.0
154.0
163.0
184.0
164.0
132.0
165.0
155.0
143.0
120.0
196.0
184.0
158.0
155.0
134.0
139.0
191.0
150.0
218.0
143.0
221.0
151.0
160.0
189.0
135.0
142.0
144.0
136.0
158.0
122.0
149.0
154.0
133.0
141.0
174.0
154.0
140.0
142.0
148.0
147.0
174.0
177.0
158.0
148.0
166.0
209.0
138.0
148.0
186.0
143.0
166.0
141.0
128.0
157.0
142.0
156.0
167.0
164.0
155.0
146.0
170.0
173.0
157.0
140.0
197.0
158.0
142.0
157.0
162.0
144.0
148.0
152.0
143.0
182.0
145.0
125.0
171.0
143.0
124.0
138.0
158.0
148.0
138.0
155.0
132.0
177.0
136.0
135.0
151.0
128.0
180.0
167.0
162.0
162.0
140.0
167.0
141.0
157.0
203.0
156.0
142.0
152.0
150.0
149.0
153.0
164.0
151.0
158.0
170.0
140.0
