141.0
141.0
150.0
145.0
145.0
144.0
143.0
135.0
139.0
134.0
149.0
151.0
144.0
137.0
129.0
174.0
142.0
144.0
139.0
175.0
150.0
137.0
158.0
157.0
158.0
141.0
158.0
156.0
146.0
142.0
165.0
145.0
147.0
145.0
146.0
205.0
146.0
149.0
151.0
142.0
156.0
173.0
143.0
191.0
150.0
149.0
149.0
146.0
190.0
149.0
148.0
137.0
141.0
139.0
159.0
135.0
130.0
130.0
174.0
152.0
125.0
134.0
158.0
135.0
160.0
149.0
167.0
152.0
133.0
132.0
158.0
136.0
169.0
134.0
157.0
136.0
148.0
119.0
143.0
152.0
143.0
149.0
146.0
154.0
164.0
140.0
122.0
173.0
243.0
170.0
136.0
162.0
134.0
185.0
130.0
138.0
154.0
141.0
163.0
146.0
135.0
133.0
121.0
153.0
144.0
182.0
135.0
135.0
157.0
156.0
143.0
143.0
168.0
132.0
143.0
143.0
127.0
150.0
144.0
173.0
168.0
151.0
147.0
149.0
146.0
153.0
149.0
148.0
177.0
142.0
136.0
161.0
142.0
134.0
156.0
144.0
141.0
148.0
134.0
141.0
164.0
148.0
141.0
129.0
126.0
131.0
158.0
133.0
123.0
153.0
149.0
154.0
144.0
154.0
147.0
127.0
155.0
132.0
135.0
135.0
148.0
152.0
163.0
156.0
139.0
151.0
142.0
176.0
150.0
145.0
135.0
156.0
160.0
145.0
140.0
152.0
176.0
140.0
182.0
181.0
151.0
126.0
171.0
146.0
189.0
144.0
132.0
148.0
144.0
139.0
143.0
142.0
169.0
142.0
158.0
148.0
150.0
160.0
143.0
161.0
