252.0
273.0
247.0
253.0
291.0
297.0
261.0
346.0
229.0
235.0
266.0
285.0
241.0
238.0
239.0
324.0
280.0
262.0
237.0
247.0
248.0
255.0
294.0
283.0
240.0
261.0
227.0
240.0
229.0
251.0
253.0
288.0
220.0
281.0
240.0
277.0
259.0
264.0
232.0
319.0
262.0
301.0
306.0
273.0
294.0
283.0
276.0
258.0
361.0
316.0
256.0
293.0
261.0
274.0
258.0
250.0
263.0
236.0
278.0
285.0
275.0
263.0
302.0
302.0
237.0
256.0
248.0
301.0
253.0
260.0
289.0
252.0
281.0
299.0
280.0
247.0
293.0
229.0
252.0
248.0
251.0
255.0
245.0
268.0
283.0
265.0
268.0
280.0
249.0
300.0
266.0
318.0
287.0
224.0
253.0
232.0
251.0
274.0
288.0
240.0
243.0
235.0
252.0
286.0
256.0
226.0
270.0
267.0
295.0
292.0
251.0
265.0
305.0
286.0
286.0
317.0
296.0
288.0
258.0
266.0
256.0
282.0
287.0
297.0
267.0
284.0
247.0
251.0
249.0
283.0
274.0
271.0
243.0
238.0
333.0
247.0
246.0
248.0
273.0
223.0
277.0
286.0
264.0
272.0
284.0
243.0
264.0
312.0
261.0
252.0
305.0
237.0
269.0
271.0
305.0
257.0
235.0
322.0
260.0
264.0
308.0
262.0
340.0
286.0
271.0
302.0
292.0
317.0
231.0
255.0
292.0
319.0
245.0
253.0
292.0
236.0
249.0
245.0
241.0
230.0
246.0
258.0
323.0
304.0
264.0
339.0
260.0
262.0
320.0
309.0
257.0
281.0
289.0
264.0
261.0
266.0
302.0
313.0
283.0
292.0
