174.0
143.0
127.0
149.0
159.0
146.0
138.0
136.0
161.0
146.0
172.0
132.0
140.0
174.0
163.0
149.0
164.0
203.0
160.0
166.0
153.0
131.0
134.0
137.0
160.0
173.0
151.0
126.0
161.0
147.0
161.0
126.0
146.0
177.0
163.0
147.0
193.0
149.0
149.0
178.0
159.0
162.0
136.0
141.0
154.0
154.0
147.0
128.0
127.0
156.0
143.0
213.0
158.0
167.0
150.0
162.0
155.0
149.0
196.0
155.0
138.0
140.0
138.0
165.0
156.0
144.0
135.0
143.0
148.0
151.0
169.0
159.0
144.0
131.0
132.0
158.0
142.0
145.0
134.0
148.0
145.0
176.0
154.0
157.0
132.0
153.0
130.0
151.0
198.0
155.0
162.0
152.0
128.0
138.0
140.0
138.0
148.0
156.0
163.0
134.0
160.0
182.0
190.0
169.0
132.0
138.0
118.0
144.0
187.0
143.0
182.0
162.0
157.0
159.0
152.0
145.0
146.0
181.0
133.0
135.0
170.0
161.0
137.0
184.0
151.0
165.0
156.0
151.0
215.0
167.0
140.0
141.0
150.0
150.0
146.0
141.0
141.0
235.0
145.0
149.0
163.0
170.0
137.0
164.0
148.0
153.0
129.0
159.0
154.0
159.0
141.0
151.0
151.0
148.0
142.0
139.0
170.0
141.0
181.0
171.0
142.0
157.0
141.0
157.0
140.0
152.0
164.0
133.0
163.0
127.0
158.0
183.0
130.0
156.0
157.0
141.0
151.0
143.0
133.0
139.0
144.0
134.0
222.0
133.0
270.0
143.0
158.0
137.0
149.0
143.0
146.0
141.0
157.0
146.0
143.0
148.0
137.0
218.0
132.0
172.0
