237.0
271.0
218.0
248.0
235.0
343.0
262.0
244.0
252.0
299.0
250.0
275.0
225.0
248.0
267.0
247.0
255.0
302.0
255.0
239.0
218.0
254.0
264.0
247.0
246.0
266.0
252.0
261.0
303.0
343.0
309.0
257.0
250.0
290.0
249.0
261.0
238.0
324.0
279.0
264.0
240.0
308.0
238.0
250.0
251.0
251.0
225.0
257.0
236.0
202.0
244.0
287.0
234.0
268.0
219.0
320.0
256.0
239.0
246.0
313.0
242.0
241.0
275.0
262.0
246.0
271.0
245.0
291.0
254.0
247.0
245.0
274.0
256.0
275.0
273.0
294.0
285.0
257.0
259.0
260.0
320.0
257.0
266.0
227.0
261.0
243.0
238.0
269.0
278.0
240.0
346.0
231.0
298.0
244.0
254.0
230.0
285.0
262.0
275.0
242.0
242.0
301.0
294.0
216.0
242.0
259.0
280.0
277.0
271.0
254.0
268.0
229.0
257.0
254.0
290.0
260.0
240.0
298.0
262.0
249.0
214.0
251.0
293.0
252.0
297.0
260.0
266.0
244.0
231.0
252.0
255.0
222.0
313.0
262.0
225.0
265.0
230.0
245.0
269.0
267.0
233.0
222.0
250.0
287.0
238.0
282.0
314.0
253.0
238.0
230.0
264.0
259.0
268.0
237.0
292.0
236.0
238.0
291.0
244.0
255.0
296.0
350.0
304.0
312.0
318.0
268.0
219.0
264.0
291.0
265.0
307.0
226.0
368.0
299.0
239.0
274.0
270.0
245.0
249.0
256.0
244.0
252.0
305.0
276.0
245.0
284.0
269.0
247.0
285.0
270.0
226.0
304.0
276.0
283.0
276.0
242.0
251.0
286.0
274.0
222.0
