560.0
612.0
738.0
704.0
727.0
877.0
851.0
771.0
875.0
788.0
909.0
789.0
849.0
774.0
792.0
680.0
761.0
821.0
889.0
807.0
822.0
824.0
765.0
821.0
893.0
714.0
855.0
782.0
799.0
819.0
847.0
736.0
894.0
892.0
818.0
739.0
964.0
727.0
777.0
804.0
776.0
816.0
721.0
955.0
830.0
727.0
680.0
835.0
938.0
796.0
774.0
853.0
760.0
889.0
898.0
970.0
802.0
728.0
915.0
675.0
992.0
835.0
705.0
779.0
800.0
717.0
869.0
826.0
850.0
843.0
862.0
707.0
942.0
869.0
731.0
671.0
693.0
757.0
930.0
746.0
868.0
827.0
846.0
888.0
762.0
750.0
732.0
725.0
854.0
755.0
776.0
829.0
809.0
701.0
690.0
808.0
762.0
830.0
872.0
780.0
766.0
816.0
777.0
935.0
1009.0
660.0
723.0
692.0
757.0
799.0
768.0
802.0
812.0
798.0
848.0
869.0
875.0
775.0
732.0
825.0
811.0
854.0
822.0
775.0
762.0
744.0
610.0
872.0
808.0
915.0
734.0
742.0
788.0
849.0
818.0
737.0
874.0
910.0
815.0
763.0
781.0
761.0
923.0
889.0
850.0
842.0
751.0
747.0
901.0
719.0
828.0
747.0
802.0
820.0
1057.0
761.0
694.0
776.0
801.0
869.0
773.0
765.0
771.0
802.0
842.0
865.0
709.0
720.0
749.0
828.0
790.0
713.0
781.0
793.0
676.0
733.0
771.0
871.0
751.0
721.0
889.0
855.0
947.0
883.0
672.0
795.0
840.0
714.0
780.0
836.0
1129.0
816.0
842.0
731.0
802.0
829.0
795.0
925.0
871.0
750.0
