152.0
222.0
158.0
186.0
223.0
288.0
257.0
180.0
178.0
257.0
179.0
180.0
159.0
174.0
200.0
219.0
173.0
168.0
198.0
308.0
228.0
166.0
157.0
224.0
169.0
208.0
172.0
193.0
200.0
141.0
165.0
202.0
170.0
172.0
228.0
156.0
152.0
165.0
167.0
164.0
177.0
227.0
159.0
191.0
157.0
153.0
153.0
168.0
142.0
201.0
164.0
152.0
199.0
180.0
191.0
164.0
163.0
188.0
165.0
186.0
294.0
191.0
148.0
155.0
167.0
146.0
154.0
188.0
243.0
176.0
186.0
192.0
178.0
177.0
220.0
180.0
198.0
198.0
154.0
151.0
186.0
171.0
194.0
169.0
191.0
204.0
145.0
212.0
194.0
173.0
165.0
161.0
180.0
188.0
201.0
200.0
184.0
150.0
165.0
164.0
157.0
174.0
167.0
154.0
216.0
340.0
197.0
169.0
199.0
149.0
156.0
207.0
181.0
188.0
153.0
146.0
162.0
236.0
168.0
211.0
191.0
151.0
190.0
226.0
246.0
221.0
161.0
214.0
236.0
160.0
149.0
193.0
158.0
132.0
200.0
196.0
221.0
172.0
188.0
189.0
188.0
170.0
161.0
187.0
193.0
244.0
223.0
164.0
157.0
190.0
173.0
185.0
177.0
258.0
189.0
178.0
174.0
156.0
208.0
210.0
170.0
262.0
156.0
223.0
158.0
154.0
169.0
230.0
165.0
197.0
161.0
195.0
246.0
179.0
190.0
180.0
173.0
183.0
151.0
152.0
231.0
181.0
196.0
176.0
168.0
230.0
158.0
157.0
244.0
172.0
151.0
176.0
139.0
160.0
150.0
155.0
194.0
182.0
194.0
163.0
