188.0
170.0
174.0
153.0
152.0
140.0
156.0
269.0
211.0
162.0
199.0
155.0
182.0
157.0
211.0
268.0
202.0
173.0
145.0
174.0
150.0
168.0
200.0
214.0
163.0
182.0
178.0
139.0
162.0
214.0
165.0
161.0
168.0
171.0
216.0
138.0
161.0
153.0
230.0
194.0
196.0
167.0
151.0
255.0
375.0
200.0
180.0
181.0
174.0
198.0
150.0
207.0
168.0
162.0
157.0
142.0
170.0
151.0
219.0
193.0
199.0
155.0
184.0
195.0
166.0
147.0
203.0
149.0
135.0
235.0
295.0
148.0
147.0
182.0
157.0
161.0
164.0
166.0
183.0
175.0
135.0
188.0
225.0
276.0
177.0
180.0
143.0
190.0
155.0
142.0
169.0
176.0
147.0
189.0
197.0
175.0
160.0
188.0
148.0
134.0
171.0
170.0
174.0
191.0
171.0
165.0
176.0
196.0
214.0
195.0
153.0
170.0
152.0
158.0
161.0
142.0
146.0
187.0
204.0
175.0
176.0
244.0
158.0
172.0
178.0
203.0
163.0
176.0
168.0
196.0
160.0
156.0
168.0
191.0
157.0
141.0
185.0
167.0
159.0
173.0
144.0
185.0
183.0
167.0
157.0
185.0
138.0
150.0
195.0
174.0
193.0
149.0
209.0
165.0
175.0
166.0
231.0
170.0
200.0
169.0
181.0
168.0
175.0
175.0
146.0
160.0
183.0
164.0
155.0
282.0
255.0
210.0
191.0
164.0
209.0
303.0
147.0
160.0
163.0
169.0
151.0
179.0
191.0
163.0
231.0
232.0
156.0
148.0
177.0
188.0
158.0
169.0
313.0
178.0
199.0
150.0
263.0
170.0
184.0
159.0
