430.0
449.0
430.0
478.0
575.0
664.0
643.0
667.0
596.0
593.0
701.0
866.0
713.0
770.0
793.0
842.0
823.0
758.0
920.0
806.0
821.0
876.0
895.0
887.0
889.0
816.0
751.0
877.0
828.0
688.0
781.0
736.0
655.0
727.0
686.0
846.0
982.0
849.0
853.0
726.0
756.0
684.0
935.0
756.0
746.0
825.0
772.0
874.0
789.0
754.0
708.0
834.0
889.0
755.0
806.0
826.0
834.0
769.0
787.0
954.0
769.0
858.0
736.0
826.0
829.0
813.0
702.0
837.0
824.0
849.0
751.0
837.0
845.0
869.0
923.0
693.0
818.0
845.0
844.0
767.0
754.0
744.0
973.0
882.0
736.0
780.0
824.0
644.0
820.0
793.0
913.0
901.0
857.0
981.0
1035.0
801.0
800.0
668.0
733.0
853.0
919.0
828.0
1007.0
839.0
758.0
695.0
782.0
789.0
830.0
709.0
816.0
749.0
676.0
751.0
671.0
813.0
810.0
752.0
891.0
774.0
730.0
811.0
739.0
766.0
739.0
716.0
809.0
836.0
767.0
870.0
819.0
843.0
791.0
798.0
798.0
791.0
768.0
823.0
817.0
828.0
764.0
749.0
889.0
847.0
821.0
779.0
785.0
880.0
771.0
822.0
854.0
758.0
724.0
840.0
860.0
720.0
835.0
819.0
866.0
719.0
757.0
786.0
812.0
820.0
713.0
756.0
795.0
864.0
809.0
793.0
738.0
778.0
679.0
692.0
749.0
793.0
855.0
777.0
632.0
722.0
803.0
714.0
840.0
983.0
878.0
737.0
875.0
889.0
773.0
695.0
980.0
850.0
815.0
1068.0
776.0
911.0
782.0
936.0
782.0
773.0
