271.0
138.0
146.0
170.0
153.0
201.0
162.0
166.0
195.0
164.0
213.0
185.0
175.0
159.0
261.0
192.0
196.0
179.0
190.0
160.0
180.0
194.0
223.0
134.0
164.0
201.0
340.0
190.0
236.0
161.0
173.0
230.0
172.0
185.0
189.0
191.0
175.0
227.0
169.0
143.0
174.0
184.0
420.0
219.0
161.0
150.0
174.0
180.0
223.0
191.0
157.0
157.0
264.0
194.0
159.0
148.0
164.0
164.0
150.0
194.0
194.0
157.0
169.0
178.0
151.0
170.0
156.0
176.0
159.0
162.0
181.0
196.0
217.0
169.0
152.0
186.0
126.0
141.0
146.0
167.0
201.0
170.0
182.0
154.0
167.0
173.0
197.0
158.0
129.0
181.0
190.0
179.0
242.0
180.0
202.0
178.0
182.0
197.0
172.0
146.0
158.0
125.0
188.0
182.0
199.0
154.0
171.0
163.0
136.0
169.0
169.0
160.0
183.0
215.0
218.0
160.0
203.0
186.0
162.0
146.0
163.0
227.0
162.0
193.0
166.0
157.0
252.0
196.0
165.0
155.0
169.0
144.0
157.0
170.0
164.0
202.0
165.0
186.0
198.0
174.0
207.0
162.0
181.0
151.0
156.0
146.0
150.0
134.0
169.0
190.0
152.0
152.0
172.0
175.0
187.0
193.0
169.0
135.0
156.0
185.0
226.0
190.0
170.0
164.0
154.0
194.0
169.0
166.0
212.0
204.0
158.0
150.0
146.0
142.0
184.0
191.0
152.0
159.0
174.0
175.0
169.0
165.0
158.0
146.0
167.0
155.0
180.0
178.0
167.0
162.0
168.0
162.0
168.0
149.0
215.0
186.0
161.0
149.0
161.0
168.0
