317.0
265.0
244.0
259.0
270.0
233.0
236.0
307.0
232.0
254.0
247.0
248.0
253.0
265.0
225.0
245.0
249.0
221.0
285.0
297.0
330.0
262.0
272.0
289.0
280.0
240.0
226.0
226.0
281.0
288.0
245.0
256.0
246.0
282.0
219.0
249.0
294.0
249.0
288.0
264.0
239.0
276.0
301.0
269.0
294.0
246.0
266.0
258.0
307.0
227.0
289.0
281.0
243.0
310.0
239.0
264.0
289.0
298.0
251.0
268.0
269.0
269.0
263.0
251.0
296.0
273.0
282.0
288.0
259.0
253.0
255.0
264.0
266.0
237.0
243.0
306.0
266.0
304.0
313.0
219.0
288.0
239.0
270.0
220.0
254.0
259.0
250.0
295.0
223.0
312.0
292.0
215.0
312.0
305.0
245.0
315.0
256.0
288.0
217.0
243.0
289.0
259.0
260.0
288.0
262.0
277.0
245.0
310.0
272.0
246.0
252.0
277.0
233.0
256.0
300.0
262.0
270.0
287.0
262.0
290.0
214.0
236.0
271.0
231.0
262.0
245.0
228.0
252.0
281.0
273.0
271.0
264.0
269.0
221.0
271.0
272.0
247.0
287.0
333.0
319.0
256.0
252.0
237.0
236.0
240.0
241.0
270.0
267.0
257.0
300.0
243.0
265.0
275.0
269.0
283.0
265.0
277.0
324.0
242.0
235.0
287.0
244.0
253.0
288.0
267.0
272.0
275.0
241.0
254.0
277.0
214.0
267.0
255.0
269.0
261.0
266.0
276.0
257.0
244.0
274.0
267.0
297.0
343.0
244.0
262.0
224.0
218.0
288.0
307.0
326.0
235.0
231.0
281.0
289.0
237.0
250.0
286.0
252.0
242.0
277.0
