274.0
257.0
267.0
232.0
251.0
236.0
253.0
242.0
248.0
244.0
247.0
232.0
260.0
234.0
243.0
222.0
258.0
285.0
243.0
248.0
238.0
262.0
234.0
253.0
232.0
216.0
323.0
278.0
284.0
249.0
263.0
304.0
233.0
289.0
221.0
266.0
252.0
277.0
324.0
235.0
232.0
256.0
258.0
296.0
274.0
242.0
282.0
240.0
244.0
270.0
204.0
299.0
290.0
275.0
228.0
291.0
271.0
242.0
256.0
274.0
296.0
278.0
275.0
246.0
210.0
274.0
235.0
234.0
280.0
239.0
240.0
263.0
236.0
227.0
249.0
297.0
223.0
291.0
263.0
235.0
267.0
265.0
298.0
262.0
263.0
241.0
237.0
255.0
271.0
244.0
243.0
240.0
268.0
241.0
285.0
274.0
292.0
240.0
194.0
238.0
291.0
246.0
286.0
229.0
280.0
259.0
229.0
273.0
260.0
271.0
252.0
230.0
243.0
252.0
277.0
256.0
298.0
291.0
285.0
254.0
279.0
265.0
272.0
229.0
295.0
240.0
217.0
227.0
275.0
234.0
293.0
228.0
313.0
251.0
241.0
259.0
213.0
239.0
268.0
263.0
220.0
267.0
228.0
233.0
261.0
281.0
246.0
271.0
251.0
264.0
339.0
247.0
239.0
274.0
261.0
237.0
263.0
255.0
227.0
217.0
262.0
255.0
241.0
248.0
318.0
280.0
228.0
269.0
259.0
274.0
358.0
277.0
267.0
270.0
242.0
271.0
245.0
235.0
255.0
232.0
271.0
229.0
224.0
287.0
245.0
267.0
233.0
263.0
278.0
297.0
249.0
243.0
304.0
269.0
249.0
225.0
250.0
231.0
255.0
333.0
