163.0
137.0
163.0
354.0
135.0
157.0
159.0
151.0
162.0
148.0
190.0
151.0
157.0
193.0
174.0
262.0
152.0
163.0
202.0
142.0
199.0
183.0
139.0
187.0
163.0
317.0
156.0
130.0
175.0
149.0
154.0
181.0
157.0
166.0
145.0
168.0
158.0
169.0
188.0
157.0
158.0
139.0
155.0
139.0
137.0
162.0
142.0
156.0
172.0
159.0
164.0
235.0
167.0
146.0
153.0
150.0
168.0
155.0
152.0
152.0
203.0
168.0
159.0
176.0
176.0
173.0
171.0
190.0
171.0
199.0
168.0
172.0
151.0
150.0
150.0
190.0
200.0
196.0
162.0
133.0
183.0
130.0
143.0
182.0
178.0
171.0
140.0
191.0
136.0
145.0
160.0
189.0
180.0
159.0
149.0
126.0
165.0
174.0
175.0
188.0
157.0
147.0
169.0
205.0
150.0
173.0
160.0
143.0
155.0
178.0
156.0
127.0
149.0
189.0
152.0
159.0
180.0
159.0
158.0
156.0
181.0
159.0
160.0
180.0
168.0
148.0
190.0
158.0
238.0
159.0
223.0
182.0
179.0
170.0
152.0
157.0
173.0
154.0
137.0
167.0
210.0
147.0
150.0
176.0
175.0
164.0
159.0
161.0
152.0
139.0
156.0
173.0
156.0
205.0
154.0
155.0
166.0
151.0
180.0
165.0
132.0
147.0
146.0
182.0
189.0
152.0
233.0
175.0
154.0
168.0
157.0
192.0
163.0
130.0
153.0
159.0
139.0
182.0
185.0
158.0
151.0
220.0
170.0
180.0
163.0
149.0
175.0
170.0
153.0
204.0
144.0
168.0
139.0
119.0
162.0
237.0
131.0
186.0
148.0
164.0
