261.0
272.0
268.0
257.0
367.0
237.0
283.0
245.0
293.0
267.0
246.0
255.0
328.0
495.0
296.0
286.0
277.0
232.0
288.0
277.0
241.0
262.0
268.0
278.0
260.0
270.0
301.0
247.0
285.0
284.0
282.0
257.0
269.0
319.0
266.0
242.0
244.0
253.0
347.0
285.0
265.0
258.0
244.0
367.0
310.0
272.0
255.0
313.0
342.0
274.0
272.0
312.0
293.0
246.0
280.0
258.0
262.0
269.0
260.0
297.0
239.0
242.0
321.0
313.0
257.0
270.0
343.0
250.0
243.0
252.0
259.0
265.0
265.0
269.0
295.0
252.0
255.0
266.0
290.0
249.0
315.0
282.0
280.0
289.0
273.0
265.0
277.0
276.0
275.0
272.0
292.0
328.0
267.0
263.0
274.0
284.0
250.0
294.0
274.0
272.0
274.0
280.0
275.0
277.0
279.0
302.0
270.0
295.0
261.0
269.0
250.0
264.0
301.0
312.0
246.0
262.0
258.0
293.0
262.0
288.0
238.0
313.0
261.0
292.0
271.0
286.0
262.0
295.0
231.0
302.0
316.0
247.0
354.0
270.0
306.0
246.0
302.0
260.0
245.0
291.0
277.0
312.0
249.0
287.0
270.0
302.0
310.0
290.0
254.0
284.0
263.0
262.0
284.0
313.0
273.0
263.0
266.0
324.0
266.0
292.0
283.0
287.0
286.0
276.0
309.0
242.0
278.0
311.0
233.0
348.0
261.0
318.0
328.0
265.0
272.0
235.0
265.0
221.0
279.0
279.0
261.0
342.0
264.0
262.0
278.0
269.0
253.0
274.0
270.0
262.0
313.0
367.0
294.0
251.0
257.0
259.0
340.0
233.0
260.0
262.0
