128.0
142.0
146.0
140.0
164.0
168.0
127.0
134.0
145.0
135.0
147.0
139.0
149.0
148.0
144.0
140.0
146.0
146.0
143.0
162.0
138.0
145.0
133.0
137.0
153.0
137.0
156.0
135.0
134.0
125.0
145.0
147.0
140.0
132.0
142.0
176.0
144.0
152.0
143.0
152.0
128.0
131.0
247.0
151.0
150.0
136.0
137.0
131.0
136.0
164.0
147.0
139.0
143.0
154.0
162.0
151.0
138.0
142.0
142.0
152.0
150.0
134.0
146.0
141.0
164.0
137.0
151.0
147.0
140.0
133.0
140.0
145.0
129.0
138.0
121.0
129.0
129.0
151.0
161.0
134.0
131.0
144.0
148.0
148.0
129.0
155.0
201.0
130.0
150.0
175.0
138.0
148.0
169.0
158.0
147.0
149.0
153.0
140.0
161.0
149.0
135.0
150.0
133.0
129.0
137.0
140.0
151.0
147.0
140.0
135.0
131.0
126.0
128.0
157.0
156.0
150.0
144.0
162.0
134.0
167.0
130.0
143.0
150.0
135.0
166.0
152.0
124.0
146.0
132.0
145.0
130.0
133.0
155.0
160.0
177.0
134.0
170.0
134.0
146.0
133.0
145.0
125.0
130.0
148.0
134.0
151.0
144.0
149.0
149.0
133.0
153.0
139.0
144.0
139.0
149.0
139.0
139.0
137.0
172.0
167.0
156.0
122.0
148.0
164.0
137.0
148.0
181.0
144.0
128.0
123.0
146.0
153.0
140.0
148.0
161.0
121.0
135.0
153.0
128.0
126.0
168.0
121.0
137.0
150.0
207.0
139.0
144.0
135.0
158.0
157.0
138.0
132.0
145.0
146.0
123.0
143.0
146.0
142.0
169.0
144.0
