258.0
261.0
240.0
297.0
322.0
276.0
263.0
317.0
351.0
276.0
238.0
287.0
259.0
282.0
273.0
262.0
263.0
274.0
296.0
247.0
257.0
321.0
279.0
238.0
257.0
236.0
329.0
296.0
271.0
260.0
231.0
247.0
239.0
255.0
252.0
241.0
232.0
238.0
284.0
262.0
324.0
279.0
224.0
254.0
236.0
242.0
270.0
237.0
313.0
252.0
264.0
240.0
233.0
305.0
278.0
267.0
257.0
246.0
284.0
254.0
288.0
279.0
237.0
320.0
297.0
227.0
251.0
236.0
247.0
251.0
255.0
285.0
239.0
267.0
254.0
222.0
297.0
247.0
280.0
254.0
237.0
238.0
248.0
324.0
215.0
306.0
311.0
240.0
261.0
230.0
248.0
308.0
248.0
248.0
253.0
249.0
274.0
217.0
225.0
242.0
259.0
250.0
249.0
264.0
318.0
244.0
268.0
270.0
237.0
292.0
264.0
242.0
283.0
234.0
292.0
308.0
267.0
249.0
240.0
264.0
266.0
278.0
236.0
272.0
254.0
259.0
287.0
268.0
284.0
242.0
261.0
278.0
299.0
228.0
232.0
265.0
241.0
265.0
295.0
354.0
309.0
264.0
235.0
252.0
296.0
277.0
277.0
261.0
240.0
221.0
290.0
257.0
271.0
255.0
281.0
259.0
318.0
245.0
334.0
284.0
263.0
240.0
251.0
295.0
277.0
246.0
228.0
313.0
243.0
280.0
248.0
261.0
238.0
255.0
305.0
284.0
300.0
278.0
275.0
244.0
230.0
281.0
249.0
279.0
260.0
232.0
228.0
267.0
269.0
256.0
267.0
269.0
296.0
310.0
280.0
273.0
295.0
259.0
243.0
263.0
