162.0
148.0
144.0
221.0
197.0
223.0
199.0
177.0
246.0
197.0
310.0
175.0
148.0
174.0
191.0
195.0
226.0
194.0
141.0
224.0
149.0
150.0
212.0
170.0
284.0
155.0
266.0
170.0
175.0
178.0
166.0
170.0
199.0
219.0
276.0
272.0
156.0
189.0
176.0
166.0
182.0
170.0
211.0
261.0
161.0
160.0
148.0
167.0
171.0
142.0
166.0
169.0
138.0
162.0
177.0
145.0
192.0
152.0
173.0
170.0
223.0
243.0
221.0
171.0
144.0
172.0
186.0
186.0
181.0
175.0
161.0
180.0
185.0
210.0
178.0
150.0
177.0
153.0
168.0
275.0
226.0
174.0
171.0
205.0
207.0
165.0
172.0
160.0
215.0
162.0
223.0
181.0
166.0
177.0
189.0
161.0
147.0
206.0
189.0
175.0
219.0
184.0
167.0
210.0
226.0
137.0
174.0
169.0
129.0
155.0
233.0
154.0
168.0
177.0
158.0
137.0
162.0
175.0
185.0
154.0
165.0
212.0
184.0
158.0
167.0
167.0
179.0
179.0
233.0
198.0
167.0
175.0
198.0
169.0
207.0
141.0
193.0
294.0
163.0
199.0
173.0
210.0
186.0
191.0
189.0
274.0
212.0
161.0
179.0
149.0
177.0
203.0
151.0
170.0
159.0
150.0
204.0
231.0
154.0
256.0
159.0
173.0
173.0
216.0
166.0
269.0
197.0
267.0
165.0
146.0
153.0
214.0
194.0
178.0
179.0
205.0
178.0
141.0
176.0
177.0
133.0
138.0
179.0
165.0
201.0
173.0
143.0
154.0
137.0
161.0
196.0
160.0
173.0
170.0
177.0
194.0
165.0
171.0
185.0
242.0
