210.0
225.0
220.0
262.0
245.0
256.0
264.0
259.0
246.0
227.0
248.0
252.0
229.0
294.0
264.0
262.0
232.0
227.0
277.0
265.0
314.0
216.0
253.0
316.0
217.0
224.0
270.0
240.0
244.0
198.0
288.0
231.0
279.0
248.0
256.0
301.0
255.0
264.0
234.0
261.0
266.0
286.0
270.0
276.0
232.0
252.0
276.0
275.0
247.0
256.0
227.0
259.0
232.0
233.0
255.0
282.0
239.0
237.0
235.0
255.0
248.0
338.0
249.0
268.0
226.0
229.0
220.0
285.0
222.0
221.0
298.0
260.0
247.0
236.0
260.0
255.0
240.0
250.0
235.0
274.0
249.0
248.0
229.0
232.0
284.0
275.0
227.0
215.0
242.0
280.0
302.0
293.0
275.0
225.0
280.0
258.0
279.0
263.0
271.0
260.0
258.0
278.0
243.0
237.0
320.0
246.0
227.0
242.0
283.0
302.0
224.0
240.0
252.0
269.0
288.0
251.0
292.0
239.0
249.0
236.0
278.0
257.0
303.0
258.0
240.0
279.0
250.0
247.0
259.0
233.0
274.0
247.0
291.0
233.0
304.0
248.0
228.0
262.0
273.0
351.0
258.0
263.0
254.0
236.0
237.0
276.0
260.0
242.0
261.0
265.0
241.0
252.0
280.0
227.0
253.0
279.0
255.0
240.0
319.0
271.0
277.0
236.0
266.0
242.0
230.0
250.0
275.0
222.0
258.0
291.0
263.0
302.0
246.0
240.0
244.0
244.0
245.0
247.0
255.0
243.0
219.0
310.0
248.0
242.0
264.0
245.0
222.0
232.0
258.0
237.0
234.0
233.0
200.0
248.0
245.0
292.0
282.0
264.0
292.0
256.0
