284.0
291.0
241.0
309.0
256.0
275.0
249.0
256.0
252.0
265.0
237.0
252.0
233.0
258.0
261.0
270.0
249.0
297.0
265.0
287.0
258.0
322.0
280.0
260.0
242.0
272.0
278.0
271.0
273.0
352.0
225.0
266.0
232.0
254.0
328.0
295.0
249.0
272.0
318.0
272.0
273.0
252.0
225.0
256.0
264.0
301.0
282.0
288.0
278.0
321.0
262.0
273.0
290.0
292.0
252.0
326.0
219.0
346.0
259.0
299.0
284.0
270.0
242.0
276.0
259.0
318.0
281.0
289.0
285.0
283.0
389.0
247.0
259.0
243.0
252.0
298.0
246.0
260.0
269.0
259.0
267.0
246.0
254.0
300.0
299.0
283.0
278.0
252.0
267.0
224.0
228.0
239.0
314.0
288.0
265.0
295.0
274.0
218.0
230.0
249.0
230.0
305.0
269.0
306.0
250.0
302.0
249.0
239.0
287.0
281.0
307.0
280.0
243.0
349.0
277.0
222.0
232.0
276.0
308.0
239.0
313.0
258.0
312.0
254.0
313.0
269.0
270.0
281.0
355.0
319.0
297.0
263.0
250.0
244.0
258.0
267.0
287.0
264.0
275.0
287.0
286.0
274.0
255.0
259.0
298.0
285.0
260.0
305.0
256.0
245.0
271.0
268.0
266.0
315.0
279.0
330.0
260.0
260.0
234.0
274.0
259.0
267.0
216.0
258.0
236.0
241.0
299.0
268.0
316.0
262.0
259.0
245.0
279.0
241.0
254.0
282.0
242.0
249.0
300.0
293.0
259.0
266.0
259.0
390.0
282.0
282.0
288.0
312.0
296.0
257.0
266.0
278.0
266.0
293.0
292.0
236.0
262.0
280.0
237.0
254.0
