171.0
166.0
140.0
207.0
162.0
169.0
164.0
168.0
139.0
144.0
170.0
175.0
146.0
137.0
151.0
157.0
177.0
152.0
200.0
152.0
160.0
143.0
150.0
141.0
186.0
164.0
139.0
149.0
150.0
204.0
154.0
156.0
135.0
156.0
171.0
163.0
174.0
142.0
158.0
188.0
131.0
159.0
154.0
137.0
230.0
161.0
157.0
147.0
149.0
182.0
150.0
154.0
167.0
217.0
144.0
152.0
169.0
165.0
127.0
165.0
140.0
146.0
176.0
165.0
157.0
177.0
137.0
179.0
156.0
142.0
147.0
149.0
185.0
132.0
167.0
154.0
182.0
165.0
176.0
140.0
162.0
174.0
136.0
171.0
160.0
159.0
134.0
179.0
189.0
140.0
156.0
140.0
178.0
172.0
212.0
164.0
165.0
132.0
169.0
137.0
153.0
139.0
142.0
151.0
171.0
151.0
148.0
137.0
179.0
145.0
129.0
148.0
196.0
164.0
151.0
166.0
170.0
231.0
164.0
148.0
187.0
128.0
171.0
152.0
153.0
200.0
159.0
140.0
153.0
161.0
155.0
158.0
134.0
158.0
154.0
129.0
185.0
132.0
146.0
198.0
140.0
145.0
143.0
202.0
162.0
173.0
147.0
132.0
156.0
159.0
140.0
173.0
241.0
202.0
178.0
216.0
200.0
255.0
149.0
164.0
158.0
154.0
189.0
153.0
138.0
159.0
145.0
133.0
162.0
163.0
132.0
194.0
293.0
158.0
178.0
177.0
175.0
205.0
189.0
158.0
151.0
149.0
190.0
159.0
185.0
144.0
165.0
270.0
146.0
188.0
191.0
153.0
154.0
158.0
174.0
162.0
136.0
171.0
146.0
155.0
