257.0
241.0
241.0
296.0
270.0
300.0
265.0
265.0
267.0
276.0
255.0
254.0
252.0
285.0
313.0
305.0
241.0
299.0
269.0
280.0
277.0
282.0
245.0
318.0
257.0
244.0
285.0
248.0
253.0
302.0
334.0
262.0
259.0
282.0
250.0
281.0
292.0
248.0
226.0
288.0
273.0
369.0
325.0
317.0
239.0
278.0
390.0
277.0
259.0
246.0
270.0
250.0
266.0
274.0
256.0
257.0
289.0
270.0
265.0
312.0
269.0
258.0
242.0
265.0
262.0
241.0
328.0
276.0
263.0
251.0
291.0
282.0
303.0
269.0
292.0
258.0
237.0
263.0
270.0
321.0
255.0
255.0
249.0
314.0
290.0
254.0
241.0
282.0
296.0
261.0
281.0
242.0
283.0
262.0
253.0
294.0
272.0
268.0
252.0
213.0
297.0
279.0
288.0
301.0
281.0
260.0
250.0
273.0
279.0
242.0
280.0
272.0
277.0
305.0
284.0
261.0
232.0
229.0
248.0
273.0
293.0
242.0
246.0
307.0
279.0
234.0
232.0
268.0
253.0
245.0
353.0
243.0
284.0
248.0
225.0
295.0
257.0
341.0
250.0
228.0
240.0
233.0
270.0
254.0
235.0
255.0
295.0
263.0
254.0
292.0
337.0
251.0
246.0
267.0
277.0
293.0
285.0
255.0
266.0
276.0
324.0
252.0
248.0
226.0
326.0
268.0
268.0
236.0
297.0
262.0
251.0
262.0
266.0
301.0
263.0
269.0
269.0
259.0
297.0
271.0
293.0
300.0
264.0
309.0
263.0
288.0
244.0
288.0
256.0
244.0
244.0
265.0
287.0
256.0
325.0
234.0
261.0
257.0
243.0
310.0
