262.0
244.0
289.0
246.0
278.0
248.0
260.0
260.0
313.0
300.0
265.0
225.0
298.0
253.0
296.0
254.0
283.0
255.0
234.0
237.0
234.0
252.0
251.0
262.0
352.0
278.0
296.0
277.0
281.0
266.0
258.0
303.0
272.0
235.0
256.0
270.0
291.0
300.0
297.0
273.0
293.0
254.0
278.0
248.0
263.0
271.0
242.0
244.0
263.0
269.0
250.0
263.0
355.0
251.0
250.0
246.0
247.0
210.0
214.0
287.0
279.0
240.0
260.0
255.0
235.0
303.0
288.0
246.0
270.0
213.0
262.0
227.0
251.0
252.0
304.0
244.0
266.0
251.0
243.0
268.0
276.0
271.0
305.0
260.0
258.0
262.0
237.0
267.0
243.0
266.0
246.0
247.0
241.0
269.0
259.0
277.0
239.0
306.0
254.0
258.0
247.0
293.0
267.0
260.0
269.0
209.0
257.0
236.0
291.0
284.0
266.0
257.0
283.0
258.0
232.0
293.0
310.0
215.0
245.0
254.0
262.0
234.0
245.0
267.0
210.0
330.0
274.0
266.0
230.0
270.0
278.0
239.0
255.0
242.0
262.0
250.0
237.0
311.0
268.0
284.0
241.0
310.0
219.0
226.0
282.0
239.0
278.0
303.0
257.0
273.0
273.0
234.0
235.0
299.0
282.0
328.0
286.0
277.0
236.0
268.0
237.0
269.0
309.0
291.0
246.0
224.0
277.0
244.0
221.0
241.0
245.0
299.0
277.0
352.0
243.0
267.0
245.0
258.0
317.0
308.0
243.0
292.0
242.0
293.0
245.0
250.0
257.0
270.0
272.0
269.0
248.0
305.0
268.0
255.0
260.0
297.0
263.0
250.0
257.0
247.0
