318.0
289.0
240.0
250.0
253.0
273.0
272.0
283.0
240.0
371.0
223.0
281.0
254.0
326.0
283.0
263.0
290.0
236.0
249.0
279.0
256.0
221.0
270.0
351.0
237.0
312.0
274.0
261.0
269.0
256.0
332.0
299.0
276.0
275.0
296.0
249.0
290.0
285.0
296.0
243.0
256.0
262.0
256.0
257.0
258.0
270.0
306.0
249.0
274.0
254.0
284.0
296.0
292.0
255.0
247.0
254.0
293.0
278.0
262.0
270.0
293.0
313.0
237.0
309.0
242.0
238.0
267.0
274.0
278.0
257.0
275.0
269.0
271.0
251.0
256.0
243.0
254.0
254.0
278.0
257.0
272.0
275.0
264.0
247.0
239.0
271.0
343.0
264.0
261.0
296.0
268.0
333.0
290.0
257.0
251.0
251.0
268.0
257.0
279.0
281.0
247.0
239.0
255.0
273.0
254.0
268.0
284.0
312.0
262.0
354.0
252.0
296.0
276.0
316.0
288.0
322.0
280.0
284.0
302.0
260.0
265.0
257.0
264.0
250.0
262.0
287.0
264.0
271.0
316.0
264.0
278.0
224.0
304.0
252.0
253.0
243.0
241.0
237.0
239.0
278.0
335.0
249.0
331.0
272.0
286.0
286.0
281.0
264.0
235.0
237.0
221.0
280.0
259.0
211.0
230.0
255.0
271.0
260.0
274.0
251.0
348.0
258.0
305.0
243.0
249.0
277.0
222.0
308.0
266.0
255.0
287.0
241.0
366.0
250.0
243.0
255.0
314.0
261.0
255.0
235.0
281.0
270.0
252.0
229.0
270.0
313.0
245.0
280.0
265.0
267.0
260.0
270.0
235.0
250.0
270.0
239.0
265.0
310.0
271.0
248.0
