148.0
156.0
159.0
156.0
148.0
165.0
147.0
186.0
138.0
149.0
182.0
176.0
156.0
148.0
166.0
185.0
185.0
229.0
182.0
179.0
141.0
132.0
199.0
226.0
154.0
268.0
191.0
153.0
146.0
167.0
164.0
204.0
140.0
175.0
166.0
167.0
177.0
136.0
197.0
279.0
170.0
142.0
204.0
146.0
151.0
159.0
146.0
136.0
201.0
147.0
191.0
135.0
161.0
169.0
167.0
170.0
168.0
180.0
157.0
152.0
176.0
199.0
201.0
185.0
176.0
174.0
211.0
153.0
142.0
151.0
173.0
145.0
202.0
169.0
190.0
152.0
168.0
196.0
156.0
146.0
174.0
182.0
165.0
165.0
151.0
146.0
146.0
161.0
148.0
177.0
142.0
197.0
220.0
169.0
168.0
182.0
172.0
155.0
193.0
169.0
171.0
157.0
154.0
159.0
154.0
160.0
163.0
167.0
145.0
209.0
200.0
216.0
176.0
192.0
156.0
167.0
146.0
211.0
178.0
155.0
177.0
180.0
195.0
195.0
134.0
203.0
151.0
169.0
172.0
166.0
161.0
147.0
163.0
177.0
252.0
144.0
211.0
181.0
244.0
196.0
153.0
163.0
145.0
157.0
148.0
162.0
160.0
166.0
151.0
151.0
193.0
159.0
157.0
172.0
180.0
175.0
144.0
146.0
169.0
148.0
168.0
149.0
185.0
150.0
201.0
211.0
159.0
157.0
159.0
205.0
140.0
141.0
172.0
217.0
165.0
158.0
181.0
161.0
168.0
144.0
178.0
158.0
167.0
186.0
157.0
174.0
170.0
152.0
173.0
182.0
154.0
166.0
157.0
133.0
210.0
174.0
137.0
162.0
186.0
148.0
