244.0
243.0
254.0
239.0
264.0
291.0
292.0
282.0
239.0
362.0
305.0
246.0
278.0
251.0
279.0
247.0
287.0
241.0
255.0
241.0
242.0
331.0
279.0
263.0
254.0
283.0
261.0
290.0
304.0
242.0
222.0
325.0
249.0
281.0
233.0
250.0
243.0
250.0
256.0
237.0
277.0
246.0
287.0
252.0
311.0
282.0
327.0
306.0
281.0
248.0
244.0
243.0
302.0
322.0
252.0
269.0
334.0
353.0
311.0
273.0
311.0
253.0
247.0
303.0
282.0
266.0
265.0
301.0
241.0
257.0
232.0
262.0
290.0
262.0
273.0
312.0
267.0
254.0
239.0
291.0
290.0
257.0
275.0
258.0
290.0
255.0
233.0
270.0
244.0
277.0
306.0
286.0
282.0
307.0
246.0
280.0
247.0
229.0
240.0
261.0
293.0
225.0
284.0
277.0
284.0
244.0
243.0
252.0
256.0
238.0
313.0
268.0
305.0
248.0
333.0
252.0
266.0
255.0
248.0
312.0
278.0
236.0
220.0
264.0
273.0
250.0
263.0
332.0
261.0
249.0
262.0
249.0
256.0
217.0
238.0
258.0
321.0
253.0
242.0
251.0
274.0
286.0
263.0
246.0
273.0
246.0
226.0
216.0
256.0
227.0
245.0
247.0
285.0
275.0
231.0
249.0
275.0
288.0
257.0
237.0
278.0
258.0
224.0
266.0
262.0
245.0
262.0
314.0
247.0
257.0
254.0
251.0
294.0
240.0
248.0
230.0
260.0
274.0
256.0
270.0
257.0
298.0
272.0
287.0
246.0
237.0
274.0
249.0
272.0
275.0
251.0
298.0
241.0
246.0
278.0
259.0
271.0
247.0
273.0
278.0
