229.0
222.0
268.0
249.0
272.0
241.0
271.0
252.0
248.0
236.0
255.0
259.0
266.0
277.0
257.0
255.0
244.0
290.0
265.0
236.0
232.0
252.0
302.0
270.0
236.0
221.0
279.0
253.0
254.0
292.0
218.0
268.0
354.0
260.0
271.0
277.0
261.0
262.0
269.0
229.0
251.0
228.0
268.0
229.0
243.0
247.0
234.0
243.0
246.0
252.0
258.0
265.0
253.0
257.0
250.0
276.0
248.0
286.0
266.0
292.0
258.0
261.0
233.0
244.0
232.0
251.0
240.0
245.0
264.0
260.0
276.0
208.0
291.0
257.0
264.0
277.0
231.0
287.0
275.0
228.0
248.0
271.0
245.0
281.0
243.0
229.0
237.0
243.0
230.0
236.0
261.0
255.0
266.0
276.0
279.0
295.0
257.0
268.0
268.0
278.0
278.0
286.0
240.0
282.0
229.0
238.0
295.0
259.0
269.0
239.0
244.0
253.0
213.0
220.0
262.0
229.0
263.0
267.0
272.0
241.0
289.0
303.0
269.0
257.0
229.0
274.0
281.0
220.0
284.0
260.0
247.0
293.0
275.0
268.0
253.0
278.0
273.0
309.0
242.0
269.0
246.0
236.0
277.0
300.0
250.0
304.0
240.0
263.0
245.0
242.0
238.0
257.0
228.0
274.0
266.0
245.0
322.0
320.0
216.0
284.0
266.0
219.0
274.0
272.0
306.0
332.0
271.0
324.0
259.0
244.0
251.0
244.0
253.0
282.0
258.0
247.0
225.0
302.0
240.0
260.0
236.0
236.0
258.0
221.0
261.0
284.0
253.0
279.0
269.0
257.0
282.0
311.0
251.0
263.0
231.0
240.0
272.0
268.0
237.0
243.0
