222.0
251.0
287.0
292.0
227.0
218.0
255.0
257.0
219.0
234.0
249.0
268.0
235.0
247.0
236.0
302.0
253.0
257.0
282.0
224.0
251.0
262.0
251.0
248.0
251.0
249.0
266.0
260.0
261.0
255.0
248.0
264.0
263.0
256.0
251.0
307.0
243.0
282.0
231.0
239.0
267.0
267.0
285.0
254.0
241.0
273.0
234.0
253.0
277.0
238.0
233.0
241.0
230.0
240.0
264.0
211.0
253.0
268.0
223.0
273.0
226.0
288.0
246.0
277.0
241.0
230.0
239.0
225.0
290.0
237.0
245.0
254.0
237.0
287.0
267.0
237.0
251.0
251.0
239.0
270.0
239.0
264.0
284.0
235.0
256.0
251.0
292.0
241.0
309.0
293.0
232.0
251.0
264.0
259.0
247.0
264.0
242.0
256.0
305.0
240.0
209.0
231.0
257.0
224.0
280.0
265.0
234.0
227.0
254.0
258.0
254.0
245.0
231.0
290.0
260.0
200.0
343.0
265.0
262.0
207.0
295.0
244.0
302.0
258.0
257.0
269.0
262.0
233.0
265.0
227.0
244.0
260.0
223.0
245.0
242.0
245.0
233.0
239.0
228.0
220.0
223.0
296.0
311.0
254.0
275.0
268.0
256.0
266.0
253.0
272.0
287.0
251.0
257.0
270.0
233.0
312.0
285.0
264.0
262.0
236.0
217.0
269.0
215.0
231.0
226.0
230.0
272.0
282.0
315.0
277.0
300.0
266.0
226.0
234.0
243.0
276.0
231.0
257.0
218.0
230.0
261.0
251.0
236.0
270.0
252.0
233.0
262.0
241.0
248.0
270.0
254.0
292.0
263.0
198.0
306.0
239.0
222.0
284.0
210.0
252.0
