154.0
148.0
159.0
139.0
143.0
144.0
138.0
134.0
156.0
149.0
150.0
294.0
157.0
135.0
141.0
141.0
126.0
168.0
152.0
141.0
143.0
147.0
144.0
176.0
139.0
132.0
134.0
145.0
156.0
164.0
188.0
152.0
131.0
165.0
128.0
166.0
164.0
138.0
126.0
143.0
145.0
158.0
162.0
147.0
159.0
163.0
154.0
121.0
150.0
152.0
149.0
160.0
139.0
148.0
152.0
138.0
177.0
140.0
163.0
142.0
150.0
155.0
149.0
145.0
155.0
168.0
165.0
166.0
153.0
157.0
154.0
140.0
140.0
155.0
200.0
239.0
156.0
148.0
166.0
136.0
188.0
144.0
240.0
127.0
164.0
173.0
118.0
143.0
142.0
196.0
155.0
158.0
153.0
139.0
195.0
141.0
134.0
145.0
152.0
158.0
160.0
152.0
140.0
166.0
156.0
146.0
200.0
146.0
139.0
141.0
152.0
158.0
263.0
213.0
151.0
151.0
148.0
162.0
147.0
161.0
140.0
158.0
156.0
146.0
172.0
163.0
149.0
155.0
148.0
135.0
152.0
115.0
147.0
153.0
160.0
145.0
177.0
162.0
146.0
160.0
133.0
153.0
130.0
143.0
152.0
222.0
163.0
165.0
135.0
142.0
153.0
223.0
150.0
137.0
137.0
149.0
137.0
164.0
154.0
156.0
141.0
144.0
168.0
140.0
170.0
163.0
137.0
137.0
158.0
134.0
145.0
164.0
141.0
190.0
201.0
135.0
134.0
128.0
144.0
194.0
169.0
146.0
133.0
163.0
167.0
144.0
173.0
142.0
148.0
141.0
201.0
143.0
175.0
177.0
159.0
181.0
156.0
147.0
151.0
157.0
