214.0
207.0
149.0
158.0
155.0
144.0
162.0
153.0
159.0
148.0
175.0
128.0
147.0
153.0
133.0
145.0
146.0
125.0
180.0
138.0
144.0
128.0
127.0
139.0
155.0
244.0
171.0
168.0
142.0
158.0
157.0
165.0
144.0
167.0
164.0
164.0
151.0
133.0
145.0
147.0
145.0
141.0
139.0
154.0
163.0
162.0
139.0
144.0
151.0
182.0
158.0
131.0
121.0
237.0
167.0
149.0
167.0
134.0
147.0
139.0
168.0
152.0
161.0
150.0
138.0
249.0
151.0
155.0
142.0
159.0
135.0
189.0
162.0
137.0
179.0
147.0
148.0
188.0
144.0
174.0
129.0
148.0
149.0
235.0
239.0
161.0
157.0
157.0
202.0
131.0
197.0
294.0
145.0
219.0
140.0
142.0
184.0
159.0
149.0
138.0
156.0
141.0
171.0
154.0
178.0
149.0
169.0
142.0
150.0
158.0
175.0
141.0
171.0
189.0
149.0
155.0
150.0
138.0
172.0
205.0
145.0
160.0
147.0
120.0
139.0
198.0
128.0
179.0
153.0
181.0
179.0
176.0
166.0
156.0
177.0
150.0
191.0
146.0
171.0
183.0
159.0
172.0
150.0
147.0
147.0
137.0
152.0
172.0
153.0
154.0
183.0
138.0
134.0
166.0
151.0
158.0
158.0
180.0
136.0
178.0
173.0
165.0
137.0
149.0
177.0
158.0
147.0
154.0
156.0
174.0
136.0
149.0
153.0
161.0
211.0
143.0
132.0
124.0
223.0
158.0
156.0
200.0
143.0
183.0
144.0
149.0
152.0
122.0
161.0
182.0
139.0
166.0
153.0
174.0
149.0
159.0
136.0
137.0
156.0
152.0
