285.0
288.0
306.0
326.0
286.0
369.0
324.0
311.0
261.0
258.0
224.0
237.0
215.0
250.0
250.0
203.0
218.0
290.0
234.0
212.0
253.0
171.0
239.0
207.0
174.0
234.0
251.0
190.0
193.0
203.0
197.0
212.0
201.0
241.0
224.0
225.0
263.0
180.0
186.0
198.0
214.0
215.0
165.0
170.0
212.0
196.0
223.0
224.0
228.0
244.0
258.0
383.0
428.0
448.0
377.0
331.0
276.0
261.0
242.0
244.0
266.0
255.0
230.0
247.0
231.0
216.0
193.0
269.0
361.0
304.0
276.0
333.0
430.0
505.0
594.0
562.0
480.0
378.0
453.0
431.0
381.0
406.0
426.0
397.0
371.0
396.0
351.0
300.0
289.0
328.0
296.0
283.0
376.0
410.0
470.0
448.0
429.0
506.0
443.0
457.0
494.0
625.0
577.0
510.0
404.0
370.0
304.0
291.0
211.0
236.0
226.0
190.0
219.0
177.0
233.0
298.0
314.0
284.0
201.0
163.0
190.0
188.0
247.0
256.0
200.0
219.0
304.0
264.0
255.0
305.0
309.0
306.0
337.0
380.0
453.0
496.0
414.0
445.0
367.0
374.0
427.0
542.0
544.0
569.0
583.0
838.0
777.0
845.0
789.0
780.0
794.0
766.0
1009.0
814.0
934.0
826.0
694.0
765.0
914.0
682.0
744.0
845.0
767.0
740.0
887.0
749.0
783.0
828.0
771.0
714.0
671.0
803.0
760.0
798.0
854.0
733.0
821.0
831.0
856.0
805.0
745.0
923.0
1033.0
841.0
846.0
745.0
887.0
763.0
722.0
807.0
819.0
782.0
709.0
879.0
799.0
837.0
760.0
815.0
812.0
907.0
