349.0
320.0
247.0
307.0
275.0
322.0
299.0
274.0
284.0
328.0
251.0
259.0
320.0
284.0
247.0
246.0
279.0
239.0
276.0
284.0
285.0
322.0
314.0
282.0
313.0
301.0
270.0
300.0
245.0
291.0
277.0
250.0
253.0
260.0
246.0
266.0
324.0
284.0
266.0
272.0
269.0
263.0
276.0
281.0
304.0
251.0
259.0
451.0
255.0
276.0
293.0
322.0
331.0
236.0
258.0
279.0
284.0
278.0
292.0
280.0
255.0
266.0
284.0
276.0
327.0
237.0
328.0
288.0
255.0
236.0
250.0
265.0
260.0
334.0
277.0
275.0
262.0
257.0
293.0
282.0
243.0
287.0
260.0
250.0
309.0
278.0
321.0
308.0
288.0
352.0
266.0
263.0
294.0
254.0
304.0
236.0
268.0
250.0
256.0
261.0
242.0
333.0
276.0
291.0
283.0
257.0
262.0
296.0
252.0
277.0
251.0
296.0
252.0
285.0
319.0
263.0
269.0
261.0
251.0
274.0
245.0
281.0
299.0
265.0
273.0
280.0
252.0
307.0
395.0
246.0
282.0
235.0
235.0
285.0
319.0
276.0
252.0
242.0
278.0
377.0
295.0
278.0
400.0
241.0
273.0
241.0
283.0
242.0
316.0
229.0
259.0
277.0
328.0
308.0
303.0
260.0
278.0
263.0
273.0
238.0
285.0
322.0
255.0
319.0
402.0
300.0
262.0
285.0
261.0
253.0
304.0
302.0
295.0
292.0
260.0
289.0
275.0
303.0
242.0
317.0
254.0
252.0
288.0
246.0
305.0
277.0
300.0
268.0
235.0
296.0
313.0
278.0
273.0
250.0
322.0
260.0
249.0
287.0
279.0
265.0
