284.0
334.0
326.0
322.0
360.0
335.0
349.0
328.0
269.0
230.0
219.0
247.0
209.0
280.0
222.0
164.0
254.0
250.0
248.0
214.0
264.0
240.0
214.0
214.0
322.0
341.0
380.0
257.0
230.0
200.0
240.0
263.0
333.0
285.0
394.0
390.0
457.0
493.0
389.0
370.0
397.0
386.0
358.0
353.0
327.0
329.0
325.0
358.0
404.0
434.0
487.0
559.0
720.0
730.0
717.0
781.0
828.0
711.0
646.0
699.0
645.0
629.0
540.0
557.0
652.0
733.0
695.0
705.0
794.0
802.0
698.0
773.0
694.0
624.0
491.0
433.0
450.0
401.0
360.0
297.0
241.0
306.0
266.0
236.0
239.0
225.0
198.0
286.0
217.0
193.0
238.0
312.0
293.0
326.0
319.0
273.0
371.0
332.0
384.0
314.0
301.0
293.0
382.0
284.0
284.0
259.0
294.0
273.0
281.0
239.0
210.0
210.0
206.0
259.0
320.0
263.0
234.0
266.0
328.0
387.0
278.0
265.0
219.0
363.0
361.0
308.0
281.0
344.0
357.0
417.0
347.0
429.0
521.0
502.0
603.0
639.0
730.0
633.0
629.0
690.0
628.0
608.0
511.0
474.0
556.0
579.0
602.0
648.0
706.0
659.0
686.0
667.0
643.0
599.0
626.0
535.0
472.0
349.0
391.0
442.0
357.0
370.0
388.0
330.0
352.0
301.0
276.0
250.0
225.0
180.0
215.0
253.0
240.0
298.0
297.0
296.0
304.0
322.0
295.0
210.0
233.0
213.0
223.0
357.0
333.0
313.0
340.0
322.0
326.0
327.0
519.0
517.0
664.0
747.0
733.0
820.0
651.0
686.0
723.0
679.0
