161.0
208.0
171.0
278.0
257.0
198.0
174.0
211.0
204.0
200.0
198.0
174.0
181.0
143.0
154.0
177.0
179.0
195.0
194.0
174.0
295.0
216.0
171.0
156.0
174.0
159.0
170.0
179.0
180.0
180.0
219.0
172.0
194.0
277.0
169.0
176.0
176.0
167.0
168.0
183.0
150.0
197.0
237.0
154.0
196.0
164.0
167.0
184.0
210.0
156.0
146.0
143.0
163.0
210.0
169.0
151.0
145.0
215.0
189.0
240.0
167.0
181.0
176.0
160.0
177.0
178.0
163.0
163.0
322.0
230.0
288.0
239.0
195.0
175.0
222.0
209.0
166.0
180.0
166.0
156.0
194.0
179.0
182.0
180.0
208.0
182.0
191.0
165.0
182.0
189.0
224.0
190.0
171.0
173.0
148.0
165.0
177.0
168.0
168.0
226.0
180.0
171.0
142.0
154.0
202.0
154.0
160.0
147.0
184.0
216.0
158.0
175.0
194.0
161.0
190.0
175.0
191.0
146.0
178.0
193.0
216.0
197.0
207.0
237.0
158.0
178.0
280.0
254.0
155.0
169.0
165.0
168.0
249.0
165.0
159.0
176.0
162.0
330.0
258.0
208.0
192.0
218.0
176.0
182.0
174.0
226.0
162.0
173.0
161.0
233.0
215.0
214.0
168.0
162.0
154.0
171.0
165.0
150.0
219.0
214.0
191.0
239.0
168.0
156.0
170.0
240.0
202.0
235.0
196.0
165.0
145.0
223.0
150.0
165.0
164.0
149.0
203.0
181.0
163.0
147.0
156.0
181.0
206.0
168.0
144.0
172.0
178.0
178.0
200.0
163.0
168.0
159.0
226.0
170.0
217.0
146.0
132.0
180.0
170.0
168.0
