230.0
228.0
177.0
187.0
216.0
215.0
193.0
257.0
225.0
202.0
259.0
251.0
210.0
177.0
288.0
231.0
217.0
209.0
203.0
244.0
433.0
339.0
275.0
244.0
239.0
189.0
188.0
196.0
147.0
211.0
163.0
318.0
278.0
241.0
322.0
313.0
225.0
197.0
165.0
173.0
211.0
345.0
343.0
297.0
300.0
292.0
285.0
302.0
285.0
233.0
222.0
209.0
267.0
227.0
200.0
244.0
241.0
218.0
208.0
341.0
329.0
340.0
313.0
253.0
178.0
175.0
187.0
313.0
307.0
355.0
335.0
352.0
371.0
262.0
358.0
306.0
226.0
187.0
197.0
178.0
175.0
204.0
196.0
227.0
254.0
198.0
152.0
152.0
169.0
253.0
301.0
265.0
274.0
270.0
277.0
161.0
219.0
214.0
164.0
169.0
228.0
174.0
171.0
153.0
185.0
182.0
175.0
174.0
207.0
221.0
163.0
217.0
178.0
173.0
138.0
165.0
153.0
241.0
280.0
260.0
294.0
204.0
169.0
176.0
207.0
218.0
207.0
178.0
199.0
374.0
365.0
428.0
308.0
326.0
229.0
193.0
209.0
228.0
162.0
195.0
202.0
161.0
197.0
231.0
244.0
204.0
217.0
168.0
174.0
197.0
164.0
165.0
242.0
160.0
185.0
284.0
205.0
182.0
181.0
153.0
189.0
286.0
209.0
170.0
200.0
153.0
144.0
184.0
184.0
236.0
226.0
193.0
206.0
171.0
167.0
169.0
287.0
353.0
304.0
235.0
203.0
325.0
256.0
178.0
204.0
172.0
184.0
160.0
177.0
176.0
193.0
184.0
205.0
160.0
208.0
203.0
242.0
279.0
269.0
215.0
