291.0
284.0
377.0
432.0
527.0
464.0
603.0
638.0
552.0
489.0
432.0
352.0
402.0
386.0
431.0
479.0
435.0
417.0
435.0
429.0
485.0
446.0
492.0
618.0
635.0
669.0
914.0
708.0
623.0
795.0
925.0
797.0
794.0
743.0
846.0
843.0
763.0
913.0
694.0
837.0
837.0
808.0
735.0
924.0
669.0
855.0
753.0
800.0
804.0
727.0
939.0
833.0
747.0
663.0
849.0
734.0
836.0
789.0
789.0
854.0
832.0
751.0
801.0
791.0
843.0
860.0
904.0
810.0
836.0
949.0
820.0
756.0
780.0
766.0
825.0
790.0
838.0
752.0
808.0
779.0
757.0
817.0
927.0
793.0
811.0
796.0
731.0
828.0
764.0
796.0
844.0
919.0
929.0
874.0
783.0
887.0
867.0
776.0
861.0
837.0
749.0
880.0
838.0
913.0
827.0
814.0
829.0
797.0
747.0
845.0
687.0
639.0
745.0
899.0
891.0
769.0
798.0
742.0
971.0
822.0
846.0
717.0
841.0
814.0
917.0
794.0
702.0
727.0
866.0
761.0
742.0
962.0
825.0
971.0
792.0
763.0
891.0
832.0
682.0
807.0
763.0
931.0
827.0
720.0
1045.0
877.0
926.0
836.0
756.0
766.0
728.0
957.0
986.0
854.0
886.0
744.0
695.0
760.0
885.0
765.0
720.0
798.0
836.0
822.0
770.0
678.0
759.0
746.0
876.0
824.0
863.0
791.0
663.0
737.0
796.0
787.0
795.0
761.0
837.0
717.0
864.0
891.0
777.0
840.0
837.0
848.0
840.0
819.0
833.0
843.0
729.0
883.0
624.0
691.0
903.0
826.0
929.0
868.0
784.0
719.0
