269.0
240.0
277.0
295.0
214.0
290.0
262.0
222.0
229.0
289.0
234.0
256.0
283.0
258.0
235.0
250.0
253.0
257.0
285.0
259.0
231.0
272.0
345.0
217.0
245.0
243.0
254.0
284.0
310.0
230.0
232.0
269.0
220.0
301.0
244.0
251.0
256.0
255.0
225.0
281.0
250.0
260.0
270.0
253.0
279.0
248.0
271.0
264.0
288.0
227.0
247.0
282.0
259.0
242.0
252.0
242.0
339.0
306.0
281.0
258.0
278.0
278.0
283.0
264.0
208.0
297.0
274.0
247.0
278.0
246.0
275.0
298.0
253.0
267.0
246.0
228.0
256.0
219.0
237.0
284.0
230.0
221.0
312.0
237.0
299.0
260.0
279.0
274.0
257.0
225.0
266.0
256.0
249.0
238.0
315.0
243.0
241.0
281.0
283.0
259.0
230.0
250.0
214.0
251.0
309.0
245.0
262.0
262.0
228.0
274.0
248.0
238.0
270.0
254.0
282.0
222.0
218.0
259.0
237.0
232.0
257.0
251.0
280.0
247.0
219.0
251.0
301.0
315.0
275.0
282.0
256.0
242.0
255.0
306.0
234.0
261.0
268.0
257.0
258.0
257.0
227.0
251.0
277.0
297.0
240.0
283.0
295.0
248.0
249.0
221.0
315.0
230.0
292.0
266.0
241.0
240.0
269.0
242.0
265.0
314.0
261.0
251.0
238.0
320.0
239.0
255.0
284.0
254.0
234.0
254.0
218.0
229.0
239.0
229.0
266.0
266.0
256.0
270.0
234.0
249.0
265.0
280.0
232.0
285.0
237.0
244.0
221.0
284.0
255.0
239.0
281.0
242.0
234.0
279.0
319.0
275.0
272.0
257.0
254.0
257.0
