288.0
347.0
307.0
306.0
323.0
403.0
511.0
539.0
554.0
553.0
628.0
572.0
587.0
503.0
514.0
618.0
596.0
656.0
726.0
635.0
502.0
477.0
585.0
673.0
658.0
693.0
696.0
696.0
665.0
804.0
701.0
805.0
703.0
784.0
789.0
827.0
854.0
713.0
768.0
918.0
758.0
907.0
813.0
835.0
762.0
938.0
779.0
821.0
692.0
756.0
853.0
719.0
752.0
872.0
905.0
687.0
817.0
748.0
947.0
773.0
788.0
876.0
737.0
1060.0
760.0
855.0
786.0
916.0
724.0
730.0
803.0
1011.0
874.0
819.0
686.0
817.0
932.0
807.0
833.0
795.0
923.0
803.0
834.0
729.0
899.0
767.0
845.0
814.0
904.0
714.0
758.0
739.0
803.0
973.0
820.0
780.0
791.0
883.0
869.0
736.0
724.0
919.0
751.0
805.0
697.0
943.0
775.0
780.0
793.0
782.0
734.0
724.0
740.0
797.0
828.0
816.0
797.0
730.0
820.0
815.0
788.0
748.0
718.0
888.0
732.0
905.0
763.0
789.0
844.0
853.0
952.0
776.0
830.0
647.0
851.0
727.0
725.0
859.0
827.0
646.0
832.0
843.0
948.0
868.0
823.0
698.0
966.0
967.0
821.0
836.0
765.0
898.0
754.0
755.0
790.0
854.0
694.0
840.0
723.0
806.0
730.0
944.0
714.0
715.0
845.0
892.0
772.0
852.0
743.0
798.0
778.0
711.0
749.0
780.0
843.0
812.0
833.0
927.0
804.0
800.0
958.0
902.0
897.0
877.0
747.0
701.0
843.0
889.0
758.0
851.0
834.0
739.0
793.0
872.0
836.0
861.0
743.0
692.0
978.0
872.0
