158.0
185.0
185.0
158.0
192.0
184.0
214.0
155.0
183.0
154.0
165.0
163.0
208.0
194.0
161.0
171.0
236.0
216.0
204.0
247.0
157.0
154.0
151.0
184.0
175.0
153.0
149.0
157.0
174.0
150.0
149.0
174.0
221.0
147.0
163.0
166.0
216.0
166.0
431.0
325.0
267.0
227.0
189.0
169.0
265.0
168.0
164.0
158.0
186.0
159.0
176.0
152.0
165.0
184.0
149.0
185.0
137.0
148.0
184.0
166.0
306.0
267.0
140.0
152.0
150.0
149.0
172.0
204.0
196.0
152.0
130.0
212.0
158.0
177.0
177.0
149.0
192.0
152.0
185.0
158.0
164.0
142.0
210.0
174.0
206.0
191.0
220.0
208.0
173.0
183.0
164.0
178.0
160.0
138.0
175.0
266.0
224.0
196.0
150.0
221.0
165.0
140.0
192.0
161.0
170.0
353.0
224.0
167.0
220.0
185.0
220.0
201.0
204.0
147.0
219.0
157.0
152.0
169.0
165.0
200.0
164.0
160.0
191.0
198.0
166.0
190.0
265.0
153.0
147.0
215.0
280.0
171.0
160.0
192.0
189.0
172.0
157.0
257.0
201.0
194.0
144.0
140.0
186.0
212.0
169.0
228.0
189.0
132.0
185.0
161.0
206.0
185.0
194.0
191.0
231.0
163.0
176.0
195.0
190.0
195.0
203.0
155.0
181.0
167.0
190.0
213.0
166.0
204.0
187.0
184.0
146.0
185.0
149.0
215.0
214.0
161.0
152.0
198.0
198.0
158.0
142.0
151.0
157.0
176.0
173.0
156.0
162.0
140.0
172.0
167.0
174.0
173.0
295.0
180.0
163.0
141.0
174.0
152.0
209.0
150.0
