178.0
157.0
134.0
171.0
142.0
169.0
189.0
148.0
151.0
146.0
137.0
155.0
146.0
148.0
170.0
153.0
159.0
164.0
181.0
171.0
146.0
233.0
184.0
148.0
189.0
182.0
163.0
163.0
159.0
138.0
167.0
204.0
145.0
284.0
151.0
175.0
135.0
152.0
203.0
144.0
182.0
174.0
161.0
150.0
163.0
176.0
169.0
187.0
185.0
130.0
146.0
170.0
176.0
160.0
158.0
140.0
180.0
141.0
156.0
180.0
141.0
142.0
167.0
138.0
155.0
142.0
159.0
164.0
152.0
175.0
252.0
135.0
177.0
144.0
151.0
148.0
156.0
164.0
163.0
195.0
230.0
159.0
151.0
196.0
161.0
142.0
150.0
148.0
160.0
147.0
156.0
138.0
160.0
143.0
149.0
241.0
137.0
209.0
154.0
183.0
203.0
164.0
164.0
159.0
144.0
168.0
152.0
145.0
145.0
141.0
138.0
171.0
138.0
202.0
192.0
178.0
145.0
129.0
146.0
192.0
199.0
209.0
148.0
199.0
159.0
127.0
157.0
134.0
171.0
177.0
153.0
188.0
193.0
208.0
174.0
196.0
126.0
125.0
154.0
171.0
172.0
159.0
196.0
156.0
157.0
163.0
155.0
159.0
181.0
138.0
172.0
211.0
172.0
170.0
176.0
153.0
146.0
139.0
233.0
207.0
167.0
148.0
177.0
175.0
137.0
197.0
158.0
160.0
161.0
169.0
177.0
130.0
160.0
196.0
181.0
169.0
142.0
168.0
141.0
185.0
213.0
203.0
170.0
187.0
156.0
187.0
164.0
130.0
156.0
156.0
155.0
130.0
172.0
187.0
153.0
160.0
206.0
179.0
143.0
152.0
