282.0
246.0
244.0
298.0
285.0
292.0
283.0
283.0
224.0
209.0
168.0
237.0
328.0
243.0
174.0
177.0
158.0
149.0
231.0
427.0
364.0
260.0
291.0
378.0
338.0
259.0
189.0
228.0
171.0
161.0
265.0
170.0
246.0
331.0
268.0
252.0
232.0
222.0
233.0
197.0
219.0
248.0
204.0
195.0
175.0
187.0
201.0
202.0
288.0
275.0
214.0
163.0
173.0
175.0
170.0
239.0
208.0
229.0
207.0
214.0
192.0
167.0
158.0
177.0
220.0
177.0
200.0
181.0
197.0
171.0
182.0
154.0
184.0
310.0
247.0
220.0
259.0
263.0
260.0
301.0
247.0
216.0
192.0
232.0
182.0
165.0
140.0
172.0
210.0
244.0
194.0
192.0
179.0
209.0
188.0
189.0
178.0
184.0
153.0
242.0
245.0
285.0
206.0
213.0
254.0
247.0
204.0
214.0
178.0
174.0
181.0
163.0
214.0
312.0
280.0
239.0
202.0
196.0
276.0
261.0
196.0
169.0
167.0
178.0
219.0
185.0
220.0
203.0
203.0
256.0
255.0
180.0
177.0
207.0
176.0
208.0
175.0
226.0
226.0
354.0
330.0
249.0
322.0
291.0
320.0
245.0
192.0
182.0
205.0
155.0
166.0
172.0
290.0
217.0
221.0
281.0
256.0
246.0
212.0
239.0
187.0
177.0
203.0
198.0
186.0
163.0
216.0
193.0
179.0
180.0
173.0
190.0
181.0
228.0
175.0
134.0
190.0
176.0
170.0
161.0
172.0
230.0
257.0
208.0
222.0
222.0
266.0
239.0
267.0
214.0
209.0
325.0
256.0
225.0
148.0
192.0
198.0
172.0
186.0
188.0
