241.0
277.0
296.0
272.0
242.0
281.0
227.0
269.0
286.0
276.0
219.0
255.0
261.0
279.0
250.0
239.0
252.0
244.0
244.0
272.0
273.0
262.0
250.0
256.0
256.0
229.0
307.0
281.0
286.0
291.0
270.0
265.0
245.0
256.0
256.0
247.0
278.0
277.0
242.0
240.0
233.0
272.0
284.0
256.0
275.0
250.0
281.0
269.0
247.0
318.0
274.0
247.0
255.0
257.0
302.0
282.0
262.0
251.0
288.0
258.0
275.0
275.0
268.0
246.0
270.0
316.0
285.0
257.0
245.0
279.0
256.0
257.0
232.0
298.0
254.0
299.0
264.0
300.0
231.0
289.0
300.0
292.0
241.0
246.0
238.0
241.0
244.0
277.0
245.0
271.0
277.0
265.0
288.0
261.0
237.0
233.0
304.0
248.0
251.0
235.0
237.0
250.0
279.0
228.0
252.0
241.0
298.0
258.0
227.0
268.0
255.0
275.0
278.0
249.0
224.0
218.0
229.0
241.0
299.0
276.0
258.0
302.0
268.0
311.0
298.0
215.0
273.0
230.0
259.0
285.0
260.0
256.0
264.0
228.0
252.0
235.0
295.0
265.0
247.0
294.0
272.0
231.0
224.0
241.0
314.0
246.0
250.0
236.0
292.0
353.0
246.0
244.0
258.0
282.0
228.0
268.0
266.0
297.0
243.0
214.0
262.0
290.0
249.0
311.0
243.0
268.0
280.0
273.0
269.0
271.0
278.0
218.0
269.0
262.0
238.0
257.0
287.0
263.0
287.0
322.0
298.0
229.0
254.0
261.0
288.0
251.0
242.0
294.0
221.0
320.0
261.0
268.0
269.0
258.0
264.0
283.0
328.0
295.0
244.0
268.0
