333.0
262.0
271.0
235.0
279.0
275.0
255.0
256.0
253.0
312.0
274.0
255.0
283.0
270.0
306.0
256.0
311.0
238.0
269.0
341.0
289.0
293.0
264.0
247.0
237.0
280.0
254.0
249.0
249.0
257.0
257.0
227.0
250.0
301.0
240.0
269.0
268.0
212.0
284.0
305.0
267.0
292.0
324.0
254.0
272.0
287.0
247.0
372.0
266.0
249.0
263.0
295.0
268.0
266.0
285.0
316.0
251.0
302.0
257.0
302.0
337.0
309.0
262.0
329.0
275.0
239.0
298.0
292.0
253.0
252.0
263.0
276.0
257.0
325.0
297.0
250.0
263.0
288.0
362.0
265.0
227.0
264.0
270.0
267.0
305.0
255.0
272.0
264.0
283.0
258.0
270.0
313.0
297.0
276.0
256.0
276.0
274.0
263.0
252.0
282.0
278.0
269.0
303.0
265.0
284.0
232.0
294.0
255.0
282.0
280.0
239.0
273.0
272.0
255.0
290.0
277.0
248.0
277.0
211.0
247.0
263.0
290.0
244.0
314.0
263.0
312.0
289.0
274.0
280.0
316.0
264.0
268.0
272.0
318.0
280.0
290.0
298.0
295.0
284.0
286.0
315.0
271.0
301.0
232.0
274.0
286.0
258.0
282.0
251.0
225.0
267.0
281.0
328.0
273.0
249.0
252.0
259.0
398.0
286.0
235.0
268.0
296.0
265.0
312.0
268.0
258.0
318.0
243.0
311.0
233.0
257.0
270.0
262.0
319.0
295.0
253.0
367.0
302.0
243.0
271.0
286.0
246.0
274.0
299.0
274.0
272.0
259.0
230.0
263.0
257.0
247.0
238.0
240.0
277.0
294.0
261.0
283.0
288.0
253.0
294.0
