271.0
250.0
283.0
296.0
235.0
311.0
250.0
278.0
266.0
316.0
249.0
261.0
299.0
261.0
308.0
251.0
229.0
264.0
272.0
267.0
280.0
298.0
271.0
251.0
315.0
283.0
243.0
266.0
268.0
241.0
301.0
236.0
242.0
302.0
266.0
293.0
254.0
251.0
283.0
236.0
271.0
227.0
297.0
266.0
282.0
256.0
243.0
287.0
274.0
317.0
232.0
260.0
256.0
268.0
267.0
247.0
275.0
241.0
291.0
303.0
274.0
260.0
225.0
266.0
254.0
271.0
247.0
297.0
267.0
256.0
233.0
315.0
269.0
264.0
235.0
254.0
288.0
308.0
255.0
249.0
266.0
221.0
241.0
254.0
233.0
254.0
279.0
256.0
241.0
292.0
252.0
266.0
284.0
253.0
242.0
304.0
312.0
269.0
264.0
262.0
220.0
262.0
242.0
267.0
318.0
308.0
266.0
240.0
279.0
206.0
267.0
231.0
273.0
263.0
310.0
299.0
257.0
279.0
248.0
254.0
287.0
273.0
275.0
311.0
259.0
235.0
280.0
204.0
241.0
246.0
264.0
250.0
277.0
284.0
298.0
211.0
256.0
237.0
258.0
291.0
275.0
267.0
234.0
271.0
251.0
268.0
249.0
252.0
260.0
235.0
250.0
290.0
235.0
264.0
256.0
276.0
272.0
289.0
244.0
256.0
283.0
252.0
255.0
256.0
240.0
275.0
294.0
258.0
261.0
238.0
256.0
337.0
284.0
258.0
262.0
252.0
276.0
244.0
242.0
263.0
257.0
257.0
258.0
257.0
270.0
279.0
250.0
264.0
318.0
272.0
263.0
279.0
279.0
229.0
267.0
262.0
303.0
265.0
245.0
241.0
