275.0
295.0
256.0
255.0
243.0
257.0
215.0
280.0
279.0
231.0
228.0
327.0
257.0
239.0
279.0
228.0
275.0
322.0
277.0
269.0
263.0
246.0
236.0
246.0
229.0
269.0
247.0
274.0
300.0
237.0
255.0
242.0
260.0
293.0
249.0
264.0
236.0
245.0
275.0
261.0
316.0
283.0
248.0
276.0
264.0
263.0
249.0
276.0
248.0
244.0
277.0
230.0
245.0
243.0
222.0
282.0
286.0
236.0
225.0
231.0
285.0
231.0
258.0
317.0
297.0
260.0
315.0
260.0
244.0
306.0
248.0
249.0
281.0
286.0
220.0
232.0
249.0
235.0
316.0
248.0
304.0
247.0
317.0
235.0
293.0
339.0
270.0
243.0
251.0
272.0
232.0
303.0
251.0
339.0
257.0
232.0
266.0
252.0
276.0
242.0
280.0
267.0
295.0
276.0
268.0
243.0
205.0
252.0
270.0
243.0
284.0
251.0
314.0
270.0
250.0
247.0
241.0
321.0
232.0
245.0
282.0
254.0
217.0
272.0
239.0
311.0
305.0
267.0
260.0
221.0
243.0
281.0
294.0
257.0
270.0
290.0
326.0
297.0
276.0
259.0
286.0
269.0
256.0
292.0
239.0
260.0
259.0
246.0
251.0
243.0
271.0
278.0
260.0
208.0
229.0
274.0
288.0
258.0
225.0
227.0
251.0
284.0
335.0
292.0
254.0
286.0
277.0
247.0
257.0
230.0
339.0
335.0
237.0
300.0
264.0
284.0
246.0
267.0
272.0
247.0
266.0
258.0
331.0
280.0
253.0
258.0
249.0
225.0
257.0
282.0
272.0
274.0
221.0
268.0
208.0
284.0
264.0
248.0
260.0
260.0
