251.0
238.0
232.0
299.0
302.0
253.0
213.0
208.0
205.0
200.0
157.0
201.0
163.0
210.0
222.0
181.0
186.0
231.0
175.0
169.0
208.0
498.0
522.0
448.0
323.0
323.0
318.0
272.0
234.0
221.0
261.0
328.0
285.0
211.0
245.0
242.0
240.0
210.0
215.0
222.0
245.0
199.0
166.0
186.0
174.0
220.0
208.0
156.0
209.0
240.0
195.0
187.0
180.0
186.0
202.0
198.0
239.0
206.0
171.0
202.0
239.0
183.0
183.0
228.0
186.0
153.0
180.0
201.0
168.0
162.0
196.0
203.0
160.0
146.0
215.0
259.0
215.0
176.0
225.0
190.0
153.0
145.0
166.0
206.0
220.0
245.0
184.0
171.0
167.0
202.0
168.0
169.0
176.0
174.0
202.0
293.0
278.0
254.0
175.0
221.0
198.0
210.0
171.0
263.0
203.0
205.0
286.0
266.0
264.0
235.0
323.0
191.0
175.0
184.0
297.0
238.0
261.0
226.0
155.0
165.0
158.0
164.0
198.0
218.0
156.0
144.0
174.0
217.0
181.0
167.0
180.0
176.0
179.0
232.0
205.0
160.0
257.0
170.0
198.0
242.0
285.0
265.0
285.0
232.0
214.0
184.0
226.0
234.0
180.0
230.0
271.0
253.0
177.0
185.0
204.0
179.0
291.0
282.0
273.0
226.0
316.0
263.0
233.0
143.0
177.0
179.0
175.0
148.0
188.0
169.0
187.0
163.0
211.0
222.0
281.0
306.0
324.0
287.0
202.0
178.0
175.0
178.0
155.0
157.0
227.0
212.0
208.0
146.0
195.0
209.0
181.0
234.0
258.0
169.0
163.0
200.0
164.0
206.0
232.0
207.0
