280.0
374.0
265.0
239.0
262.0
293.0
239.0
292.0
257.0
277.0
271.0
307.0
265.0
269.0
248.0
289.0
270.0
232.0
250.0
224.0
261.0
273.0
332.0
316.0
304.0
251.0
262.0
239.0
239.0
285.0
257.0
301.0
294.0
295.0
321.0
268.0
249.0
251.0
280.0
265.0
346.0
251.0
275.0
270.0
318.0
249.0
294.0
241.0
242.0
252.0
218.0
256.0
313.0
380.0
271.0
272.0
279.0
274.0
251.0
254.0
243.0
246.0
271.0
257.0
257.0
253.0
248.0
240.0
255.0
262.0
255.0
266.0
276.0
256.0
272.0
260.0
284.0
296.0
255.0
304.0
276.0
330.0
248.0
262.0
241.0
259.0
286.0
316.0
298.0
252.0
310.0
253.0
276.0
327.0
261.0
269.0
228.0
242.0
302.0
300.0
312.0
314.0
251.0
240.0
273.0
280.0
253.0
263.0
241.0
254.0
240.0
279.0
277.0
242.0
251.0
244.0
300.0
284.0
270.0
250.0
301.0
255.0
326.0
263.0
255.0
285.0
252.0
309.0
279.0
346.0
245.0
239.0
251.0
288.0
367.0
276.0
252.0
288.0
236.0
282.0
296.0
339.0
305.0
287.0
224.0
268.0
248.0
261.0
285.0
244.0
242.0
303.0
299.0
279.0
247.0
320.0
251.0
260.0
246.0
271.0
280.0
317.0
248.0
257.0
276.0
298.0
299.0
241.0
307.0
296.0
246.0
254.0
222.0
334.0
290.0
239.0
272.0
381.0
259.0
294.0
297.0
250.0
282.0
215.0
254.0
264.0
307.0
289.0
247.0
260.0
318.0
286.0
279.0
338.0
278.0
297.0
262.0
282.0
317.0
303.0
