246.0
250.0
260.0
226.0
273.0
311.0
300.0
268.0
255.0
239.0
296.0
233.0
255.0
233.0
251.0
269.0
258.0
291.0
283.0
265.0
239.0
234.0
227.0
249.0
264.0
229.0
255.0
219.0
247.0
304.0
205.0
245.0
264.0
251.0
262.0
239.0
261.0
285.0
244.0
298.0
289.0
281.0
303.0
266.0
225.0
281.0
256.0
265.0
315.0
260.0
242.0
251.0
226.0
334.0
272.0
253.0
253.0
238.0
270.0
266.0
238.0
263.0
243.0
233.0
239.0
246.0
237.0
228.0
254.0
230.0
286.0
241.0
223.0
260.0
260.0
278.0
268.0
225.0
246.0
305.0
241.0
223.0
258.0
291.0
298.0
249.0
253.0
242.0
241.0
212.0
252.0
269.0
237.0
269.0
263.0
260.0
234.0
236.0
263.0
277.0
233.0
265.0
316.0
270.0
279.0
243.0
276.0
247.0
272.0
221.0
257.0
240.0
262.0
239.0
214.0
263.0
245.0
268.0
272.0
237.0
276.0
291.0
270.0
208.0
236.0
285.0
283.0
268.0
306.0
236.0
268.0
270.0
258.0
260.0
267.0
269.0
228.0
276.0
207.0
261.0
254.0
271.0
269.0
231.0
243.0
286.0
262.0
243.0
246.0
240.0
294.0
272.0
294.0
261.0
265.0
245.0
289.0
237.0
240.0
241.0
282.0
238.0
206.0
252.0
247.0
270.0
219.0
246.0
277.0
274.0
241.0
267.0
289.0
222.0
245.0
315.0
241.0
264.0
288.0
226.0
240.0
294.0
267.0
255.0
238.0
326.0
262.0
292.0
264.0
213.0
289.0
221.0
257.0
302.0
235.0
262.0
257.0
254.0
218.0
255.0
