194.0
255.0
326.0
267.0
156.0
161.0
196.0
162.0
151.0
154.0
215.0
207.0
237.0
167.0
222.0
171.0
314.0
200.0
157.0
151.0
176.0
168.0
198.0
171.0
156.0
205.0
195.0
176.0
151.0
156.0
181.0
212.0
229.0
175.0
175.0
181.0
174.0
170.0
167.0
182.0
183.0
197.0
168.0
162.0
156.0
163.0
149.0
137.0
140.0
160.0
201.0
291.0
224.0
166.0
163.0
169.0
272.0
266.0
158.0
190.0
179.0
150.0
174.0
188.0
164.0
180.0
143.0
198.0
180.0
201.0
173.0
190.0
172.0
153.0
146.0
182.0
173.0
156.0
176.0
191.0
215.0
214.0
158.0
171.0
185.0
172.0
154.0
201.0
160.0
214.0
192.0
194.0
183.0
161.0
241.0
213.0
166.0
191.0
171.0
165.0
168.0
173.0
162.0
145.0
196.0
229.0
162.0
203.0
161.0
189.0
155.0
156.0
238.0
172.0
243.0
173.0
175.0
208.0
214.0
203.0
211.0
168.0
163.0
178.0
187.0
149.0
181.0
207.0
182.0
148.0
167.0
192.0
153.0
196.0
159.0
318.0
290.0
198.0
175.0
229.0
253.0
214.0
169.0
166.0
181.0
182.0
181.0
153.0
176.0
205.0
157.0
150.0
165.0
198.0
152.0
210.0
177.0
273.0
164.0
164.0
201.0
175.0
165.0
159.0
185.0
194.0
176.0
147.0
202.0
191.0
192.0
174.0
147.0
168.0
165.0
223.0
145.0
176.0
136.0
230.0
173.0
173.0
189.0
164.0
180.0
189.0
194.0
182.0
189.0
174.0
169.0
152.0
416.0
300.0
256.0
267.0
218.0
247.0
179.0
160.0
