210.0
245.0
237.0
196.0
216.0
215.0
178.0
154.0
196.0
221.0
247.0
153.0
210.0
211.0
226.0
170.0
203.0
170.0
146.0
181.0
154.0
143.0
167.0
218.0
201.0
277.0
244.0
203.0
164.0
200.0
242.0
227.0
161.0
185.0
170.0
156.0
193.0
183.0
195.0
170.0
165.0
167.0
242.0
247.0
200.0
185.0
178.0
150.0
171.0
154.0
147.0
173.0
266.0
242.0
208.0
161.0
241.0
267.0
236.0
201.0
199.0
224.0
257.0
236.0
174.0
177.0
146.0
148.0
235.0
223.0
184.0
213.0
214.0
230.0
207.0
217.0
187.0
217.0
262.0
203.0
231.0
169.0
186.0
164.0
196.0
226.0
174.0
168.0
171.0
189.0
149.0
195.0
202.0
261.0
262.0
229.0
221.0
242.0
197.0
196.0
190.0
185.0
154.0
164.0
218.0
205.0
181.0
168.0
185.0
167.0
166.0
161.0
190.0
166.0
193.0
150.0
162.0
150.0
161.0
196.0
231.0
224.0
230.0
227.0
175.0
213.0
218.0
147.0
232.0
173.0
156.0
188.0
164.0
223.0
183.0
188.0
138.0
211.0
233.0
167.0
163.0
174.0
164.0
147.0
180.0
201.0
268.0
204.0
175.0
168.0
167.0
178.0
162.0
181.0
170.0
288.0
255.0
179.0
153.0
186.0
229.0
159.0
204.0
260.0
187.0
173.0
220.0
198.0
238.0
218.0
214.0
251.0
202.0
207.0
154.0
214.0
227.0
191.0
196.0
134.0
169.0
149.0
239.0
173.0
184.0
184.0
208.0
181.0
167.0
161.0
165.0
151.0
158.0
224.0
161.0
157.0
175.0
156.0
171.0
175.0
