319.0
254.0
326.0
252.0
294.0
280.0
344.0
232.0
256.0
256.0
250.0
262.0
254.0
277.0
277.0
245.0
310.0
238.0
276.0
265.0
238.0
268.0
254.0
289.0
252.0
295.0
238.0
290.0
288.0
292.0
295.0
255.0
296.0
258.0
268.0
275.0
289.0
280.0
275.0
259.0
246.0
240.0
293.0
271.0
262.0
288.0
268.0
263.0
251.0
260.0
289.0
291.0
279.0
273.0
247.0
290.0
260.0
292.0
256.0
260.0
252.0
266.0
273.0
392.0
339.0
288.0
240.0
304.0
295.0
374.0
230.0
282.0
279.0
254.0
234.0
270.0
265.0
317.0
263.0
280.0
233.0
252.0
256.0
268.0
257.0
281.0
304.0
352.0
290.0
287.0
226.0
275.0
258.0
290.0
328.0
238.0
348.0
262.0
238.0
237.0
265.0
309.0
265.0
309.0
270.0
242.0
238.0
270.0
251.0
269.0
252.0
240.0
275.0
246.0
281.0
258.0
229.0
253.0
285.0
283.0
272.0
245.0
281.0
257.0
341.0
281.0
289.0
291.0
292.0
239.0
248.0
269.0
256.0
257.0
292.0
247.0
252.0
315.0
285.0
306.0
266.0
259.0
248.0
258.0
250.0
242.0
306.0
227.0
256.0
266.0
327.0
249.0
250.0
290.0
295.0
304.0
265.0
264.0
297.0
250.0
293.0
302.0
387.0
250.0
280.0
263.0
311.0
235.0
255.0
288.0
285.0
273.0
227.0
269.0
263.0
246.0
275.0
265.0
221.0
263.0
300.0
274.0
254.0
242.0
299.0
315.0
298.0
280.0
263.0
274.0
378.0
282.0
259.0
227.0
265.0
233.0
254.0
241.0
261.0
274.0
