291.0
283.0
264.0
254.0
250.0
255.0
254.0
252.0
252.0
255.0
265.0
246.0
270.0
258.0
277.0
276.0
280.0
325.0
248.0
304.0
265.0
278.0
238.0
234.0
252.0
309.0
284.0
294.0
291.0
256.0
275.0
262.0
257.0
246.0
250.0
244.0
289.0
268.0
226.0
257.0
265.0
261.0
258.0
254.0
291.0
248.0
299.0
241.0
316.0
256.0
258.0
270.0
236.0
271.0
244.0
233.0
235.0
290.0
287.0
293.0
286.0
264.0
324.0
257.0
284.0
250.0
230.0
305.0
262.0
267.0
271.0
252.0
276.0
273.0
227.0
260.0
225.0
276.0
263.0
280.0
239.0
284.0
251.0
249.0
243.0
281.0
264.0
305.0
315.0
334.0
267.0
275.0
306.0
316.0
251.0
271.0
277.0
287.0
234.0
257.0
254.0
332.0
213.0
264.0
253.0
266.0
274.0
373.0
405.0
254.0
362.0
294.0
252.0
280.0
288.0
226.0
235.0
261.0
283.0
242.0
236.0
287.0
348.0
240.0
271.0
227.0
266.0
298.0
271.0
304.0
260.0
270.0
243.0
312.0
234.0
291.0
281.0
298.0
288.0
256.0
297.0
254.0
241.0
337.0
281.0
225.0
236.0
288.0
279.0
276.0
263.0
245.0
260.0
248.0
240.0
253.0
283.0
278.0
311.0
255.0
284.0
297.0
261.0
317.0
261.0
280.0
258.0
290.0
289.0
260.0
291.0
278.0
267.0
334.0
264.0
241.0
241.0
241.0
250.0
330.0
272.0
263.0
275.0
271.0
280.0
289.0
295.0
306.0
295.0
265.0
270.0
244.0
266.0
291.0
306.0
298.0
320.0
289.0
337.0
323.0
