141.0
156.0
146.0
130.0
178.0
163.0
146.0
157.0
162.0
186.0
216.0
201.0
156.0
164.0
161.0
169.0
150.0
184.0
145.0
169.0
160.0
181.0
181.0
149.0
149.0
163.0
174.0
177.0
182.0
144.0
179.0
162.0
190.0
161.0
162.0
164.0
159.0
152.0
162.0
164.0
163.0
305.0
151.0
183.0
164.0
187.0
145.0
166.0
160.0
151.0
186.0
150.0
182.0
406.0
197.0
162.0
172.0
172.0
183.0
213.0
216.0
176.0
171.0
163.0
149.0
165.0
150.0
165.0
215.0
148.0
144.0
149.0
139.0
166.0
153.0
196.0
189.0
170.0
155.0
129.0
192.0
157.0
198.0
185.0
318.0
198.0
189.0
142.0
159.0
152.0
148.0
149.0
220.0
165.0
159.0
206.0
217.0
202.0
149.0
196.0
166.0
184.0
208.0
150.0
189.0
138.0
228.0
146.0
186.0
190.0
143.0
174.0
201.0
170.0
156.0
187.0
164.0
158.0
175.0
161.0
157.0
169.0
141.0
196.0
223.0
139.0
152.0
176.0
162.0
189.0
167.0
187.0
189.0
164.0
165.0
159.0
196.0
162.0
159.0
144.0
149.0
153.0
159.0
213.0
218.0
157.0
178.0
173.0
164.0
174.0
178.0
135.0
160.0
166.0
163.0
149.0
176.0
230.0
151.0
175.0
149.0
181.0
197.0
133.0
192.0
169.0
165.0
152.0
153.0
145.0
198.0
176.0
153.0
184.0
166.0
143.0
188.0
156.0
166.0
179.0
175.0
169.0
191.0
151.0
180.0
160.0
158.0
278.0
217.0
194.0
153.0
153.0
160.0
148.0
173.0
152.0
144.0
156.0
161.0
227.0
