255.0
247.0
243.0
258.0
197.0
172.0
151.0
183.0
295.0
238.0
238.0
178.0
172.0
186.0
202.0
177.0
203.0
198.0
189.0
168.0
162.0
230.0
192.0
173.0
172.0
176.0
192.0
257.0
200.0
191.0
169.0
269.0
242.0
227.0
263.0
146.0
176.0
245.0
258.0
376.0
266.0
193.0
191.0
322.0
328.0
229.0
237.0
198.0
211.0
175.0
175.0
180.0
160.0
139.0
217.0
199.0
202.0
172.0
162.0
170.0
248.0
164.0
179.0
233.0
178.0
214.0
227.0
202.0
364.0
289.0
236.0
215.0
190.0
200.0
196.0
197.0
214.0
288.0
286.0
208.0
173.0
198.0
187.0
249.0
272.0
341.0
307.0
348.0
231.0
180.0
186.0
182.0
277.0
263.0
255.0
211.0
229.0
228.0
188.0
155.0
179.0
191.0
212.0
212.0
169.0
182.0
175.0
225.0
247.0
225.0
200.0
198.0
239.0
205.0
185.0
310.0
260.0
272.0
189.0
175.0
209.0
170.0
160.0
225.0
288.0
224.0
211.0
188.0
250.0
204.0
270.0
207.0
162.0
153.0
222.0
199.0
197.0
248.0
228.0
227.0
329.0
401.0
309.0
428.0
404.0
466.0
500.0
421.0
341.0
340.0
382.0
416.0
374.0
353.0
341.0
331.0
300.0
263.0
206.0
298.0
220.0
189.0
168.0
163.0
233.0
254.0
304.0
278.0
244.0
176.0
137.0
244.0
169.0
189.0
211.0
218.0
217.0
215.0
189.0
164.0
237.0
200.0
199.0
167.0
179.0
197.0
158.0
271.0
258.0
231.0
317.0
312.0
324.0
380.0
339.0
327.0
286.0
270.0
321.0
307.0
