246.0
256.0
223.0
256.0
236.0
281.0
250.0
264.0
260.0
255.0
253.0
250.0
278.0
242.0
234.0
287.0
276.0
219.0
273.0
252.0
246.0
230.0
231.0
288.0
255.0
219.0
258.0
280.0
272.0
270.0
249.0
238.0
263.0
257.0
294.0
310.0
241.0
265.0
308.0
281.0
307.0
231.0
263.0
269.0
270.0
226.0
288.0
266.0
342.0
264.0
261.0
262.0
265.0
215.0
257.0
271.0
218.0
232.0
261.0
274.0
269.0
282.0
226.0
224.0
278.0
268.0
219.0
233.0
233.0
284.0
246.0
268.0
284.0
230.0
231.0
314.0
302.0
285.0
231.0
241.0
236.0
298.0
319.0
277.0
254.0
244.0
242.0
276.0
264.0
229.0
298.0
228.0
256.0
294.0
247.0
249.0
237.0
237.0
243.0
229.0
220.0
279.0
254.0
229.0
254.0
278.0
295.0
257.0
271.0
235.0
284.0
260.0
287.0
228.0
269.0
259.0
240.0
211.0
274.0
259.0
237.0
273.0
231.0
247.0
275.0
241.0
225.0
254.0
251.0
238.0
283.0
248.0
261.0
302.0
262.0
264.0
233.0
259.0
242.0
239.0
219.0
251.0
286.0
273.0
259.0
257.0
323.0
259.0
227.0
241.0
252.0
199.0
273.0
234.0
267.0
246.0
228.0
251.0
255.0
288.0
248.0
248.0
247.0
289.0
273.0
269.0
227.0
230.0
233.0
270.0
231.0
256.0
254.0
238.0
265.0
240.0
258.0
290.0
253.0
229.0
262.0
267.0
244.0
243.0
271.0
325.0
235.0
280.0
282.0
265.0
231.0
308.0
236.0
243.0
250.0
260.0
235.0
245.0
236.0
238.0
