254.0
221.0
273.0
251.0
284.0
266.0
277.0
269.0
262.0
295.0
260.0
254.0
219.0
255.0
267.0
272.0
281.0
255.0
253.0
321.0
336.0
269.0
297.0
269.0
250.0
244.0
273.0
288.0
250.0
246.0
231.0
271.0
257.0
322.0
274.0
245.0
254.0
289.0
244.0
253.0
308.0
261.0
274.0
329.0
256.0
263.0
256.0
225.0
261.0
251.0
262.0
284.0
261.0
257.0
243.0
239.0
243.0
289.0
301.0
222.0
240.0
247.0
238.0
322.0
307.0
225.0
222.0
284.0
277.0
318.0
235.0
220.0
264.0
238.0
294.0
269.0
221.0
315.0
310.0
266.0
279.0
310.0
257.0
292.0
272.0
335.0
273.0
252.0
291.0
280.0
232.0
250.0
248.0
291.0
305.0
252.0
311.0
234.0
258.0
272.0
255.0
257.0
259.0
262.0
249.0
232.0
256.0
314.0
232.0
263.0
224.0
230.0
299.0
266.0
253.0
278.0
271.0
251.0
266.0
271.0
260.0
263.0
250.0
300.0
252.0
239.0
248.0
270.0
270.0
239.0
276.0
324.0
288.0
303.0
247.0
232.0
267.0
243.0
314.0
265.0
318.0
294.0
294.0
287.0
270.0
272.0
237.0
269.0
269.0
291.0
299.0
238.0
237.0
257.0
214.0
265.0
230.0
291.0
271.0
260.0
275.0
243.0
229.0
239.0
245.0
226.0
293.0
251.0
287.0
225.0
281.0
288.0
252.0
317.0
250.0
247.0
249.0
285.0
273.0
326.0
218.0
217.0
223.0
282.0
244.0
261.0
285.0
278.0
275.0
281.0
250.0
252.0
241.0
238.0
270.0
237.0
243.0
351.0
288.0
259.0
