238.0
310.0
235.0
263.0
263.0
308.0
258.0
225.0
247.0
227.0
250.0
270.0
270.0
272.0
267.0
241.0
298.0
229.0
285.0
287.0
220.0
245.0
241.0
231.0
268.0
246.0
246.0
259.0
210.0
278.0
263.0
279.0
220.0
248.0
229.0
264.0
287.0
259.0
284.0
277.0
293.0
234.0
268.0
264.0
267.0
296.0
234.0
258.0
324.0
259.0
244.0
245.0
271.0
294.0
256.0
231.0
224.0
303.0
253.0
246.0
274.0
210.0
284.0
211.0
242.0
243.0
276.0
283.0
235.0
275.0
277.0
239.0
281.0
284.0
253.0
257.0
233.0
287.0
241.0
250.0
262.0
329.0
257.0
233.0
274.0
266.0
219.0
297.0
268.0
236.0
298.0
267.0
250.0
221.0
245.0
277.0
239.0
215.0
244.0
257.0
246.0
214.0
276.0
261.0
247.0
230.0
296.0
280.0
263.0
312.0
250.0
285.0
232.0
256.0
223.0
277.0
311.0
270.0
301.0
276.0
264.0
278.0
289.0
267.0
271.0
270.0
241.0
254.0
273.0
247.0
249.0
266.0
249.0
233.0
252.0
277.0
271.0
237.0
263.0
245.0
275.0
275.0
277.0
268.0
219.0
239.0
245.0
277.0
215.0
264.0
244.0
249.0
296.0
223.0
341.0
276.0
270.0
263.0
240.0
232.0
253.0
233.0
241.0
232.0
254.0
259.0
240.0
222.0
226.0
243.0
221.0
239.0
274.0
316.0
229.0
234.0
227.0
274.0
255.0
283.0
247.0
252.0
252.0
246.0
297.0
272.0
252.0
299.0
273.0
308.0
245.0
220.0
227.0
328.0
236.0
233.0
255.0
247.0
271.0
298.0
