254.0
250.0
237.0
262.0
243.0
221.0
324.0
215.0
255.0
253.0
299.0
256.0
228.0
260.0
256.0
327.0
233.0
225.0
225.0
256.0
233.0
238.0
271.0
254.0
276.0
252.0
216.0
275.0
248.0
286.0
251.0
217.0
251.0
257.0
280.0
205.0
292.0
276.0
237.0
275.0
270.0
252.0
248.0
241.0
360.0
250.0
262.0
229.0
246.0
277.0
286.0
212.0
243.0
314.0
266.0
248.0
273.0
253.0
263.0
275.0
274.0
245.0
237.0
280.0
238.0
291.0
243.0
261.0
248.0
264.0
280.0
317.0
269.0
247.0
240.0
216.0
269.0
280.0
266.0
234.0
269.0
279.0
243.0
233.0
252.0
256.0
239.0
266.0
265.0
256.0
287.0
295.0
269.0
223.0
242.0
283.0
254.0
236.0
271.0
247.0
243.0
356.0
314.0
269.0
229.0
230.0
240.0
267.0
237.0
252.0
242.0
297.0
230.0
294.0
238.0
244.0
253.0
317.0
235.0
275.0
263.0
236.0
228.0
258.0
229.0
296.0
265.0
235.0
248.0
225.0
251.0
268.0
251.0
274.0
253.0
291.0
287.0
253.0
246.0
330.0
216.0
242.0
229.0
257.0
250.0
267.0
255.0
295.0
272.0
235.0
265.0
239.0
266.0
307.0
234.0
229.0
325.0
328.0
247.0
263.0
247.0
257.0
270.0
265.0
228.0
243.0
263.0
226.0
258.0
234.0
227.0
276.0
262.0
264.0
249.0
273.0
224.0
237.0
272.0
279.0
300.0
275.0
253.0
236.0
264.0
257.0
266.0
244.0
274.0
232.0
266.0
285.0
256.0
237.0
226.0
256.0
276.0
263.0
271.0
266.0
