267.0
247.0
277.0
270.0
252.0
288.0
333.0
248.0
308.0
254.0
320.0
278.0
249.0
319.0
266.0
254.0
306.0
259.0
268.0
277.0
256.0
227.0
251.0
252.0
331.0
272.0
307.0
254.0
318.0
273.0
332.0
270.0
246.0
274.0
277.0
268.0
261.0
261.0
272.0
331.0
299.0
237.0
301.0
284.0
259.0
283.0
254.0
312.0
282.0
261.0
235.0
274.0
301.0
240.0
305.0
275.0
264.0
275.0
262.0
279.0
251.0
240.0
315.0
307.0
327.0
287.0
313.0
261.0
238.0
262.0
284.0
251.0
305.0
260.0
328.0
236.0
281.0
273.0
272.0
235.0
261.0
301.0
367.0
268.0
278.0
241.0
229.0
249.0
251.0
259.0
331.0
302.0
301.0
378.0
260.0
255.0
249.0
294.0
281.0
284.0
275.0
288.0
269.0
281.0
287.0
253.0
304.0
300.0
255.0
270.0
298.0
265.0
265.0
284.0
251.0
276.0
319.0
251.0
260.0
247.0
298.0
257.0
269.0
304.0
299.0
301.0
246.0
277.0
254.0
273.0
292.0
282.0
269.0
307.0
297.0
264.0
243.0
290.0
226.0
275.0
240.0
263.0
258.0
256.0
270.0
360.0
274.0
255.0
280.0
271.0
267.0
291.0
273.0
259.0
260.0
273.0
326.0
287.0
283.0
320.0
292.0
264.0
245.0
259.0
303.0
281.0
297.0
308.0
285.0
261.0
286.0
285.0
283.0
312.0
258.0
284.0
305.0
281.0
252.0
346.0
290.0
255.0
294.0
254.0
245.0
323.0
253.0
279.0
285.0
279.0
275.0
295.0
255.0
271.0
248.0
282.0
383.0
257.0
287.0
256.0
