237.0
257.0
250.0
287.0
249.0
280.0
294.0
271.0
251.0
290.0
279.0
279.0
313.0
294.0
280.0
258.0
248.0
279.0
272.0
254.0
328.0
229.0
291.0
320.0
256.0
255.0
286.0
227.0
266.0
307.0
285.0
261.0
263.0
230.0
264.0
264.0
321.0
248.0
275.0
228.0
280.0
263.0
245.0
264.0
269.0
268.0
258.0
274.0
289.0
272.0
258.0
305.0
252.0
247.0
243.0
244.0
285.0
285.0
284.0
260.0
263.0
232.0
265.0
319.0
262.0
270.0
254.0
307.0
248.0
247.0
260.0
257.0
260.0
301.0
233.0
238.0
294.0
239.0
268.0
343.0
245.0
250.0
267.0
261.0
271.0
274.0
241.0
252.0
301.0
297.0
269.0
343.0
264.0
232.0
221.0
266.0
269.0
254.0
337.0
250.0
220.0
237.0
267.0
248.0
258.0
243.0
252.0
260.0
312.0
264.0
255.0
275.0
249.0
273.0
279.0
322.0
282.0
269.0
275.0
320.0
256.0
270.0
232.0
256.0
298.0
272.0
255.0
235.0
301.0
283.0
278.0
290.0
288.0
266.0
251.0
255.0
251.0
276.0
322.0
234.0
267.0
279.0
254.0
252.0
284.0
251.0
244.0
344.0
267.0
238.0
326.0
276.0
298.0
311.0
251.0
243.0
260.0
267.0
254.0
273.0
257.0
239.0
261.0
260.0
275.0
220.0
301.0
260.0
246.0
300.0
239.0
256.0
273.0
252.0
275.0
233.0
257.0
227.0
280.0
254.0
257.0
320.0
251.0
265.0
258.0
249.0
240.0
294.0
239.0
237.0
274.0
268.0
233.0
279.0
279.0
333.0
235.0
244.0
301.0
294.0
