259.0
317.0
336.0
258.0
251.0
281.0
314.0
251.0
292.0
279.0
293.0
258.0
279.0
307.0
256.0
357.0
238.0
235.0
247.0
259.0
328.0
283.0
292.0
282.0
234.0
350.0
263.0
302.0
245.0
275.0
259.0
278.0
294.0
368.0
278.0
265.0
275.0
291.0
243.0
293.0
283.0
296.0
258.0
283.0
296.0
254.0
266.0
267.0
252.0
299.0
301.0
352.0
330.0
256.0
312.0
272.0
257.0
295.0
275.0
270.0
302.0
269.0
256.0
265.0
257.0
277.0
244.0
305.0
242.0
267.0
286.0
294.0
279.0
252.0
260.0
287.0
281.0
273.0
253.0
298.0
295.0
340.0
318.0
272.0
235.0
307.0
260.0
284.0
300.0
265.0
221.0
288.0
250.0
259.0
249.0
336.0
288.0
376.0
225.0
252.0
268.0
256.0
281.0
263.0
243.0
250.0
239.0
257.0
279.0
249.0
304.0
290.0
262.0
272.0
287.0
265.0
226.0
270.0
269.0
247.0
278.0
244.0
242.0
296.0
286.0
274.0
239.0
243.0
278.0
277.0
247.0
277.0
277.0
257.0
272.0
247.0
236.0
344.0
282.0
281.0
322.0
306.0
240.0
278.0
282.0
278.0
267.0
282.0
304.0
242.0
324.0
278.0
247.0
321.0
336.0
276.0
293.0
274.0
277.0
231.0
262.0
317.0
261.0
219.0
294.0
265.0
274.0
292.0
286.0
259.0
281.0
297.0
267.0
288.0
257.0
250.0
275.0
277.0
306.0
284.0
270.0
323.0
311.0
275.0
260.0
276.0
388.0
263.0
276.0
281.0
288.0
261.0
255.0
301.0
297.0
327.0
272.0
268.0
291.0
269.0
