232.0
334.0
239.0
275.0
225.0
296.0
282.0
230.0
249.0
312.0
265.0
252.0
237.0
247.0
278.0
253.0
251.0
274.0
251.0
320.0
253.0
243.0
270.0
247.0
250.0
269.0
254.0
251.0
262.0
269.0
283.0
291.0
220.0
246.0
261.0
267.0
302.0
281.0
269.0
317.0
241.0
232.0
256.0
295.0
222.0
295.0
234.0
246.0
287.0
252.0
236.0
259.0
244.0
248.0
252.0
266.0
273.0
263.0
356.0
265.0
240.0
309.0
249.0
247.0
272.0
245.0
233.0
280.0
241.0
263.0
312.0
311.0
266.0
252.0
276.0
267.0
259.0
276.0
273.0
243.0
266.0
255.0
237.0
243.0
291.0
305.0
290.0
290.0
265.0
242.0
319.0
278.0
247.0
264.0
269.0
232.0
249.0
283.0
252.0
278.0
271.0
239.0
277.0
262.0
245.0
222.0
293.0
261.0
267.0
272.0
290.0
262.0
237.0
256.0
308.0
287.0
253.0
250.0
279.0
229.0
241.0
239.0
284.0
255.0
244.0
246.0
284.0
271.0
265.0
340.0
231.0
266.0
292.0
259.0
254.0
251.0
299.0
354.0
252.0
281.0
235.0
294.0
243.0
241.0
277.0
221.0
247.0
257.0
275.0
243.0
284.0
267.0
273.0
266.0
251.0
275.0
217.0
266.0
243.0
247.0
244.0
262.0
294.0
280.0
262.0
262.0
236.0
323.0
211.0
255.0
303.0
279.0
248.0
286.0
264.0
291.0
265.0
221.0
257.0
247.0
255.0
272.0
246.0
276.0
251.0
256.0
315.0
256.0
294.0
235.0
258.0
314.0
281.0
246.0
232.0
228.0
267.0
285.0
238.0
253.0
