280.0
208.0
243.0
307.0
247.0
321.0
248.0
259.0
220.0
259.0
255.0
276.0
277.0
255.0
262.0
242.0
226.0
279.0
239.0
255.0
281.0
244.0
258.0
293.0
258.0
284.0
255.0
265.0
276.0
261.0
236.0
248.0
251.0
294.0
271.0
280.0
248.0
221.0
246.0
245.0
228.0
268.0
283.0
223.0
244.0
256.0
271.0
286.0
278.0
247.0
251.0
293.0
224.0
271.0
275.0
289.0
263.0
225.0
258.0
282.0
252.0
278.0
229.0
246.0
310.0
249.0
312.0
278.0
265.0
256.0
291.0
274.0
318.0
243.0
245.0
353.0
233.0
281.0
285.0
284.0
240.0
246.0
291.0
239.0
271.0
239.0
259.0
265.0
263.0
230.0
269.0
276.0
293.0
253.0
268.0
255.0
229.0
266.0
281.0
256.0
230.0
309.0
284.0
246.0
229.0
261.0
277.0
245.0
240.0
253.0
303.0
250.0
265.0
267.0
238.0
288.0
255.0
257.0
287.0
270.0
253.0
256.0
251.0
245.0
254.0
336.0
249.0
286.0
239.0
244.0
237.0
311.0
316.0
272.0
287.0
245.0
284.0
262.0
282.0
239.0
352.0
265.0
276.0
275.0
262.0
231.0
305.0
330.0
304.0
263.0
241.0
289.0
284.0
279.0
320.0
263.0
282.0
269.0
213.0
237.0
325.0
275.0
249.0
263.0
235.0
270.0
254.0
277.0
303.0
236.0
267.0
277.0
280.0
237.0
244.0
220.0
249.0
284.0
249.0
243.0
258.0
231.0
271.0
255.0
302.0
283.0
236.0
244.0
249.0
268.0
238.0
256.0
252.0
251.0
260.0
328.0
263.0
242.0
293.0
302.0
