145.0
133.0
160.0
135.0
140.0
147.0
169.0
168.0
143.0
145.0
130.0
141.0
142.0
147.0
140.0
148.0
149.0
142.0
145.0
135.0
149.0
140.0
142.0
169.0
133.0
152.0
161.0
141.0
150.0
134.0
157.0
145.0
136.0
141.0
138.0
175.0
145.0
142.0
153.0
152.0
197.0
163.0
146.0
132.0
159.0
146.0
157.0
142.0
155.0
161.0
129.0
152.0
159.0
137.0
137.0
142.0
153.0
135.0
149.0
137.0
170.0
142.0
173.0
141.0
145.0
149.0
147.0
140.0
133.0
137.0
145.0
172.0
144.0
134.0
150.0
164.0
132.0
147.0
141.0
130.0
133.0
164.0
163.0
202.0
116.0
173.0
131.0
148.0
149.0
167.0
168.0
163.0
150.0
136.0
191.0
140.0
124.0
149.0
134.0
150.0
149.0
150.0
148.0
148.0
146.0
131.0
128.0
129.0
165.0
155.0
145.0
161.0
155.0
162.0
127.0
132.0
148.0
154.0
175.0
161.0
176.0
149.0
141.0
167.0
125.0
155.0
130.0
153.0
143.0
134.0
157.0
169.0
146.0
156.0
145.0
125.0
134.0
138.0
141.0
133.0
151.0
144.0
178.0
132.0
155.0
150.0
145.0
138.0
140.0
132.0
139.0
186.0
141.0
157.0
149.0
125.0
165.0
136.0
148.0
167.0
133.0
204.0
123.0
149.0
138.0
141.0
141.0
152.0
163.0
140.0
136.0
148.0
131.0
132.0
127.0
137.0
152.0
144.0
144.0
136.0
139.0
131.0
150.0
142.0
146.0
156.0
127.0
142.0
144.0
145.0
151.0
150.0
171.0
130.0
145.0
155.0
172.0
148.0
167.0
137.0
