133.0
172.0
349.0
167.0
138.0
159.0
172.0
157.0
181.0
133.0
162.0
156.0
257.0
213.0
169.0
250.0
160.0
144.0
154.0
174.0
152.0
169.0
151.0
225.0
154.0
166.0
172.0
182.0
182.0
156.0
216.0
186.0
143.0
164.0
156.0
169.0
281.0
147.0
164.0
148.0
174.0
156.0
157.0
180.0
157.0
181.0
159.0
149.0
163.0
150.0
174.0
241.0
170.0
166.0
160.0
158.0
167.0
139.0
180.0
173.0
160.0
143.0
174.0
163.0
172.0
204.0
152.0
185.0
163.0
254.0
189.0
168.0
140.0
131.0
160.0
137.0
163.0
157.0
215.0
144.0
193.0
199.0
149.0
144.0
176.0
206.0
208.0
151.0
147.0
127.0
186.0
142.0
174.0
205.0
213.0
206.0
153.0
154.0
151.0
162.0
158.0
191.0
146.0
150.0
217.0
175.0
142.0
154.0
147.0
177.0
173.0
187.0
170.0
152.0
254.0
202.0
220.0
147.0
167.0
151.0
148.0
169.0
153.0
159.0
130.0
148.0
162.0
161.0
187.0
144.0
197.0
189.0
155.0
154.0
176.0
177.0
169.0
169.0
173.0
140.0
158.0
180.0
172.0
179.0
189.0
170.0
162.0
161.0
180.0
178.0
183.0
171.0
144.0
146.0
164.0
167.0
144.0
172.0
325.0
136.0
156.0
154.0
147.0
214.0
167.0
142.0
170.0
179.0
182.0
155.0
198.0
161.0
174.0
184.0
155.0
150.0
165.0
157.0
179.0
212.0
164.0
154.0
152.0
159.0
164.0
166.0
180.0
168.0
166.0
166.0
216.0
148.0
144.0
166.0
181.0
165.0
163.0
151.0
166.0
209.0
