149.0
146.0
142.0
159.0
151.0
147.0
140.0
126.0
141.0
142.0
144.0
136.0
145.0
147.0
150.0
155.0
130.0
162.0
162.0
141.0
141.0
155.0
160.0
137.0
138.0
142.0
133.0
173.0
145.0
164.0
146.0
129.0
150.0
150.0
133.0
165.0
143.0
278.0
167.0
168.0
150.0
188.0
134.0
147.0
137.0
153.0
148.0
137.0
123.0
148.0
165.0
144.0
146.0
142.0
154.0
150.0
152.0
132.0
174.0
140.0
151.0
152.0
137.0
132.0
137.0
156.0
157.0
146.0
131.0
150.0
150.0
132.0
145.0
157.0
140.0
139.0
194.0
164.0
155.0
150.0
165.0
167.0
131.0
161.0
146.0
165.0
140.0
154.0
147.0
120.0
139.0
168.0
129.0
157.0
144.0
248.0
157.0
165.0
155.0
169.0
133.0
143.0
144.0
167.0
130.0
149.0
175.0
138.0
155.0
150.0
150.0
156.0
139.0
165.0
157.0
142.0
145.0
145.0
143.0
140.0
148.0
159.0
161.0
147.0
164.0
137.0
130.0
142.0
133.0
157.0
139.0
149.0
141.0
161.0
129.0
159.0
176.0
152.0
154.0
140.0
139.0
156.0
147.0
141.0
130.0
160.0
167.0
148.0
203.0
150.0
147.0
152.0
156.0
144.0
131.0
157.0
136.0
137.0
149.0
146.0
200.0
136.0
161.0
153.0
148.0
137.0
127.0
191.0
191.0
146.0
143.0
144.0
148.0
165.0
162.0
157.0
157.0
152.0
130.0
164.0
160.0
164.0
137.0
138.0
131.0
157.0
132.0
123.0
135.0
135.0
151.0
139.0
160.0
140.0
270.0
132.0
122.0
153.0
138.0
146.0
