170.0
170.0
193.0
238.0
197.0
228.0
273.0
228.0
178.0
156.0
186.0
198.0
180.0
212.0
166.0
332.0
202.0
170.0
215.0
157.0
173.0
190.0
175.0
193.0
177.0
162.0
220.0
269.0
179.0
210.0
173.0
186.0
218.0
170.0
255.0
171.0
161.0
187.0
199.0
173.0
170.0
208.0
193.0
189.0
162.0
184.0
180.0
191.0
324.0
201.0
166.0
181.0
187.0
214.0
178.0
205.0
194.0
204.0
163.0
186.0
280.0
213.0
153.0
174.0
188.0
205.0
175.0
221.0
219.0
202.0
196.0
194.0
191.0
201.0
190.0
192.0
163.0
193.0
187.0
179.0
157.0
173.0
145.0
199.0
162.0
208.0
183.0
267.0
176.0
213.0
174.0
189.0
189.0
180.0
167.0
205.0
161.0
184.0
191.0
190.0
154.0
185.0
176.0
169.0
232.0
245.0
195.0
214.0
184.0
185.0
175.0
227.0
145.0
170.0
172.0
298.0
283.0
150.0
185.0
214.0
230.0
174.0
169.0
189.0
177.0
145.0
161.0
165.0
269.0
212.0
192.0
180.0
167.0
200.0
227.0
199.0
169.0
175.0
175.0
172.0
255.0
160.0
194.0
221.0
215.0
174.0
171.0
190.0
237.0
195.0
182.0
149.0
154.0
241.0
192.0
166.0
132.0
189.0
184.0
157.0
178.0
186.0
210.0
223.0
151.0
155.0
206.0
185.0
186.0
149.0
184.0
143.0
216.0
202.0
191.0
189.0
200.0
184.0
169.0
173.0
201.0
183.0
212.0
185.0
189.0
224.0
341.0
222.0
204.0
194.0
158.0
194.0
183.0
288.0
215.0
162.0
182.0
187.0
156.0
207.0
