254.0
289.0
272.0
274.0
271.0
236.0
249.0
267.0
278.0
223.0
258.0
276.0
308.0
291.0
280.0
260.0
276.0
215.0
262.0
244.0
270.0
309.0
296.0
268.0
289.0
289.0
254.0
285.0
241.0
298.0
243.0
308.0
284.0
248.0
326.0
255.0
250.0
362.0
250.0
285.0
266.0
290.0
256.0
264.0
278.0
251.0
319.0
277.0
263.0
239.0
294.0
283.0
284.0
230.0
310.0
231.0
242.0
237.0
242.0
275.0
317.0
316.0
270.0
284.0
229.0
234.0
249.0
262.0
259.0
288.0
256.0
273.0
268.0
244.0
281.0
311.0
254.0
244.0
289.0
265.0
274.0
281.0
273.0
266.0
261.0
267.0
241.0
263.0
247.0
318.0
272.0
298.0
259.0
373.0
214.0
255.0
230.0
258.0
335.0
284.0
240.0
253.0
249.0
240.0
273.0
299.0
232.0
300.0
268.0
280.0
241.0
278.0
235.0
228.0
273.0
265.0
328.0
290.0
240.0
242.0
280.0
351.0
289.0
284.0
242.0
271.0
281.0
244.0
246.0
275.0
233.0
231.0
245.0
252.0
252.0
277.0
238.0
325.0
255.0
283.0
255.0
305.0
255.0
264.0
266.0
311.0
320.0
262.0
239.0
213.0
249.0
261.0
335.0
293.0
270.0
272.0
273.0
279.0
250.0
326.0
226.0
243.0
270.0
293.0
278.0
261.0
286.0
253.0
230.0
284.0
252.0
259.0
254.0
289.0
254.0
246.0
262.0
257.0
258.0
266.0
312.0
283.0
260.0
258.0
288.0
276.0
241.0
259.0
293.0
255.0
292.0
281.0
244.0
274.0
258.0
333.0
241.0
261.0
271.0
293.0
