144.0
172.0
135.0
168.0
176.0
144.0
153.0
169.0
158.0
144.0
139.0
142.0
157.0
143.0
151.0
194.0
158.0
150.0
140.0
146.0
144.0
164.0
140.0
130.0
158.0
151.0
134.0
167.0
134.0
148.0
152.0
262.0
156.0
157.0
168.0
171.0
148.0
187.0
152.0
149.0
157.0
177.0
152.0
141.0
185.0
146.0
213.0
133.0
154.0
135.0
157.0
190.0
140.0
140.0
162.0
152.0
158.0
168.0
150.0
222.0
137.0
167.0
219.0
146.0
218.0
207.0
201.0
175.0
147.0
146.0
133.0
132.0
184.0
137.0
178.0
153.0
141.0
153.0
129.0
138.0
135.0
188.0
180.0
157.0
152.0
158.0
241.0
163.0
157.0
196.0
149.0
155.0
204.0
178.0
145.0
154.0
164.0
139.0
180.0
153.0
138.0
143.0
154.0
143.0
222.0
161.0
189.0
166.0
168.0
161.0
135.0
173.0
158.0
143.0
176.0
138.0
154.0
205.0
160.0
166.0
198.0
142.0
188.0
202.0
137.0
145.0
153.0
155.0
164.0
148.0
151.0
142.0
157.0
158.0
146.0
133.0
146.0
162.0
213.0
147.0
137.0
160.0
178.0
156.0
147.0
150.0
138.0
211.0
172.0
170.0
134.0
144.0
291.0
173.0
166.0
161.0
155.0
175.0
160.0
251.0
140.0
212.0
140.0
190.0
146.0
151.0
143.0
191.0
155.0
139.0
155.0
152.0
162.0
148.0
150.0
155.0
156.0
160.0
126.0
145.0
149.0
181.0
144.0
173.0
120.0
221.0
245.0
178.0
182.0
189.0
153.0
163.0
309.0
152.0
143.0
138.0
159.0
151.0
192.0
142.0
