252.0
292.0
268.0
281.0
282.0
235.0
255.0
243.0
262.0
280.0
294.0
230.0
249.0
239.0
320.0
293.0
278.0
296.0
242.0
245.0
233.0
260.0
260.0
251.0
274.0
294.0
300.0
250.0
284.0
228.0
260.0
247.0
245.0
257.0
239.0
247.0
252.0
246.0
243.0
229.0
276.0
239.0
292.0
259.0
255.0
257.0
304.0
277.0
245.0
325.0
276.0
261.0
263.0
203.0
264.0
256.0
279.0
269.0
210.0
262.0
237.0
274.0
253.0
276.0
279.0
248.0
249.0
253.0
254.0
226.0
227.0
263.0
274.0
270.0
257.0
238.0
245.0
311.0
253.0
233.0
221.0
279.0
246.0
297.0
314.0
272.0
248.0
283.0
250.0
270.0
252.0
232.0
241.0
201.0
291.0
281.0
257.0
245.0
287.0
273.0
252.0
245.0
279.0
283.0
237.0
289.0
273.0
227.0
299.0
256.0
285.0
238.0
275.0
268.0
273.0
260.0
299.0
289.0
247.0
303.0
250.0
283.0
272.0
272.0
266.0
226.0
281.0
244.0
210.0
247.0
263.0
243.0
277.0
265.0
223.0
305.0
258.0
268.0
270.0
255.0
243.0
245.0
231.0
284.0
259.0
232.0
276.0
265.0
301.0
244.0
255.0
239.0
254.0
248.0
245.0
233.0
251.0
295.0
209.0
270.0
292.0
267.0
258.0
253.0
326.0
291.0
277.0
298.0
226.0
240.0
270.0
263.0
269.0
244.0
212.0
220.0
241.0
215.0
244.0
305.0
257.0
275.0
266.0
259.0
241.0
269.0
274.0
255.0
212.0
343.0
302.0
278.0
303.0
219.0
281.0
228.0
325.0
263.0
241.0
306.0
