237.0
271.0
256.0
302.0
270.0
251.0
251.0
265.0
290.0
281.0
328.0
235.0
268.0
287.0
291.0
297.0
290.0
277.0
232.0
294.0
326.0
280.0
268.0
413.0
275.0
222.0
236.0
296.0
283.0
284.0
369.0
270.0
335.0
351.0
267.0
303.0
320.0
287.0
301.0
269.0
249.0
303.0
274.0
267.0
290.0
290.0
243.0
272.0
293.0
264.0
271.0
253.0
285.0
280.0
344.0
283.0
308.0
271.0
281.0
294.0
271.0
257.0
297.0
262.0
253.0
230.0
263.0
333.0
250.0
273.0
305.0
261.0
302.0
256.0
270.0
236.0
279.0
246.0
276.0
247.0
293.0
252.0
253.0
299.0
286.0
265.0
290.0
271.0
306.0
271.0
246.0
265.0
272.0
289.0
263.0
289.0
251.0
238.0
300.0
276.0
290.0
270.0
254.0
400.0
355.0
306.0
304.0
321.0
277.0
277.0
254.0
255.0
240.0
280.0
254.0
260.0
260.0
283.0
248.0
292.0
259.0
271.0
260.0
274.0
336.0
239.0
291.0
296.0
260.0
282.0
301.0
255.0
287.0
264.0
244.0
295.0
256.0
281.0
294.0
294.0
242.0
311.0
323.0
317.0
392.0
258.0
275.0
268.0
281.0
240.0
290.0
266.0
236.0
267.0
272.0
258.0
261.0
292.0
275.0
279.0
268.0
245.0
240.0
307.0
281.0
283.0
283.0
280.0
322.0
271.0
293.0
272.0
339.0
378.0
275.0
256.0
288.0
259.0
274.0
264.0
283.0
323.0
250.0
304.0
254.0
260.0
390.0
349.0
260.0
263.0
277.0
269.0
300.0
286.0
311.0
250.0
281.0
301.0
244.0
299.0
