144.0
184.0
140.0
130.0
140.0
150.0
199.0
162.0
158.0
169.0
156.0
194.0
162.0
178.0
142.0
194.0
171.0
146.0
184.0
139.0
237.0
170.0
164.0
175.0
176.0
201.0
130.0
234.0
160.0
229.0
178.0
156.0
191.0
147.0
153.0
174.0
163.0
174.0
156.0
149.0
158.0
170.0
167.0
156.0
188.0
197.0
201.0
152.0
143.0
165.0
144.0
137.0
202.0
144.0
157.0
205.0
135.0
140.0
146.0
303.0
162.0
135.0
144.0
148.0
168.0
184.0
157.0
147.0
159.0
152.0
169.0
132.0
177.0
183.0
170.0
161.0
160.0
166.0
160.0
162.0
173.0
174.0
174.0
147.0
171.0
254.0
207.0
140.0
176.0
167.0
144.0
153.0
156.0
144.0
166.0
211.0
147.0
165.0
179.0
167.0
144.0
155.0
227.0
144.0
154.0
287.0
153.0
171.0
144.0
153.0
142.0
178.0
160.0
200.0
136.0
180.0
209.0
146.0
225.0
173.0
149.0
149.0
169.0
169.0
136.0
146.0
157.0
124.0
154.0
166.0
174.0
193.0
253.0
188.0
242.0
169.0
179.0
153.0
167.0
146.0
157.0
158.0
144.0
207.0
137.0
221.0
155.0
155.0
140.0
196.0
151.0
131.0
141.0
195.0
157.0
182.0
164.0
145.0
174.0
175.0
180.0
176.0
162.0
146.0
150.0
173.0
163.0
150.0
155.0
171.0
229.0
169.0
152.0
148.0
161.0
168.0
157.0
145.0
155.0
154.0
148.0
224.0
206.0
143.0
150.0
152.0
139.0
317.0
129.0
154.0
145.0
157.0
217.0
194.0
139.0
167.0
180.0
190.0
151.0
172.0
