277.0
253.0
261.0
257.0
259.0
325.0
250.0
287.0
243.0
280.0
272.0
332.0
284.0
218.0
324.0
278.0
235.0
286.0
278.0
245.0
276.0
238.0
249.0
263.0
279.0
233.0
224.0
308.0
270.0
272.0
253.0
264.0
258.0
278.0
265.0
325.0
332.0
271.0
298.0
269.0
280.0
286.0
314.0
250.0
236.0
233.0
234.0
277.0
232.0
260.0
234.0
281.0
277.0
297.0
233.0
281.0
265.0
236.0
245.0
272.0
271.0
263.0
242.0
263.0
282.0
269.0
291.0
236.0
289.0
256.0
270.0
241.0
283.0
219.0
258.0
252.0
260.0
265.0
240.0
304.0
295.0
252.0
256.0
266.0
259.0
240.0
270.0
273.0
234.0
250.0
272.0
269.0
247.0
243.0
265.0
272.0
225.0
253.0
225.0
308.0
243.0
259.0
284.0
275.0
292.0
287.0
232.0
249.0
305.0
242.0
260.0
245.0
255.0
241.0
273.0
275.0
296.0
224.0
265.0
292.0
256.0
287.0
265.0
345.0
263.0
259.0
291.0
264.0
226.0
219.0
268.0
231.0
298.0
255.0
244.0
273.0
283.0
238.0
226.0
219.0
228.0
263.0
244.0
261.0
233.0
246.0
247.0
239.0
265.0
214.0
235.0
247.0
290.0
250.0
296.0
241.0
235.0
241.0
294.0
257.0
251.0
326.0
235.0
299.0
331.0
263.0
253.0
257.0
303.0
247.0
255.0
277.0
229.0
219.0
242.0
223.0
244.0
240.0
241.0
267.0
220.0
240.0
264.0
251.0
244.0
236.0
281.0
220.0
237.0
250.0
273.0
241.0
257.0
283.0
240.0
251.0
225.0
265.0
259.0
243.0
