367.0
185.0
160.0
156.0
183.0
172.0
155.0
159.0
183.0
159.0
159.0
217.0
186.0
239.0
163.0
169.0
177.0
250.0
200.0
183.0
164.0
165.0
157.0
222.0
177.0
153.0
148.0
189.0
142.0
200.0
242.0
144.0
166.0
142.0
159.0
138.0
211.0
161.0
162.0
176.0
172.0
205.0
225.0
179.0
168.0
176.0
217.0
192.0
181.0
188.0
165.0
180.0
171.0
138.0
185.0
158.0
168.0
332.0
166.0
246.0
148.0
155.0
173.0
161.0
143.0
155.0
185.0
192.0
188.0
173.0
155.0
146.0
159.0
234.0
148.0
172.0
182.0
145.0
193.0
176.0
293.0
162.0
153.0
163.0
162.0
164.0
186.0
196.0
220.0
179.0
157.0
161.0
186.0
174.0
155.0
186.0
183.0
175.0
168.0
173.0
189.0
178.0
153.0
173.0
147.0
206.0
158.0
170.0
183.0
239.0
165.0
194.0
173.0
177.0
154.0
158.0
180.0
145.0
186.0
144.0
193.0
161.0
155.0
173.0
178.0
157.0
197.0
175.0
185.0
155.0
199.0
176.0
178.0
166.0
156.0
236.0
158.0
154.0
145.0
141.0
158.0
132.0
158.0
170.0
160.0
185.0
168.0
169.0
175.0
159.0
149.0
158.0
138.0
188.0
173.0
240.0
149.0
176.0
202.0
158.0
225.0
177.0
207.0
165.0
181.0
256.0
195.0
148.0
138.0
164.0
185.0
179.0
177.0
163.0
253.0
160.0
142.0
173.0
163.0
137.0
148.0
174.0
171.0
188.0
198.0
149.0
163.0
145.0
154.0
209.0
152.0
152.0
167.0
151.0
183.0
148.0
203.0
222.0
159.0
157.0
