281.0
337.0
332.0
279.0
246.0
273.0
257.0
253.0
261.0
252.0
233.0
228.0
229.0
270.0
240.0
264.0
247.0
249.0
280.0
319.0
257.0
269.0
332.0
306.0
212.0
311.0
253.0
255.0
238.0
281.0
277.0
306.0
326.0
255.0
264.0
259.0
295.0
299.0
243.0
275.0
239.0
230.0
286.0
277.0
267.0
280.0
340.0
304.0
238.0
254.0
312.0
271.0
284.0
259.0
239.0
284.0
314.0
236.0
256.0
328.0
291.0
285.0
277.0
286.0
276.0
268.0
255.0
282.0
275.0
238.0
277.0
234.0
292.0
259.0
257.0
248.0
272.0
292.0
303.0
242.0
266.0
252.0
261.0
292.0
290.0
322.0
262.0
234.0
308.0
256.0
272.0
263.0
281.0
242.0
231.0
238.0
246.0
292.0
257.0
264.0
229.0
257.0
247.0
275.0
238.0
283.0
295.0
237.0
237.0
250.0
237.0
239.0
258.0
277.0
262.0
283.0
233.0
281.0
265.0
261.0
256.0
237.0
235.0
251.0
232.0
261.0
246.0
256.0
262.0
272.0
232.0
255.0
236.0
328.0
252.0
281.0
278.0
240.0
256.0
350.0
258.0
277.0
242.0
243.0
287.0
306.0
276.0
260.0
229.0
248.0
291.0
243.0
270.0
309.0
236.0
255.0
274.0
264.0
289.0
251.0
256.0
264.0
290.0
293.0
269.0
253.0
262.0
285.0
284.0
237.0
267.0
312.0
260.0
257.0
288.0
261.0
238.0
234.0
253.0
250.0
261.0
347.0
224.0
257.0
244.0
271.0
296.0
298.0
274.0
276.0
243.0
237.0
258.0
281.0
314.0
282.0
257.0
256.0
264.0
230.0
