247.0
264.0
264.0
228.0
299.0
262.0
285.0
291.0
313.0
257.0
225.0
231.0
264.0
211.0
266.0
227.0
238.0
218.0
228.0
231.0
301.0
288.0
275.0
244.0
269.0
239.0
282.0
292.0
273.0
233.0
235.0
227.0
274.0
259.0
231.0
230.0
257.0
270.0
317.0
290.0
272.0
205.0
271.0
279.0
293.0
243.0
247.0
236.0
251.0
250.0
257.0
213.0
220.0
243.0
238.0
231.0
302.0
255.0
265.0
302.0
214.0
257.0
268.0
282.0
272.0
278.0
257.0
255.0
244.0
219.0
269.0
277.0
228.0
297.0
232.0
256.0
241.0
253.0
241.0
263.0
244.0
257.0
276.0
275.0
271.0
237.0
238.0
243.0
251.0
224.0
252.0
286.0
280.0
265.0
272.0
264.0
239.0
237.0
267.0
276.0
257.0
268.0
239.0
313.0
317.0
244.0
254.0
279.0
224.0
310.0
257.0
244.0
249.0
285.0
260.0
220.0
277.0
258.0
242.0
266.0
271.0
271.0
240.0
241.0
257.0
250.0
295.0
238.0
300.0
269.0
248.0
221.0
249.0
231.0
278.0
257.0
243.0
242.0
256.0
264.0
233.0
346.0
304.0
286.0
215.0
262.0
282.0
240.0
271.0
233.0
262.0
259.0
316.0
256.0
244.0
249.0
213.0
242.0
287.0
283.0
239.0
256.0
251.0
283.0
279.0
288.0
298.0
240.0
272.0
327.0
310.0
217.0
291.0
242.0
238.0
265.0
231.0
242.0
250.0
217.0
232.0
267.0
325.0
208.0
288.0
294.0
287.0
230.0
310.0
269.0
355.0
234.0
215.0
242.0
235.0
253.0
236.0
308.0
234.0
351.0
