252.0
249.0
295.0
282.0
240.0
248.0
284.0
247.0
278.0
241.0
292.0
302.0
234.0
246.0
242.0
243.0
278.0
252.0
254.0
301.0
279.0
244.0
279.0
231.0
269.0
238.0
306.0
295.0
242.0
250.0
234.0
292.0
313.0
287.0
232.0
253.0
243.0
250.0
295.0
274.0
231.0
262.0
224.0
285.0
338.0
321.0
265.0
247.0
279.0
291.0
308.0
244.0
230.0
243.0
303.0
253.0
252.0
227.0
266.0
293.0
269.0
271.0
256.0
258.0
250.0
255.0
252.0
266.0
254.0
315.0
291.0
246.0
249.0
277.0
266.0
344.0
300.0
263.0
265.0
279.0
279.0
300.0
319.0
247.0
284.0
276.0
263.0
236.0
262.0
244.0
260.0
273.0
277.0
245.0
220.0
255.0
261.0
243.0
227.0
332.0
259.0
258.0
298.0
313.0
268.0
290.0
294.0
255.0
286.0
272.0
244.0
258.0
273.0
256.0
223.0
250.0
249.0
271.0
263.0
242.0
231.0
268.0
257.0
275.0
287.0
241.0
283.0
312.0
229.0
277.0
239.0
288.0
272.0
361.0
284.0
262.0
267.0
272.0
239.0
258.0
244.0
255.0
267.0
270.0
267.0
251.0
271.0
241.0
308.0
227.0
316.0
234.0
282.0
276.0
256.0
301.0
267.0
284.0
236.0
255.0
304.0
254.0
256.0
310.0
252.0
219.0
279.0
275.0
286.0
250.0
248.0
265.0
276.0
289.0
266.0
270.0
227.0
245.0
251.0
256.0
312.0
256.0
254.0
281.0
286.0
247.0
290.0
261.0
255.0
215.0
241.0
252.0
280.0
225.0
293.0
283.0
231.0
326.0
260.0
267.0
