229.0
248.0
276.0
223.0
254.0
221.0
264.0
240.0
238.0
278.0
268.0
249.0
238.0
303.0
255.0
307.0
308.0
246.0
270.0
254.0
290.0
227.0
207.0
265.0
218.0
234.0
259.0
261.0
240.0
255.0
223.0
258.0
313.0
270.0
259.0
254.0
277.0
299.0
277.0
207.0
266.0
240.0
289.0
277.0
216.0
260.0
227.0
294.0
259.0
261.0
238.0
211.0
373.0
249.0
254.0
249.0
254.0
252.0
273.0
208.0
265.0
237.0
264.0
276.0
258.0
219.0
276.0
246.0
233.0
263.0
241.0
244.0
271.0
220.0
266.0
287.0
263.0
266.0
258.0
256.0
270.0
229.0
232.0
262.0
242.0
264.0
260.0
290.0
248.0
269.0
274.0
223.0
229.0
269.0
259.0
225.0
325.0
259.0
266.0
261.0
241.0
255.0
262.0
247.0
213.0
286.0
260.0
256.0
233.0
278.0
245.0
262.0
219.0
212.0
239.0
269.0
255.0
250.0
235.0
236.0
276.0
227.0
294.0
266.0
260.0
217.0
247.0
217.0
231.0
250.0
250.0
255.0
253.0
265.0
274.0
302.0
237.0
278.0
265.0
263.0
309.0
233.0
260.0
292.0
215.0
306.0
252.0
272.0
311.0
298.0
226.0
262.0
224.0
267.0
325.0
247.0
271.0
251.0
332.0
234.0
224.0
269.0
235.0
231.0
276.0
288.0
276.0
287.0
294.0
227.0
300.0
255.0
278.0
233.0
279.0
294.0
263.0
277.0
249.0
244.0
239.0
277.0
248.0
263.0
241.0
262.0
289.0
278.0
254.0
284.0
268.0
259.0
224.0
290.0
261.0
224.0
300.0
241.0
244.0
250.0
