151.0
191.0
149.0
140.0
192.0
203.0
163.0
166.0
159.0
160.0
176.0
163.0
145.0
153.0
151.0
140.0
178.0
162.0
156.0
173.0
191.0
155.0
206.0
180.0
169.0
135.0
265.0
184.0
162.0
205.0
183.0
157.0
151.0
158.0
146.0
158.0
220.0
123.0
179.0
186.0
146.0
166.0
273.0
140.0
200.0
139.0
144.0
157.0
158.0
211.0
129.0
156.0
144.0
169.0
135.0
142.0
164.0
208.0
152.0
157.0
168.0
161.0
179.0
170.0
124.0
156.0
146.0
131.0
149.0
143.0
155.0
134.0
178.0
258.0
200.0
160.0
165.0
175.0
173.0
165.0
147.0
171.0
133.0
145.0
130.0
158.0
208.0
190.0
166.0
159.0
134.0
142.0
153.0
156.0
165.0
166.0
163.0
139.0
221.0
141.0
145.0
156.0
153.0
158.0
165.0
168.0
168.0
157.0
151.0
148.0
159.0
161.0
219.0
146.0
140.0
170.0
279.0
164.0
143.0
203.0
160.0
145.0
169.0
157.0
163.0
169.0
143.0
217.0
185.0
144.0
264.0
154.0
190.0
156.0
302.0
153.0
229.0
133.0
138.0
236.0
180.0
241.0
145.0
155.0
212.0
152.0
168.0
177.0
158.0
179.0
164.0
167.0
206.0
207.0
156.0
172.0
155.0
147.0
138.0
160.0
170.0
135.0
172.0
180.0
144.0
140.0
158.0
153.0
178.0
135.0
219.0
166.0
157.0
140.0
124.0
147.0
136.0
183.0
158.0
150.0
263.0
180.0
160.0
133.0
179.0
176.0
162.0
157.0
167.0
167.0
162.0
137.0
182.0
156.0
170.0
137.0
195.0
140.0
149.0
190.0
