315.0
291.0
337.0
240.0
307.0
259.0
255.0
270.0
264.0
256.0
245.0
331.0
277.0
286.0
280.0
255.0
268.0
285.0
238.0
258.0
253.0
281.0
274.0
311.0
296.0
253.0
231.0
259.0
275.0
271.0
269.0
284.0
268.0
278.0
279.0
256.0
262.0
288.0
237.0
305.0
264.0
249.0
255.0
218.0
276.0
214.0
248.0
282.0
306.0
245.0
282.0
317.0
296.0
255.0
249.0
233.0
247.0
256.0
253.0
260.0
291.0
300.0
285.0
279.0
237.0
266.0
265.0
229.0
256.0
261.0
267.0
263.0
276.0
220.0
314.0
259.0
258.0
237.0
230.0
262.0
319.0
236.0
277.0
322.0
303.0
288.0
236.0
268.0
247.0
251.0
295.0
258.0
244.0
291.0
310.0
247.0
239.0
240.0
268.0
267.0
250.0
219.0
252.0
253.0
309.0
284.0
281.0
248.0
254.0
280.0
301.0
288.0
241.0
287.0
268.0
250.0
243.0
291.0
262.0
237.0
289.0
254.0
284.0
319.0
253.0
279.0
278.0
278.0
266.0
286.0
252.0
264.0
238.0
277.0
334.0
236.0
289.0
247.0
296.0
331.0
254.0
297.0
281.0
239.0
245.0
242.0
315.0
289.0
310.0
255.0
256.0
275.0
270.0
250.0
290.0
231.0
349.0
248.0
272.0
235.0
243.0
261.0
262.0
248.0
252.0
292.0
266.0
283.0
268.0
252.0
252.0
286.0
304.0
245.0
283.0
293.0
260.0
282.0
266.0
214.0
256.0
250.0
253.0
249.0
324.0
285.0
323.0
239.0
313.0
287.0
256.0
274.0
294.0
284.0
240.0
266.0
264.0
276.0
259.0
304.0
