304.0
283.0
248.0
265.0
250.0
282.0
264.0
233.0
284.0
273.0
305.0
238.0
244.0
297.0
270.0
238.0
291.0
283.0
264.0
264.0
280.0
329.0
262.0
235.0
256.0
308.0
231.0
363.0
228.0
279.0
253.0
340.0
272.0
269.0
273.0
266.0
264.0
291.0
276.0
275.0
245.0
223.0
272.0
267.0
281.0
269.0
266.0
298.0
261.0
301.0
300.0
267.0
261.0
248.0
249.0
264.0
281.0
244.0
245.0
291.0
289.0
287.0
264.0
261.0
290.0
296.0
278.0
243.0
277.0
250.0
316.0
269.0
274.0
322.0
283.0
291.0
238.0
284.0
306.0
225.0
272.0
302.0
333.0
284.0
278.0
295.0
255.0
234.0
297.0
320.0
288.0
363.0
274.0
264.0
280.0
253.0
271.0
266.0
282.0
258.0
278.0
250.0
239.0
283.0
287.0
270.0
273.0
269.0
226.0
304.0
278.0
337.0
324.0
236.0
272.0
258.0
254.0
271.0
308.0
258.0
262.0
272.0
252.0
289.0
240.0
309.0
250.0
240.0
242.0
231.0
267.0
297.0
275.0
225.0
274.0
236.0
270.0
275.0
285.0
278.0
287.0
240.0
262.0
255.0
245.0
284.0
297.0
272.0
243.0
249.0
236.0
238.0
257.0
285.0
334.0
318.0
219.0
284.0
267.0
235.0
301.0
258.0
266.0
256.0
264.0
262.0
246.0
277.0
273.0
256.0
245.0
278.0
265.0
341.0
283.0
242.0
246.0
312.0
230.0
277.0
263.0
301.0
242.0
249.0
261.0
270.0
219.0
258.0
280.0
252.0
307.0
241.0
236.0
318.0
258.0
312.0
235.0
303.0
286.0
240.0
