236.0
283.0
250.0
246.0
259.0
240.0
288.0
231.0
221.0
271.0
268.0
279.0
274.0
243.0
248.0
265.0
289.0
247.0
269.0
234.0
225.0
228.0
234.0
247.0
267.0
267.0
279.0
253.0
255.0
239.0
230.0
270.0
241.0
304.0
268.0
266.0
275.0
261.0
293.0
241.0
263.0
261.0
285.0
237.0
294.0
256.0
230.0
280.0
273.0
281.0
316.0
364.0
275.0
273.0
273.0
276.0
305.0
219.0
226.0
304.0
237.0
246.0
262.0
263.0
282.0
232.0
314.0
260.0
263.0
248.0
264.0
272.0
250.0
245.0
253.0
227.0
276.0
240.0
297.0
350.0
276.0
249.0
263.0
270.0
306.0
317.0
292.0
283.0
270.0
241.0
268.0
221.0
287.0
273.0
236.0
315.0
259.0
226.0
285.0
281.0
250.0
301.0
319.0
318.0
263.0
262.0
275.0
236.0
241.0
270.0
236.0
246.0
265.0
272.0
294.0
282.0
229.0
276.0
277.0
284.0
252.0
241.0
298.0
284.0
261.0
289.0
233.0
280.0
290.0
285.0
250.0
239.0
225.0
278.0
269.0
269.0
277.0
283.0
263.0
294.0
291.0
267.0
234.0
246.0
270.0
273.0
264.0
257.0
223.0
248.0
274.0
283.0
235.0
283.0
238.0
241.0
274.0
256.0
340.0
247.0
256.0
262.0
238.0
246.0
354.0
304.0
247.0
269.0
294.0
280.0
323.0
246.0
332.0
276.0
288.0
264.0
247.0
282.0
269.0
238.0
270.0
274.0
418.0
238.0
248.0
271.0
255.0
245.0
258.0
249.0
264.0
246.0
266.0
240.0
241.0
268.0
272.0
218.0
258.0
325.0
