261.0
310.0
271.0
350.0
286.0
318.0
268.0
299.0
257.0
273.0
286.0
299.0
275.0
263.0
337.0
270.0
253.0
256.0
255.0
231.0
260.0
269.0
320.0
240.0
275.0
266.0
257.0
287.0
280.0
291.0
318.0
341.0
272.0
251.0
299.0
282.0
262.0
254.0
264.0
251.0
287.0
302.0
267.0
241.0
277.0
279.0
240.0
275.0
301.0
294.0
293.0
246.0
337.0
266.0
285.0
247.0
257.0
300.0
298.0
264.0
258.0
307.0
266.0
239.0
296.0
246.0
268.0
265.0
238.0
259.0
256.0
364.0
240.0
252.0
228.0
321.0
250.0
342.0
267.0
231.0
266.0
247.0
283.0
251.0
274.0
260.0
296.0
247.0
226.0
253.0
251.0
243.0
278.0
246.0
274.0
241.0
268.0
258.0
262.0
257.0
277.0
334.0
262.0
322.0
263.0
241.0
277.0
248.0
296.0
266.0
261.0
261.0
304.0
252.0
336.0
268.0
259.0
260.0
304.0
269.0
319.0
295.0
261.0
243.0
274.0
259.0
324.0
286.0
244.0
248.0
301.0
315.0
255.0
317.0
248.0
248.0
252.0
317.0
247.0
289.0
246.0
278.0
238.0
317.0
336.0
281.0
254.0
292.0
262.0
255.0
337.0
307.0
266.0
298.0
323.0
352.0
276.0
328.0
264.0
283.0
234.0
284.0
317.0
292.0
217.0
293.0
286.0
293.0
303.0
265.0
281.0
264.0
321.0
319.0
276.0
328.0
309.0
256.0
257.0
283.0
255.0
284.0
257.0
299.0
342.0
258.0
322.0
362.0
296.0
281.0
286.0
267.0
289.0
263.0
311.0
292.0
268.0
281.0
256.0
309.0
