284.0
225.0
260.0
261.0
237.0
265.0
304.0
244.0
255.0
273.0
245.0
252.0
252.0
270.0
307.0
264.0
268.0
260.0
269.0
259.0
250.0
242.0
274.0
295.0
233.0
302.0
303.0
247.0
276.0
265.0
268.0
275.0
244.0
247.0
301.0
285.0
272.0
285.0
223.0
257.0
268.0
246.0
235.0
240.0
245.0
294.0
254.0
257.0
259.0
296.0
296.0
263.0
280.0
360.0
267.0
303.0
244.0
229.0
306.0
279.0
270.0
224.0
273.0
306.0
272.0
261.0
254.0
225.0
264.0
237.0
250.0
269.0
305.0
280.0
270.0
246.0
271.0
314.0
265.0
278.0
283.0
318.0
218.0
264.0
206.0
311.0
226.0
251.0
264.0
294.0
226.0
272.0
263.0
279.0
298.0
290.0
263.0
269.0
293.0
286.0
269.0
253.0
285.0
285.0
256.0
251.0
225.0
307.0
275.0
312.0
269.0
290.0
235.0
295.0
284.0
340.0
270.0
232.0
303.0
375.0
223.0
302.0
223.0
262.0
244.0
278.0
228.0
211.0
253.0
261.0
238.0
245.0
252.0
241.0
248.0
302.0
322.0
257.0
258.0
255.0
289.0
233.0
290.0
269.0
267.0
317.0
224.0
285.0
239.0
279.0
235.0
225.0
256.0
258.0
245.0
288.0
271.0
259.0
261.0
277.0
267.0
305.0
249.0
292.0
225.0
265.0
257.0
292.0
241.0
265.0
244.0
264.0
317.0
205.0
247.0
253.0
261.0
234.0
240.0
302.0
273.0
262.0
233.0
311.0
267.0
222.0
280.0
254.0
260.0
246.0
231.0
294.0
240.0
259.0
292.0
251.0
290.0
241.0
262.0
296.0
