175.0
140.0
161.0
134.0
159.0
153.0
157.0
135.0
133.0
149.0
142.0
164.0
150.0
154.0
157.0
149.0
148.0
148.0
165.0
171.0
169.0
149.0
149.0
163.0
150.0
148.0
152.0
136.0
123.0
149.0
174.0
154.0
161.0
174.0
177.0
134.0
146.0
176.0
170.0
148.0
148.0
141.0
147.0
147.0
140.0
163.0
171.0
179.0
150.0
168.0
203.0
145.0
152.0
153.0
133.0
157.0
145.0
158.0
140.0
123.0
165.0
141.0
152.0
156.0
147.0
158.0
143.0
156.0
135.0
119.0
184.0
162.0
129.0
160.0
134.0
164.0
148.0
139.0
158.0
147.0
168.0
154.0
164.0
131.0
134.0
164.0
133.0
154.0
180.0
137.0
144.0
151.0
144.0
149.0
132.0
138.0
160.0
131.0
145.0
168.0
142.0
189.0
146.0
136.0
152.0
135.0
125.0
140.0
137.0
133.0
146.0
154.0
190.0
138.0
132.0
166.0
145.0
157.0
142.0
164.0
139.0
197.0
142.0
152.0
143.0
149.0
145.0
163.0
173.0
131.0
134.0
133.0
148.0
168.0
145.0
137.0
205.0
161.0
183.0
157.0
148.0
167.0
183.0
146.0
174.0
142.0
123.0
157.0
139.0
137.0
142.0
190.0
177.0
166.0
162.0
150.0
121.0
167.0
149.0
151.0
138.0
162.0
206.0
163.0
153.0
159.0
143.0
147.0
172.0
138.0
139.0
139.0
177.0
158.0
150.0
159.0
148.0
117.0
142.0
190.0
138.0
192.0
145.0
142.0
194.0
139.0
146.0
164.0
141.0
186.0
131.0
150.0
170.0
152.0
140.0
126.0
135.0
157.0
134.0
136.0
