151.0
148.0
138.0
155.0
143.0
153.0
155.0
140.0
131.0
137.0
134.0
148.0
151.0
136.0
146.0
199.0
168.0
144.0
135.0
130.0
162.0
142.0
130.0
201.0
131.0
144.0
149.0
175.0
148.0
157.0
151.0
138.0
123.0
166.0
195.0
126.0
167.0
160.0
141.0
143.0
148.0
159.0
182.0
145.0
130.0
118.0
143.0
183.0
150.0
136.0
141.0
149.0
151.0
164.0
152.0
161.0
210.0
153.0
147.0
146.0
137.0
134.0
136.0
156.0
152.0
132.0
155.0
145.0
124.0
182.0
144.0
149.0
155.0
171.0
166.0
151.0
137.0
127.0
140.0
139.0
140.0
145.0
135.0
159.0
134.0
139.0
159.0
151.0
145.0
178.0
139.0
136.0
143.0
163.0
145.0
155.0
155.0
146.0
148.0
156.0
169.0
146.0
140.0
158.0
142.0
145.0
145.0
150.0
129.0
140.0
157.0
152.0
140.0
128.0
171.0
148.0
152.0
164.0
187.0
190.0
158.0
178.0
126.0
154.0
131.0
145.0
145.0
239.0
135.0
172.0
154.0
157.0
132.0
150.0
159.0
146.0
157.0
160.0
148.0
128.0
132.0
149.0
152.0
137.0
134.0
142.0
246.0
141.0
183.0
148.0
156.0
145.0
151.0
221.0
154.0
138.0
180.0
145.0
139.0
211.0
149.0
191.0
174.0
154.0
151.0
152.0
157.0
155.0
151.0
169.0
151.0
152.0
151.0
117.0
133.0
159.0
158.0
164.0
158.0
173.0
157.0
161.0
153.0
155.0
149.0
207.0
162.0
138.0
149.0
156.0
151.0
143.0
162.0
141.0
177.0
160.0
175.0
161.0
163.0
161.0
