271.0
271.0
237.0
225.0
255.0
277.0
254.0
241.0
239.0
267.0
219.0
232.0
241.0
248.0
230.0
223.0
289.0
246.0
229.0
293.0
248.0
273.0
278.0
235.0
237.0
277.0
241.0
309.0
232.0
265.0
307.0
240.0
253.0
235.0
265.0
266.0
229.0
254.0
261.0
306.0
266.0
301.0
264.0
338.0
263.0
260.0
260.0
233.0
226.0
310.0
253.0
289.0
260.0
265.0
272.0
258.0
253.0
304.0
216.0
257.0
207.0
266.0
233.0
228.0
266.0
209.0
247.0
292.0
260.0
322.0
212.0
260.0
247.0
260.0
250.0
261.0
238.0
220.0
222.0
233.0
280.0
248.0
231.0
251.0
213.0
248.0
273.0
253.0
264.0
266.0
270.0
241.0
274.0
238.0
276.0
240.0
232.0
255.0
277.0
257.0
255.0
228.0
237.0
248.0
227.0
242.0
264.0
293.0
293.0
255.0
219.0
228.0
287.0
233.0
259.0
235.0
225.0
276.0
254.0
249.0
238.0
276.0
263.0
244.0
246.0
254.0
287.0
248.0
254.0
250.0
247.0
270.0
281.0
226.0
236.0
236.0
257.0
338.0
237.0
284.0
267.0
241.0
280.0
291.0
297.0
257.0
204.0
253.0
263.0
254.0
251.0
244.0
276.0
270.0
231.0
286.0
283.0
308.0
262.0
223.0
300.0
300.0
219.0
247.0
260.0
285.0
269.0
251.0
211.0
231.0
260.0
284.0
266.0
267.0
213.0
298.0
242.0
254.0
252.0
278.0
243.0
247.0
245.0
246.0
340.0
275.0
235.0
274.0
211.0
303.0
254.0
236.0
273.0
276.0
237.0
242.0
226.0
204.0
242.0
284.0
