163.0
164.0
168.0
148.0
149.0
135.0
148.0
135.0
176.0
145.0
142.0
155.0
147.0
154.0
177.0
208.0
133.0
140.0
153.0
157.0
144.0
168.0
164.0
178.0
162.0
166.0
130.0
155.0
145.0
350.0
141.0
157.0
182.0
148.0
144.0
140.0
147.0
137.0
136.0
142.0
140.0
183.0
145.0
159.0
122.0
154.0
147.0
148.0
136.0
159.0
132.0
162.0
140.0
154.0
142.0
218.0
133.0
152.0
139.0
202.0
125.0
189.0
137.0
219.0
132.0
181.0
149.0
158.0
149.0
142.0
141.0
148.0
134.0
169.0
123.0
197.0
201.0
157.0
166.0
140.0
149.0
150.0
153.0
140.0
144.0
148.0
163.0
160.0
142.0
130.0
186.0
137.0
183.0
169.0
145.0
154.0
154.0
145.0
151.0
148.0
158.0
131.0
153.0
199.0
145.0
148.0
128.0
158.0
148.0
140.0
163.0
143.0
142.0
140.0
140.0
138.0
166.0
165.0
143.0
180.0
144.0
150.0
140.0
136.0
158.0
139.0
149.0
144.0
169.0
144.0
149.0
156.0
144.0
138.0
172.0
154.0
157.0
179.0
137.0
159.0
129.0
133.0
146.0
140.0
147.0
135.0
144.0
130.0
162.0
149.0
135.0
158.0
156.0
145.0
137.0
153.0
141.0
141.0
208.0
145.0
153.0
140.0
134.0
143.0
175.0
140.0
177.0
136.0
139.0
181.0
157.0
145.0
161.0
138.0
202.0
156.0
153.0
146.0
238.0
166.0
149.0
149.0
169.0
146.0
140.0
152.0
157.0
157.0
142.0
190.0
158.0
172.0
173.0
147.0
174.0
143.0
133.0
140.0
126.0
144.0
