294.0
249.0
266.0
265.0
212.0
287.0
259.0
254.0
253.0
273.0
258.0
270.0
310.0
282.0
269.0
254.0
265.0
297.0
220.0
277.0
327.0
291.0
255.0
229.0
279.0
283.0
247.0
245.0
296.0
255.0
295.0
322.0
272.0
251.0
255.0
260.0
264.0
291.0
257.0
266.0
274.0
240.0
230.0
233.0
288.0
328.0
284.0
289.0
262.0
269.0
279.0
262.0
272.0
234.0
253.0
244.0
273.0
333.0
278.0
252.0
265.0
306.0
278.0
227.0
266.0
267.0
297.0
263.0
242.0
291.0
229.0
307.0
236.0
314.0
294.0
283.0
258.0
270.0
279.0
257.0
255.0
244.0
293.0
253.0
252.0
296.0
314.0
276.0
248.0
357.0
260.0
290.0
238.0
257.0
245.0
240.0
300.0
310.0
255.0
258.0
272.0
286.0
261.0
284.0
232.0
297.0
266.0
259.0
295.0
283.0
268.0
245.0
241.0
250.0
276.0
254.0
255.0
305.0
247.0
282.0
248.0
327.0
268.0
271.0
312.0
283.0
236.0
274.0
321.0
280.0
283.0
250.0
257.0
249.0
275.0
287.0
275.0
276.0
248.0
254.0
279.0
291.0
253.0
272.0
240.0
285.0
243.0
261.0
243.0
230.0
278.0
229.0
260.0
268.0
303.0
254.0
256.0
294.0
277.0
255.0
311.0
239.0
228.0
268.0
282.0
247.0
228.0
273.0
297.0
277.0
285.0
262.0
255.0
287.0
302.0
261.0
245.0
244.0
270.0
264.0
315.0
291.0
259.0
322.0
273.0
321.0
267.0
237.0
382.0
267.0
251.0
273.0
303.0
256.0
257.0
330.0
258.0
277.0
261.0
248.0
