133.0
132.0
175.0
166.0
160.0
154.0
143.0
131.0
163.0
152.0
143.0
169.0
156.0
157.0
129.0
134.0
178.0
173.0
156.0
144.0
211.0
148.0
149.0
150.0
175.0
132.0
145.0
170.0
200.0
136.0
149.0
150.0
163.0
161.0
161.0
157.0
151.0
146.0
137.0
163.0
154.0
157.0
169.0
176.0
153.0
161.0
141.0
240.0
157.0
188.0
210.0
170.0
148.0
157.0
184.0
159.0
156.0
146.0
160.0
155.0
157.0
224.0
195.0
193.0
242.0
146.0
144.0
172.0
131.0
156.0
156.0
157.0
138.0
154.0
170.0
160.0
173.0
174.0
149.0
221.0
129.0
176.0
139.0
168.0
177.0
163.0
151.0
142.0
129.0
159.0
136.0
153.0
158.0
139.0
172.0
167.0
166.0
183.0
143.0
133.0
145.0
154.0
143.0
168.0
155.0
169.0
134.0
158.0
143.0
158.0
173.0
135.0
172.0
139.0
127.0
145.0
139.0
225.0
133.0
136.0
164.0
141.0
177.0
143.0
168.0
157.0
161.0
156.0
145.0
180.0
161.0
156.0
152.0
144.0
148.0
153.0
153.0
143.0
143.0
157.0
187.0
312.0
154.0
149.0
153.0
184.0
137.0
176.0
159.0
161.0
145.0
148.0
131.0
151.0
158.0
132.0
152.0
142.0
137.0
183.0
144.0
168.0
134.0
152.0
155.0
155.0
179.0
150.0
164.0
166.0
167.0
163.0
148.0
136.0
141.0
144.0
136.0
179.0
155.0
148.0
166.0
172.0
160.0
136.0
152.0
149.0
194.0
148.0
165.0
144.0
152.0
132.0
159.0
152.0
159.0
147.0
217.0
161.0
143.0
204.0
