184.0
145.0
140.0
224.0
230.0
269.0
185.0
328.0
257.0
224.0
177.0
197.0
228.0
226.0
182.0
207.0
142.0
160.0
185.0
190.0
170.0
205.0
164.0
172.0
181.0
175.0
155.0
175.0
179.0
144.0
182.0
183.0
181.0
177.0
144.0
164.0
176.0
168.0
201.0
166.0
214.0
158.0
166.0
200.0
243.0
191.0
135.0
158.0
212.0
205.0
171.0
177.0
187.0
143.0
184.0
171.0
187.0
179.0
164.0
159.0
152.0
213.0
158.0
202.0
186.0
205.0
235.0
180.0
213.0
155.0
167.0
162.0
159.0
170.0
187.0
148.0
238.0
180.0
164.0
270.0
195.0
192.0
215.0
149.0
144.0
193.0
169.0
189.0
213.0
194.0
139.0
138.0
178.0
210.0
143.0
177.0
184.0
136.0
193.0
178.0
155.0
209.0
166.0
152.0
145.0
169.0
167.0
174.0
168.0
183.0
229.0
198.0
149.0
196.0
159.0
159.0
180.0
184.0
162.0
163.0
146.0
182.0
189.0
179.0
155.0
262.0
184.0
196.0
180.0
209.0
248.0
317.0
221.0
188.0
178.0
198.0
177.0
177.0
216.0
134.0
153.0
147.0
139.0
169.0
233.0
225.0
175.0
152.0
180.0
195.0
186.0
209.0
217.0
165.0
239.0
188.0
168.0
177.0
190.0
156.0
213.0
200.0
171.0
244.0
162.0
191.0
135.0
224.0
178.0
179.0
179.0
302.0
218.0
184.0
199.0
174.0
162.0
135.0
178.0
164.0
197.0
158.0
164.0
222.0
141.0
194.0
214.0
142.0
159.0
192.0
164.0
159.0
202.0
154.0
203.0
161.0
234.0
212.0
247.0
144.0
