170.0
169.0
149.0
139.0
187.0
164.0
229.0
128.0
147.0
139.0
189.0
151.0
158.0
138.0
152.0
155.0
137.0
149.0
142.0
163.0
143.0
143.0
213.0
147.0
167.0
162.0
204.0
159.0
183.0
176.0
202.0
255.0
146.0
166.0
150.0
143.0
134.0
178.0
202.0
260.0
148.0
196.0
155.0
144.0
155.0
190.0
155.0
156.0
198.0
164.0
191.0
180.0
135.0
159.0
160.0
170.0
162.0
154.0
167.0
236.0
141.0
192.0
155.0
156.0
182.0
130.0
177.0
141.0
188.0
163.0
178.0
169.0
191.0
174.0
137.0
151.0
174.0
208.0
180.0
153.0
146.0
146.0
148.0
142.0
150.0
158.0
204.0
179.0
149.0
131.0
147.0
167.0
160.0
166.0
178.0
173.0
218.0
161.0
166.0
150.0
173.0
142.0
137.0
171.0
166.0
158.0
179.0
147.0
149.0
138.0
157.0
143.0
163.0
168.0
134.0
195.0
151.0
146.0
145.0
199.0
163.0
152.0
137.0
138.0
148.0
146.0
144.0
152.0
163.0
149.0
153.0
153.0
190.0
199.0
177.0
177.0
158.0
187.0
206.0
158.0
160.0
180.0
154.0
164.0
154.0
157.0
177.0
166.0
179.0
169.0
169.0
161.0
141.0
177.0
191.0
178.0
159.0
182.0
190.0
219.0
175.0
165.0
137.0
148.0
246.0
195.0
166.0
268.0
151.0
162.0
168.0
142.0
166.0
140.0
163.0
158.0
210.0
137.0
171.0
151.0
142.0
212.0
164.0
127.0
194.0
209.0
186.0
168.0
144.0
172.0
143.0
151.0
155.0
139.0
177.0
152.0
178.0
145.0
143.0
179.0
