174.0
172.0
183.0
150.0
162.0
150.0
256.0
187.0
147.0
162.0
177.0
146.0
173.0
180.0
184.0
172.0
198.0
192.0
152.0
184.0
151.0
152.0
164.0
144.0
156.0
138.0
159.0
323.0
219.0
168.0
168.0
186.0
160.0
191.0
178.0
174.0
204.0
151.0
148.0
196.0
193.0
160.0
289.0
171.0
165.0
170.0
193.0
194.0
144.0
149.0
165.0
184.0
144.0
177.0
200.0
167.0
161.0
171.0
176.0
164.0
138.0
160.0
184.0
177.0
196.0
172.0
160.0
150.0
221.0
152.0
209.0
187.0
172.0
165.0
153.0
159.0
160.0
146.0
173.0
228.0
212.0
213.0
218.0
181.0
178.0
191.0
186.0
165.0
304.0
186.0
178.0
216.0
166.0
193.0
193.0
183.0
176.0
187.0
159.0
201.0
155.0
170.0
176.0
198.0
157.0
152.0
167.0
231.0
249.0
240.0
177.0
139.0
130.0
187.0
183.0
203.0
190.0
170.0
256.0
261.0
151.0
164.0
171.0
175.0
186.0
173.0
179.0
152.0
156.0
193.0
189.0
206.0
179.0
212.0
181.0
161.0
169.0
204.0
182.0
152.0
177.0
189.0
232.0
157.0
170.0
154.0
157.0
186.0
284.0
227.0
181.0
172.0
148.0
253.0
133.0
228.0
153.0
162.0
169.0
159.0
190.0
136.0
187.0
330.0
250.0
193.0
181.0
166.0
242.0
194.0
183.0
215.0
168.0
153.0
143.0
192.0
192.0
177.0
158.0
177.0
213.0
164.0
156.0
192.0
236.0
147.0
192.0
214.0
145.0
188.0
152.0
145.0
145.0
147.0
191.0
159.0
146.0
178.0
191.0
169.0
