235.0
340.0
291.0
262.0
294.0
278.0
263.0
325.0
250.0
268.0
236.0
277.0
314.0
265.0
245.0
265.0
248.0
251.0
266.0
261.0
325.0
245.0
254.0
246.0
269.0
253.0
260.0
290.0
278.0
329.0
307.0
291.0
293.0
275.0
258.0
255.0
299.0
254.0
289.0
309.0
248.0
280.0
246.0
268.0
275.0
264.0
275.0
287.0
252.0
267.0
263.0
279.0
307.0
274.0
261.0
309.0
289.0
241.0
269.0
239.0
239.0
271.0
284.0
265.0
304.0
276.0
308.0
241.0
313.0
287.0
255.0
273.0
240.0
265.0
272.0
278.0
307.0
280.0
272.0
248.0
286.0
255.0
237.0
313.0
296.0
249.0
315.0
299.0
308.0
245.0
452.0
264.0
256.0
303.0
284.0
311.0
242.0
258.0
259.0
400.0
249.0
268.0
260.0
275.0
261.0
250.0
285.0
229.0
322.0
288.0
318.0
282.0
322.0
266.0
306.0
242.0
298.0
257.0
241.0
284.0
265.0
301.0
261.0
266.0
245.0
272.0
268.0
305.0
289.0
308.0
368.0
302.0
257.0
271.0
275.0
264.0
283.0
222.0
249.0
282.0
269.0
287.0
300.0
263.0
274.0
277.0
267.0
270.0
302.0
267.0
256.0
232.0
326.0
290.0
259.0
266.0
245.0
311.0
266.0
291.0
264.0
316.0
276.0
304.0
239.0
300.0
266.0
254.0
295.0
303.0
269.0
286.0
277.0
298.0
255.0
366.0
304.0
265.0
249.0
261.0
245.0
239.0
264.0
248.0
278.0
248.0
250.0
278.0
261.0
251.0
275.0
287.0
250.0
246.0
248.0
269.0
269.0
269.0
289.0
257.0
