240.0
245.0
211.0
245.0
178.0
196.0
197.0
159.0
210.0
204.0
169.0
205.0
181.0
202.0
181.0
181.0
172.0
160.0
160.0
215.0
162.0
198.0
145.0
194.0
247.0
232.0
183.0
182.0
178.0
251.0
204.0
158.0
189.0
152.0
196.0
169.0
191.0
211.0
184.0
203.0
261.0
220.0
194.0
280.0
185.0
197.0
166.0
195.0
171.0
315.0
349.0
315.0
365.0
366.0
278.0
242.0
176.0
141.0
213.0
180.0
176.0
165.0
186.0
183.0
180.0
171.0
202.0
212.0
191.0
193.0
161.0
149.0
325.0
240.0
241.0
197.0
209.0
164.0
201.0
200.0
172.0
167.0
198.0
160.0
211.0
163.0
168.0
174.0
250.0
187.0
231.0
266.0
337.0
280.0
242.0
316.0
241.0
206.0
179.0
220.0
145.0
161.0
205.0
190.0
205.0
188.0
168.0
201.0
215.0
215.0
229.0
188.0
314.0
286.0
252.0
223.0
217.0
149.0
172.0
212.0
200.0
232.0
250.0
176.0
209.0
238.0
184.0
190.0
228.0
211.0
192.0
227.0
213.0
164.0
198.0
186.0
226.0
247.0
241.0
181.0
233.0
162.0
210.0
220.0
159.0
175.0
208.0
238.0
179.0
217.0
174.0
208.0
248.0
204.0
222.0
169.0
161.0
173.0
193.0
187.0
213.0
203.0
180.0
174.0
205.0
188.0
211.0
159.0
187.0
154.0
207.0
187.0
168.0
239.0
183.0
165.0
201.0
227.0
178.0
179.0
198.0
167.0
205.0
195.0
181.0
203.0
177.0
168.0
194.0
145.0
199.0
242.0
206.0
214.0
235.0
246.0
256.0
178.0
179.0
169.0
