132.0
165.0
182.0
154.0
144.0
166.0
169.0
138.0
140.0
140.0
172.0
180.0
150.0
146.0
127.0
206.0
152.0
177.0
163.0
153.0
161.0
136.0
191.0
151.0
171.0
159.0
143.0
176.0
147.0
163.0
143.0
228.0
145.0
130.0
179.0
156.0
142.0
149.0
274.0
141.0
156.0
146.0
146.0
160.0
158.0
148.0
154.0
131.0
152.0
143.0
164.0
190.0
143.0
152.0
159.0
134.0
136.0
143.0
163.0
223.0
145.0
259.0
156.0
154.0
166.0
142.0
152.0
163.0
153.0
169.0
158.0
133.0
178.0
165.0
144.0
154.0
158.0
161.0
145.0
180.0
145.0
199.0
145.0
184.0
137.0
179.0
141.0
135.0
167.0
156.0
140.0
145.0
162.0
146.0
151.0
143.0
189.0
158.0
144.0
135.0
173.0
173.0
188.0
181.0
158.0
134.0
155.0
200.0
160.0
137.0
174.0
180.0
151.0
167.0
153.0
154.0
149.0
194.0
143.0
173.0
154.0
166.0
146.0
140.0
181.0
140.0
145.0
132.0
140.0
131.0
210.0
157.0
175.0
171.0
204.0
150.0
161.0
141.0
165.0
181.0
160.0
153.0
183.0
155.0
146.0
154.0
145.0
138.0
161.0
155.0
157.0
158.0
190.0
155.0
152.0
152.0
178.0
163.0
140.0
132.0
128.0
167.0
149.0
170.0
157.0
164.0
157.0
143.0
188.0
153.0
132.0
182.0
145.0
147.0
165.0
167.0
132.0
153.0
158.0
142.0
160.0
129.0
156.0
186.0
231.0
154.0
156.0
150.0
160.0
160.0
154.0
142.0
172.0
149.0
120.0
193.0
140.0
145.0
169.0
259.0
