259.0
207.0
203.0
280.0
202.0
223.0
287.0
271.0
187.0
165.0
198.0
166.0
245.0
275.0
211.0
174.0
234.0
208.0
273.0
264.0
166.0
233.0
253.0
184.0
193.0
219.0
188.0
254.0
225.0
217.0
252.0
228.0
205.0
264.0
318.0
224.0
179.0
193.0
184.0
317.0
402.0
361.0
395.0
400.0
335.0
370.0
407.0
330.0
332.0
279.0
337.0
254.0
212.0
385.0
359.0
256.0
249.0
236.0
210.0
166.0
181.0
185.0
168.0
226.0
211.0
264.0
289.0
249.0
283.0
251.0
250.0
329.0
249.0
241.0
320.0
215.0
285.0
298.0
350.0
330.0
334.0
334.0
344.0
219.0
253.0
296.0
273.0
228.0
187.0
251.0
184.0
230.0
232.0
242.0
262.0
236.0
170.0
168.0
229.0
192.0
241.0
227.0
214.0
177.0
180.0
194.0
167.0
200.0
223.0
213.0
257.0
248.0
232.0
216.0
200.0
320.0
372.0
406.0
433.0
314.0
364.0
325.0
324.0
305.0
362.0
355.0
298.0
326.0
236.0
192.0
230.0
219.0
241.0
222.0
195.0
200.0
184.0
162.0
190.0
158.0
188.0
245.0
219.0
240.0
214.0
300.0
285.0
282.0
242.0
249.0
209.0
266.0
243.0
227.0
214.0
196.0
195.0
186.0
218.0
218.0
177.0
173.0
176.0
176.0
175.0
165.0
185.0
223.0
177.0
148.0
320.0
303.0
248.0
350.0
350.0
350.0
335.0
487.0
868.0
776.0
734.0
679.0
694.0
659.0
669.0
640.0
443.0
354.0
360.0
300.0
312.0
303.0
337.0
366.0
392.0
348.0
231.0
182.0
239.0
247.0
