192.0
165.0
231.0
203.0
187.0
186.0
239.0
171.0
243.0
153.0
165.0
174.0
168.0
188.0
176.0
191.0
176.0
159.0
162.0
165.0
152.0
165.0
162.0
182.0
211.0
184.0
203.0
166.0
178.0
174.0
184.0
188.0
199.0
170.0
196.0
174.0
171.0
201.0
243.0
209.0
188.0
170.0
221.0
184.0
182.0
189.0
169.0
157.0
163.0
187.0
185.0
169.0
186.0
161.0
326.0
221.0
165.0
168.0
162.0
193.0
240.0
166.0
252.0
291.0
178.0
182.0
172.0
201.0
233.0
162.0
173.0
168.0
157.0
146.0
164.0
185.0
211.0
158.0
163.0
199.0
178.0
144.0
163.0
213.0
256.0
244.0
175.0
163.0
156.0
151.0
215.0
173.0
170.0
157.0
266.0
147.0
180.0
196.0
186.0
160.0
136.0
159.0
184.0
206.0
149.0
170.0
153.0
161.0
153.0
171.0
219.0
177.0
186.0
184.0
172.0
184.0
151.0
171.0
224.0
190.0
306.0
209.0
258.0
177.0
246.0
340.0
213.0
177.0
161.0
159.0
183.0
152.0
171.0
202.0
175.0
165.0
169.0
183.0
157.0
176.0
170.0
277.0
197.0
164.0
161.0
184.0
182.0
223.0
212.0
203.0
168.0
184.0
151.0
161.0
166.0
173.0
228.0
299.0
272.0
136.0
172.0
160.0
177.0
178.0
173.0
170.0
162.0
199.0
149.0
189.0
198.0
163.0
163.0
194.0
158.0
194.0
156.0
169.0
147.0
184.0
158.0
238.0
173.0
217.0
158.0
245.0
175.0
173.0
200.0
201.0
170.0
161.0
202.0
216.0
141.0
173.0
178.0
204.0
166.0
186.0
