261.0
278.0
241.0
274.0
268.0
283.0
233.0
242.0
250.0
227.0
272.0
258.0
267.0
244.0
276.0
243.0
266.0
248.0
266.0
266.0
269.0
243.0
262.0
249.0
236.0
278.0
284.0
250.0
269.0
250.0
259.0
283.0
323.0
276.0
247.0
260.0
274.0
232.0
270.0
255.0
266.0
286.0
264.0
293.0
264.0
275.0
273.0
243.0
277.0
259.0
260.0
271.0
242.0
271.0
247.0
288.0
293.0
295.0
232.0
270.0
277.0
302.0
238.0
270.0
236.0
223.0
232.0
231.0
299.0
310.0
266.0
254.0
234.0
273.0
286.0
289.0
238.0
252.0
271.0
298.0
258.0
251.0
255.0
284.0
302.0
261.0
280.0
265.0
284.0
316.0
243.0
283.0
222.0
270.0
279.0
288.0
243.0
272.0
255.0
240.0
265.0
268.0
228.0
245.0
310.0
301.0
245.0
235.0
226.0
248.0
280.0
299.0
240.0
257.0
242.0
258.0
224.0
260.0
275.0
258.0
257.0
225.0
227.0
248.0
256.0
224.0
271.0
260.0
259.0
237.0
249.0
236.0
291.0
285.0
236.0
237.0
272.0
261.0
280.0
258.0
251.0
287.0
275.0
256.0
271.0
288.0
317.0
271.0
259.0
258.0
257.0
251.0
284.0
277.0
293.0
227.0
232.0
254.0
290.0
242.0
246.0
242.0
213.0
292.0
281.0
279.0
282.0
273.0
271.0
258.0
255.0
226.0
239.0
228.0
235.0
286.0
249.0
286.0
227.0
268.0
222.0
284.0
293.0
265.0
230.0
275.0
232.0
251.0
246.0
247.0
238.0
259.0
261.0
257.0
245.0
333.0
267.0
283.0
262.0
247.0
