266.0
300.0
281.0
270.0
313.0
266.0
314.0
261.0
302.0
253.0
278.0
238.0
269.0
269.0
293.0
296.0
241.0
259.0
298.0
303.0
268.0
253.0
265.0
234.0
273.0
266.0
296.0
267.0
292.0
308.0
274.0
251.0
244.0
265.0
307.0
280.0
275.0
253.0
234.0
310.0
252.0
256.0
246.0
272.0
279.0
290.0
297.0
274.0
266.0
264.0
306.0
300.0
268.0
215.0
251.0
291.0
289.0
255.0
264.0
279.0
290.0
250.0
293.0
269.0
292.0
264.0
336.0
258.0
248.0
321.0
340.0
272.0
284.0
270.0
237.0
307.0
266.0
235.0
313.0
268.0
278.0
273.0
264.0
261.0
269.0
265.0
275.0
270.0
228.0
302.0
247.0
259.0
246.0
263.0
317.0
258.0
278.0
276.0
272.0
274.0
280.0
241.0
244.0
251.0
255.0
310.0
260.0
380.0
249.0
320.0
274.0
259.0
235.0
309.0
255.0
324.0
271.0
306.0
272.0
274.0
265.0
295.0
305.0
245.0
275.0
251.0
282.0
275.0
239.0
268.0
273.0
239.0
253.0
260.0
261.0
315.0
307.0
347.0
272.0
250.0
274.0
244.0
315.0
289.0
338.0
296.0
258.0
304.0
233.0
243.0
253.0
306.0
275.0
266.0
248.0
329.0
285.0
246.0
299.0
249.0
270.0
277.0
270.0
247.0
265.0
248.0
262.0
256.0
248.0
266.0
298.0
298.0
252.0
272.0
294.0
245.0
262.0
255.0
257.0
262.0
283.0
262.0
284.0
263.0
313.0
255.0
284.0
281.0
281.0
296.0
322.0
237.0
244.0
286.0
281.0
301.0
264.0
285.0
274.0
265.0
