246.0
261.0
272.0
247.0
281.0
250.0
279.0
244.0
243.0
316.0
316.0
244.0
281.0
307.0
275.0
312.0
265.0
247.0
245.0
253.0
261.0
257.0
286.0
235.0
271.0
283.0
275.0
251.0
299.0
248.0
244.0
282.0
275.0
263.0
236.0
233.0
273.0
267.0
271.0
240.0
309.0
242.0
261.0
282.0
285.0
260.0
346.0
242.0
235.0
232.0
289.0
239.0
287.0
310.0
289.0
243.0
277.0
275.0
234.0
275.0
279.0
279.0
294.0
262.0
243.0
304.0
238.0
308.0
249.0
260.0
272.0
272.0
249.0
279.0
265.0
255.0
299.0
258.0
240.0
272.0
300.0
267.0
246.0
231.0
298.0
321.0
249.0
251.0
266.0
323.0
316.0
286.0
260.0
275.0
263.0
274.0
288.0
230.0
295.0
244.0
264.0
283.0
275.0
263.0
272.0
320.0
326.0
270.0
268.0
309.0
244.0
259.0
265.0
251.0
275.0
242.0
261.0
235.0
262.0
303.0
297.0
303.0
291.0
237.0
271.0
238.0
258.0
326.0
278.0
237.0
275.0
282.0
301.0
259.0
235.0
239.0
265.0
298.0
266.0
314.0
251.0
381.0
313.0
251.0
244.0
269.0
278.0
259.0
246.0
205.0
314.0
235.0
252.0
290.0
240.0
423.0
251.0
297.0
282.0
309.0
266.0
250.0
246.0
327.0
305.0
262.0
330.0
268.0
266.0
248.0
412.0
274.0
237.0
294.0
313.0
238.0
245.0
236.0
240.0
286.0
262.0
307.0
286.0
305.0
265.0
289.0
311.0
278.0
299.0
288.0
243.0
258.0
272.0
289.0
269.0
325.0
284.0
253.0
242.0
250.0
