162.0
222.0
148.0
154.0
248.0
260.0
182.0
175.0
156.0
215.0
292.0
211.0
175.0
139.0
159.0
162.0
179.0
225.0
168.0
227.0
155.0
177.0
140.0
204.0
233.0
149.0
162.0
197.0
189.0
192.0
147.0
201.0
199.0
203.0
167.0
303.0
371.0
241.0
195.0
171.0
150.0
167.0
195.0
171.0
185.0
177.0
139.0
158.0
175.0
212.0
207.0
166.0
157.0
172.0
147.0
146.0
164.0
167.0
185.0
173.0
167.0
204.0
187.0
169.0
148.0
162.0
176.0
149.0
186.0
155.0
179.0
191.0
196.0
205.0
149.0
181.0
192.0
137.0
188.0
177.0
196.0
168.0
179.0
150.0
197.0
153.0
144.0
172.0
188.0
140.0
153.0
225.0
178.0
162.0
198.0
169.0
212.0
160.0
198.0
173.0
215.0
181.0
201.0
168.0
191.0
174.0
176.0
171.0
161.0
187.0
161.0
160.0
176.0
185.0
173.0
160.0
157.0
178.0
190.0
178.0
186.0
170.0
195.0
178.0
152.0
152.0
212.0
183.0
190.0
172.0
174.0
305.0
164.0
201.0
215.0
239.0
178.0
292.0
196.0
251.0
194.0
165.0
174.0
179.0
151.0
222.0
158.0
199.0
219.0
207.0
205.0
144.0
193.0
201.0
192.0
216.0
166.0
138.0
211.0
188.0
149.0
207.0
139.0
193.0
160.0
157.0
169.0
186.0
152.0
192.0
207.0
226.0
221.0
185.0
143.0
172.0
163.0
165.0
240.0
159.0
201.0
183.0
195.0
172.0
139.0
139.0
220.0
157.0
176.0
150.0
177.0
166.0
236.0
174.0
253.0
216.0
156.0
170.0
155.0
170.0
