250.0
236.0
237.0
298.0
264.0
261.0
231.0
294.0
275.0
233.0
319.0
261.0
241.0
309.0
293.0
246.0
272.0
276.0
280.0
272.0
260.0
249.0
206.0
270.0
231.0
284.0
270.0
240.0
265.0
275.0
220.0
238.0
228.0
257.0
228.0
274.0
283.0
255.0
284.0
225.0
265.0
272.0
271.0
284.0
243.0
240.0
218.0
246.0
333.0
263.0
273.0
291.0
295.0
266.0
296.0
263.0
265.0
246.0
214.0
235.0
304.0
300.0
266.0
263.0
260.0
210.0
257.0
246.0
227.0
246.0
239.0
238.0
265.0
272.0
280.0
228.0
239.0
241.0
264.0
248.0
249.0
276.0
248.0
230.0
289.0
244.0
253.0
248.0
255.0
259.0
261.0
280.0
263.0
236.0
246.0
252.0
263.0
276.0
266.0
256.0
238.0
244.0
238.0
299.0
274.0
274.0
344.0
294.0
299.0
262.0
297.0
244.0
248.0
250.0
281.0
256.0
268.0
228.0
283.0
263.0
276.0
293.0
243.0
267.0
280.0
268.0
253.0
250.0
237.0
238.0
224.0
271.0
249.0
250.0
285.0
228.0
245.0
262.0
214.0
237.0
256.0
268.0
237.0
286.0
250.0
273.0
252.0
270.0
264.0
253.0
275.0
248.0
285.0
296.0
233.0
279.0
277.0
281.0
289.0
250.0
287.0
303.0
249.0
269.0
258.0
250.0
248.0
262.0
284.0
262.0
254.0
253.0
232.0
238.0
264.0
244.0
253.0
330.0
260.0
283.0
280.0
215.0
239.0
289.0
246.0
284.0
221.0
231.0
254.0
233.0
272.0
246.0
294.0
288.0
241.0
318.0
249.0
283.0
297.0
271.0
