179.0
183.0
155.0
145.0
150.0
176.0
138.0
262.0
209.0
170.0
169.0
202.0
155.0
152.0
204.0
157.0
144.0
172.0
179.0
161.0
231.0
145.0
174.0
186.0
249.0
178.0
149.0
161.0
226.0
165.0
169.0
151.0
144.0
173.0
195.0
175.0
161.0
142.0
184.0
235.0
217.0
180.0
141.0
138.0
173.0
154.0
162.0
186.0
249.0
176.0
196.0
211.0
151.0
152.0
174.0
217.0
171.0
156.0
187.0
151.0
198.0
181.0
166.0
212.0
226.0
200.0
181.0
183.0
169.0
166.0
147.0
153.0
165.0
151.0
200.0
150.0
176.0
157.0
182.0
296.0
222.0
164.0
229.0
135.0
163.0
248.0
200.0
186.0
184.0
153.0
176.0
178.0
172.0
145.0
182.0
233.0
173.0
155.0
209.0
180.0
171.0
137.0
175.0
203.0
202.0
162.0
172.0
156.0
199.0
216.0
263.0
195.0
206.0
140.0
172.0
368.0
273.0
250.0
184.0
172.0
193.0
186.0
191.0
168.0
182.0
185.0
144.0
163.0
183.0
190.0
138.0
176.0
181.0
208.0
180.0
158.0
176.0
209.0
153.0
154.0
301.0
270.0
172.0
199.0
143.0
158.0
155.0
154.0
195.0
140.0
158.0
147.0
162.0
172.0
188.0
266.0
141.0
177.0
158.0
142.0
175.0
260.0
221.0
191.0
164.0
173.0
159.0
186.0
140.0
171.0
165.0
179.0
158.0
179.0
273.0
152.0
157.0
212.0
204.0
181.0
193.0
222.0
163.0
206.0
215.0
167.0
208.0
148.0
145.0
193.0
155.0
180.0
164.0
154.0
151.0
205.0
234.0
136.0
205.0
153.0
