146.0
143.0
143.0
127.0
152.0
195.0
135.0
146.0
140.0
134.0
143.0
157.0
170.0
165.0
149.0
133.0
157.0
144.0
135.0
128.0
132.0
141.0
132.0
155.0
149.0
139.0
148.0
176.0
172.0
147.0
141.0
147.0
123.0
125.0
168.0
145.0
144.0
132.0
133.0
154.0
126.0
144.0
177.0
146.0
157.0
148.0
137.0
151.0
167.0
159.0
140.0
153.0
169.0
173.0
267.0
174.0
133.0
215.0
138.0
164.0
154.0
135.0
154.0
131.0
145.0
140.0
141.0
135.0
238.0
148.0
150.0
140.0
151.0
156.0
183.0
161.0
166.0
153.0
156.0
171.0
149.0
147.0
135.0
144.0
148.0
152.0
140.0
164.0
147.0
146.0
153.0
143.0
152.0
152.0
146.0
144.0
145.0
135.0
147.0
138.0
176.0
147.0
146.0
133.0
158.0
139.0
139.0
160.0
130.0
170.0
243.0
146.0
133.0
158.0
127.0
172.0
142.0
208.0
197.0
243.0
211.0
135.0
201.0
131.0
129.0
144.0
167.0
154.0
139.0
158.0
174.0
149.0
157.0
160.0
157.0
141.0
130.0
133.0
122.0
132.0
169.0
161.0
125.0
144.0
219.0
141.0
123.0
134.0
144.0
193.0
155.0
146.0
167.0
140.0
144.0
141.0
135.0
163.0
154.0
140.0
149.0
160.0
143.0
134.0
149.0
144.0
166.0
134.0
169.0
156.0
152.0
146.0
165.0
145.0
134.0
141.0
147.0
144.0
164.0
148.0
151.0
164.0
144.0
152.0
149.0
177.0
149.0
163.0
154.0
158.0
144.0
146.0
143.0
186.0
131.0
166.0
159.0
145.0
161.0
140.0
