157.0
139.0
158.0
171.0
151.0
172.0
143.0
182.0
182.0
172.0
145.0
189.0
190.0
182.0
213.0
241.0
165.0
176.0
152.0
186.0
259.0
170.0
211.0
146.0
130.0
158.0
156.0
143.0
147.0
184.0
180.0
235.0
232.0
191.0
296.0
164.0
143.0
166.0
158.0
159.0
146.0
171.0
144.0
169.0
243.0
162.0
156.0
139.0
206.0
233.0
156.0
146.0
174.0
170.0
190.0
417.0
175.0
167.0
136.0
189.0
197.0
144.0
198.0
178.0
164.0
178.0
215.0
174.0
163.0
143.0
160.0
149.0
146.0
162.0
164.0
153.0
150.0
193.0
164.0
164.0
162.0
160.0
171.0
167.0
194.0
190.0
135.0
189.0
149.0
161.0
156.0
243.0
182.0
198.0
164.0
160.0
155.0
155.0
149.0
151.0
142.0
192.0
178.0
199.0
191.0
172.0
176.0
156.0
178.0
195.0
207.0
236.0
220.0
187.0
153.0
139.0
159.0
142.0
173.0
176.0
174.0
147.0
177.0
145.0
165.0
158.0
166.0
236.0
164.0
175.0
136.0
162.0
185.0
159.0
157.0
142.0
148.0
177.0
146.0
163.0
176.0
165.0
205.0
177.0
149.0
170.0
161.0
173.0
153.0
203.0
155.0
144.0
167.0
319.0
193.0
205.0
170.0
177.0
153.0
166.0
166.0
169.0
145.0
185.0
176.0
162.0
146.0
201.0
160.0
167.0
152.0
179.0
157.0
169.0
158.0
155.0
151.0
183.0
182.0
184.0
194.0
193.0
187.0
148.0
215.0
147.0
178.0
160.0
155.0
182.0
155.0
156.0
191.0
206.0
174.0
224.0
155.0
211.0
163.0
171.0
