240.0
264.0
252.0
271.0
271.0
307.0
290.0
281.0
288.0
277.0
247.0
291.0
256.0
300.0
273.0
331.0
263.0
309.0
275.0
251.0
270.0
236.0
303.0
231.0
241.0
312.0
267.0
268.0
265.0
275.0
357.0
270.0
334.0
296.0
242.0
245.0
274.0
281.0
278.0
265.0
262.0
264.0
268.0
278.0
286.0
286.0
254.0
277.0
290.0
270.0
266.0
362.0
267.0
248.0
275.0
273.0
272.0
286.0
294.0
262.0
272.0
282.0
238.0
354.0
248.0
289.0
292.0
311.0
306.0
297.0
246.0
317.0
244.0
279.0
249.0
284.0
329.0
281.0
257.0
251.0
258.0
304.0
254.0
284.0
255.0
293.0
301.0
262.0
256.0
230.0
261.0
281.0
271.0
270.0
269.0
257.0
278.0
289.0
340.0
276.0
264.0
256.0
287.0
248.0
295.0
310.0
285.0
240.0
289.0
239.0
321.0
296.0
255.0
266.0
302.0
245.0
285.0
243.0
256.0
294.0
235.0
276.0
290.0
264.0
270.0
269.0
239.0
327.0
260.0
232.0
239.0
268.0
274.0
271.0
251.0
266.0
275.0
261.0
283.0
304.0
275.0
237.0
281.0
284.0
211.0
291.0
285.0
331.0
287.0
229.0
283.0
296.0
244.0
256.0
242.0
252.0
277.0
303.0
328.0
275.0
275.0
242.0
237.0
269.0
224.0
281.0
297.0
291.0
235.0
270.0
313.0
285.0
217.0
271.0
375.0
248.0
258.0
270.0
270.0
269.0
259.0
298.0
262.0
254.0
292.0
283.0
235.0
245.0
258.0
252.0
269.0
263.0
295.0
269.0
234.0
426.0
223.0
289.0
246.0
270.0
