158.0
172.0
163.0
155.0
153.0
192.0
147.0
180.0
155.0
134.0
149.0
145.0
150.0
167.0
162.0
227.0
148.0
171.0
157.0
189.0
169.0
148.0
189.0
150.0
166.0
159.0
172.0
148.0
176.0
169.0
177.0
161.0
185.0
179.0
142.0
276.0
169.0
160.0
155.0
141.0
146.0
157.0
148.0
133.0
171.0
190.0
150.0
144.0
239.0
155.0
144.0
146.0
161.0
272.0
168.0
138.0
148.0
140.0
204.0
161.0
143.0
148.0
172.0
162.0
150.0
134.0
160.0
168.0
140.0
159.0
156.0
173.0
154.0
143.0
146.0
155.0
150.0
150.0
147.0
158.0
222.0
209.0
262.0
166.0
166.0
159.0
160.0
159.0
160.0
160.0
172.0
212.0
170.0
205.0
177.0
162.0
144.0
169.0
164.0
164.0
148.0
158.0
144.0
138.0
144.0
150.0
162.0
156.0
161.0
155.0
182.0
159.0
146.0
146.0
160.0
157.0
167.0
177.0
172.0
230.0
183.0
153.0
155.0
139.0
175.0
164.0
172.0
193.0
275.0
190.0
156.0
126.0
168.0
168.0
161.0
156.0
166.0
150.0
153.0
193.0
186.0
199.0
162.0
186.0
155.0
156.0
192.0
143.0
169.0
158.0
160.0
180.0
177.0
168.0
184.0
156.0
157.0
160.0
199.0
177.0
134.0
142.0
198.0
173.0
148.0
136.0
169.0
150.0
171.0
147.0
172.0
145.0
197.0
169.0
157.0
149.0
155.0
183.0
183.0
171.0
170.0
157.0
138.0
163.0
144.0
163.0
165.0
131.0
162.0
145.0
145.0
162.0
140.0
180.0
167.0
176.0
207.0
197.0
234.0
176.0
