373.0
513.0
588.0
706.0
737.0
717.0
923.0
847.0
663.0
803.0
753.0
812.0
803.0
780.0
793.0
786.0
761.0
802.0
955.0
830.0
824.0
973.0
751.0
817.0
788.0
805.0
762.0
1024.0
886.0
732.0
750.0
846.0
809.0
805.0
728.0
833.0
856.0
984.0
881.0
698.0
796.0
722.0
774.0
736.0
776.0
785.0
855.0
750.0
782.0
862.0
925.0
815.0
933.0
678.0
1068.0
921.0
817.0
873.0
837.0
675.0
849.0
834.0
855.0
764.0
753.0
1036.0
864.0
865.0
706.0
797.0
878.0
964.0
912.0
826.0
825.0
893.0
832.0
1008.0
914.0
756.0
812.0
788.0
772.0
858.0
779.0
826.0
759.0
711.0
682.0
805.0
843.0
873.0
799.0
842.0
877.0
756.0
747.0
711.0
866.0
767.0
949.0
859.0
861.0
779.0
762.0
799.0
805.0
938.0
904.0
910.0
751.0
765.0
726.0
798.0
819.0
829.0
843.0
845.0
833.0
771.0
839.0
717.0
742.0
802.0
796.0
1021.0
805.0
800.0
828.0
787.0
962.0
768.0
773.0
733.0
804.0
825.0
792.0
826.0
807.0
831.0
857.0
813.0
822.0
773.0
699.0
882.0
929.0
823.0
810.0
791.0
731.0
772.0
706.0
718.0
847.0
760.0
892.0
818.0
822.0
775.0
728.0
845.0
752.0
821.0
807.0
652.0
749.0
816.0
772.0
816.0
761.0
854.0
855.0
709.0
908.0
756.0
720.0
696.0
769.0
758.0
754.0
806.0
863.0
813.0
784.0
1043.0
883.0
723.0
936.0
821.0
860.0
785.0
845.0
732.0
752.0
806.0
854.0
661.0
850.0
884.0
