392.0
434.0
398.0
446.0
401.0
357.0
335.0
321.0
269.0
218.0
183.0
462.0
591.0
577.0
560.0
458.0
455.0
467.0
388.0
410.0
373.0
397.0
485.0
450.0
395.0
319.0
277.0
267.0
266.0
267.0
294.0
275.0
272.0
294.0
390.0
443.0
377.0
397.0
414.0
360.0
306.0
333.0
297.0
364.0
387.0
399.0
477.0
552.0
554.0
622.0
724.0
741.0
780.0
795.0
740.0
678.0
754.0
639.0
639.0
687.0
676.0
752.0
761.0
784.0
821.0
701.0
826.0
738.0
707.0
657.0
737.0
713.0
693.0
709.0
648.0
682.0
675.0
674.0
744.0
696.0
734.0
652.0
697.0
797.0
718.0
888.0
871.0
779.0
847.0
695.0
811.0
736.0
737.0
836.0
928.0
909.0
923.0
791.0
812.0
736.0
748.0
758.0
822.0
710.0
771.0
788.0
841.0
784.0
736.0
703.0
806.0
772.0
835.0
683.0
626.0
662.0
672.0
594.0
588.0
609.0
526.0
501.0
554.0
565.0
563.0
551.0
449.0
414.0
573.0
746.0
700.0
590.0
610.0
569.0
505.0
478.0
343.0
356.0
409.0
373.0
390.0
383.0
456.0
429.0
448.0
539.0
585.0
633.0
584.0
546.0
722.0
571.0
683.0
706.0
588.0
760.0
840.0
908.0
846.0
767.0
815.0
729.0
891.0
716.0
698.0
1012.0
773.0
874.0
801.0
828.0
762.0
838.0
725.0
829.0
818.0
759.0
715.0
766.0
756.0
773.0
950.0
880.0
917.0
732.0
737.0
732.0
839.0
775.0
800.0
766.0
801.0
773.0
846.0
704.0
704.0
851.0
976.0
1120.0
859.0
681.0
