235.0
252.0
218.0
232.0
212.0
252.0
255.0
221.0
256.0
218.0
292.0
237.0
237.0
285.0
240.0
263.0
237.0
258.0
266.0
225.0
365.0
229.0
263.0
258.0
337.0
265.0
273.0
258.0
239.0
294.0
220.0
259.0
247.0
236.0
273.0
300.0
232.0
241.0
253.0
241.0
243.0
244.0
276.0
262.0
225.0
245.0
288.0
220.0
276.0
234.0
280.0
295.0
252.0
224.0
261.0
286.0
276.0
272.0
284.0
253.0
246.0
258.0
243.0
268.0
218.0
283.0
211.0
256.0
303.0
254.0
230.0
226.0
260.0
286.0
259.0
322.0
228.0
298.0
271.0
258.0
283.0
230.0
226.0
248.0
288.0
256.0
288.0
227.0
217.0
268.0
260.0
254.0
265.0
280.0
279.0
252.0
241.0
276.0
263.0
246.0
283.0
235.0
288.0
273.0
277.0
282.0
237.0
239.0
277.0
262.0
355.0
282.0
236.0
234.0
246.0
267.0
298.0
226.0
253.0
232.0
292.0
379.0
254.0
260.0
293.0
239.0
251.0
296.0
277.0
238.0
258.0
285.0
221.0
251.0
254.0
273.0
250.0
292.0
252.0
242.0
315.0
266.0
288.0
267.0
289.0
274.0
241.0
242.0
243.0
230.0
224.0
232.0
247.0
229.0
266.0
246.0
288.0
247.0
237.0
258.0
251.0
233.0
230.0
246.0
251.0
221.0
241.0
279.0
224.0
287.0
279.0
238.0
279.0
242.0
227.0
255.0
240.0
278.0
285.0
274.0
276.0
235.0
269.0
250.0
306.0
262.0
239.0
303.0
249.0
236.0
221.0
233.0
258.0
272.0
251.0
258.0
264.0
260.0
292.0
264.0
