187.0
141.0
144.0
129.0
151.0
127.0
129.0
168.0
129.0
134.0
142.0
153.0
156.0
156.0
142.0
142.0
134.0
148.0
146.0
157.0
142.0
140.0
159.0
178.0
151.0
165.0
153.0
150.0
148.0
151.0
148.0
132.0
125.0
145.0
143.0
142.0
175.0
179.0
125.0
131.0
160.0
169.0
154.0
148.0
142.0
134.0
151.0
137.0
153.0
163.0
175.0
161.0
165.0
133.0
143.0
179.0
141.0
146.0
135.0
134.0
138.0
132.0
151.0
141.0
166.0
143.0
150.0
152.0
131.0
150.0
162.0
146.0
137.0
155.0
150.0
136.0
147.0
150.0
145.0
147.0
153.0
143.0
133.0
126.0
130.0
136.0
122.0
148.0
133.0
151.0
143.0
141.0
146.0
143.0
132.0
146.0
158.0
136.0
135.0
150.0
160.0
146.0
145.0
156.0
157.0
137.0
145.0
143.0
149.0
143.0
192.0
146.0
149.0
164.0
149.0
130.0
166.0
139.0
177.0
241.0
189.0
175.0
170.0
135.0
234.0
137.0
144.0
139.0
163.0
182.0
147.0
133.0
150.0
173.0
145.0
141.0
160.0
149.0
133.0
149.0
134.0
171.0
127.0
147.0
161.0
154.0
135.0
165.0
135.0
156.0
138.0
167.0
150.0
171.0
124.0
151.0
165.0
131.0
142.0
140.0
143.0
166.0
153.0
139.0
145.0
151.0
144.0
139.0
151.0
166.0
154.0
137.0
138.0
141.0
174.0
140.0
127.0
140.0
147.0
152.0
133.0
148.0
142.0
142.0
163.0
202.0
147.0
180.0
179.0
141.0
166.0
137.0
177.0
148.0
138.0
159.0
178.0
139.0
145.0
160.0
