176.0
224.0
232.0
306.0
239.0
230.0
220.0
182.0
240.0
280.0
257.0
209.0
190.0
174.0
181.0
171.0
203.0
191.0
218.0
231.0
281.0
240.0
229.0
225.0
197.0
182.0
161.0
172.0
176.0
162.0
155.0
174.0
152.0
156.0
208.0
326.0
377.0
443.0
307.0
220.0
194.0
214.0
219.0
199.0
166.0
273.0
346.0
325.0
269.0
267.0
171.0
173.0
193.0
167.0
192.0
197.0
163.0
249.0
237.0
213.0
170.0
188.0
211.0
208.0
179.0
204.0
201.0
159.0
223.0
245.0
221.0
227.0
164.0
268.0
201.0
179.0
138.0
327.0
267.0
245.0
229.0
199.0
192.0
174.0
278.0
214.0
193.0
219.0
255.0
233.0
169.0
173.0
183.0
219.0
162.0
247.0
221.0
182.0
240.0
227.0
160.0
193.0
172.0
179.0
177.0
165.0
214.0
173.0
163.0
177.0
162.0
222.0
180.0
173.0
182.0
236.0
225.0
172.0
230.0
202.0
177.0
137.0
157.0
256.0
216.0
147.0
213.0
200.0
167.0
153.0
204.0
236.0
191.0
189.0
168.0
172.0
182.0
166.0
205.0
275.0
238.0
213.0
244.0
242.0
154.0
177.0
195.0
181.0
165.0
173.0
205.0
167.0
197.0
213.0
426.0
397.0
380.0
304.0
313.0
323.0
335.0
321.0
305.0
244.0
201.0
157.0
160.0
163.0
170.0
211.0
197.0
240.0
155.0
166.0
214.0
212.0
165.0
192.0
148.0
247.0
265.0
210.0
167.0
181.0
153.0
139.0
202.0
198.0
194.0
173.0
193.0
154.0
166.0
188.0
200.0
173.0
203.0
167.0
197.0
235.0
