283.0
283.0
219.0
246.0
245.0
268.0
252.0
255.0
275.0
241.0
255.0
251.0
241.0
263.0
255.0
258.0
277.0
243.0
301.0
346.0
264.0
262.0
296.0
278.0
234.0
248.0
289.0
253.0
308.0
242.0
216.0
282.0
278.0
241.0
268.0
261.0
273.0
237.0
278.0
263.0
287.0
238.0
304.0
243.0
285.0
234.0
276.0
274.0
297.0
273.0
234.0
313.0
241.0
257.0
278.0
326.0
256.0
270.0
261.0
265.0
290.0
301.0
287.0
279.0
253.0
275.0
284.0
263.0
287.0
234.0
244.0
259.0
339.0
308.0
277.0
246.0
240.0
254.0
268.0
293.0
309.0
315.0
315.0
297.0
232.0
254.0
262.0
287.0
250.0
243.0
309.0
243.0
253.0
248.0
259.0
310.0
262.0
231.0
267.0
342.0
281.0
293.0
267.0
285.0
250.0
258.0
271.0
280.0
223.0
259.0
310.0
287.0
273.0
257.0
292.0
265.0
279.0
233.0
341.0
270.0
247.0
317.0
231.0
256.0
228.0
339.0
233.0
276.0
307.0
265.0
268.0
257.0
329.0
266.0
297.0
228.0
253.0
259.0
277.0
253.0
260.0
279.0
258.0
236.0
272.0
280.0
241.0
276.0
248.0
258.0
236.0
254.0
311.0
286.0
224.0
274.0
267.0
274.0
239.0
241.0
451.0
270.0
218.0
265.0
352.0
275.0
323.0
241.0
275.0
247.0
264.0
286.0
264.0
302.0
256.0
250.0
323.0
281.0
326.0
289.0
296.0
277.0
269.0
260.0
308.0
281.0
302.0
276.0
338.0
259.0
294.0
320.0
261.0
287.0
328.0
254.0
239.0
334.0
323.0
224.0
