189.0
145.0
162.0
144.0
166.0
156.0
264.0
188.0
177.0
147.0
193.0
178.0
232.0
187.0
172.0
159.0
171.0
224.0
148.0
172.0
181.0
170.0
177.0
137.0
173.0
149.0
157.0
168.0
175.0
230.0
180.0
163.0
210.0
150.0
176.0
158.0
178.0
190.0
423.0
210.0
192.0
150.0
186.0
157.0
222.0
165.0
219.0
150.0
148.0
170.0
157.0
188.0
157.0
182.0
153.0
159.0
191.0
162.0
154.0
192.0
208.0
163.0
185.0
165.0
314.0
242.0
154.0
175.0
163.0
181.0
133.0
238.0
173.0
311.0
198.0
183.0
160.0
211.0
154.0
152.0
192.0
205.0
168.0
163.0
170.0
200.0
162.0
248.0
202.0
189.0
161.0
174.0
165.0
181.0
202.0
152.0
166.0
278.0
208.0
206.0
160.0
169.0
155.0
173.0
230.0
158.0
153.0
201.0
211.0
198.0
164.0
167.0
153.0
157.0
203.0
181.0
152.0
174.0
217.0
164.0
150.0
161.0
177.0
251.0
167.0
182.0
171.0
213.0
306.0
152.0
145.0
155.0
241.0
172.0
186.0
153.0
202.0
217.0
163.0
184.0
300.0
201.0
176.0
149.0
160.0
172.0
228.0
162.0
204.0
189.0
190.0
256.0
151.0
255.0
193.0
190.0
155.0
142.0
190.0
207.0
191.0
244.0
164.0
187.0
214.0
155.0
145.0
150.0
187.0
192.0
182.0
178.0
137.0
282.0
167.0
190.0
153.0
185.0
167.0
147.0
149.0
188.0
205.0
276.0
175.0
181.0
201.0
186.0
160.0
180.0
191.0
136.0
204.0
180.0
179.0
153.0
142.0
173.0
157.0
164.0
