298.0
295.0
206.0
168.0
149.0
182.0
212.0
185.0
172.0
153.0
215.0
202.0
191.0
167.0
333.0
253.0
160.0
198.0
164.0
248.0
162.0
159.0
188.0
244.0
247.0
190.0
237.0
194.0
156.0
174.0
206.0
183.0
166.0
299.0
206.0
162.0
288.0
162.0
210.0
179.0
186.0
224.0
227.0
156.0
191.0
212.0
188.0
196.0
162.0
185.0
182.0
150.0
201.0
182.0
209.0
194.0
305.0
248.0
315.0
261.0
210.0
217.0
152.0
199.0
166.0
181.0
227.0
176.0
239.0
163.0
182.0
237.0
162.0
178.0
196.0
154.0
203.0
186.0
264.0
166.0
205.0
177.0
193.0
179.0
212.0
149.0
195.0
206.0
210.0
165.0
173.0
159.0
190.0
178.0
161.0
161.0
166.0
243.0
164.0
160.0
191.0
216.0
151.0
219.0
250.0
221.0
180.0
147.0
194.0
238.0
190.0
164.0
176.0
133.0
188.0
199.0
201.0
319.0
214.0
177.0
264.0
166.0
200.0
184.0
196.0
174.0
198.0
176.0
161.0
208.0
197.0
184.0
193.0
166.0
182.0
244.0
184.0
229.0
165.0
169.0
178.0
164.0
157.0
173.0
179.0
215.0
142.0
177.0
202.0
155.0
164.0
173.0
171.0
175.0
171.0
191.0
159.0
228.0
214.0
167.0
147.0
192.0
189.0
161.0
259.0
178.0
219.0
184.0
158.0
198.0
168.0
195.0
167.0
151.0
227.0
213.0
310.0
165.0
193.0
148.0
213.0
188.0
158.0
193.0
159.0
174.0
252.0
269.0
243.0
215.0
185.0
222.0
290.0
266.0
223.0
271.0
254.0
195.0
206.0
209.0
