378.0
403.0
440.0
595.0
545.0
662.0
729.0
722.0
764.0
707.0
640.0
857.0
753.0
836.0
760.0
812.0
879.0
740.0
686.0
839.0
807.0
785.0
801.0
821.0
865.0
902.0
843.0
786.0
873.0
905.0
860.0
904.0
814.0
670.0
814.0
838.0
788.0
774.0
1036.0
871.0
784.0
899.0
736.0
787.0
801.0
810.0
772.0
730.0
821.0
741.0
859.0
714.0
711.0
791.0
747.0
759.0
923.0
890.0
732.0
722.0
660.0
855.0
881.0
841.0
810.0
756.0
874.0
777.0
901.0
808.0
870.0
875.0
815.0
832.0
697.0
731.0
892.0
770.0
817.0
687.0
832.0
880.0
875.0
755.0
715.0
707.0
887.0
898.0
824.0
850.0
798.0
830.0
931.0
758.0
850.0
709.0
725.0
802.0
772.0
755.0
855.0
874.0
801.0
854.0
774.0
740.0
751.0
842.0
788.0
713.0
781.0
704.0
719.0
798.0
812.0
827.0
859.0
651.0
868.0
797.0
685.0
664.0
884.0
812.0
860.0
798.0
867.0
858.0
855.0
871.0
901.0
841.0
804.0
764.0
742.0
803.0
858.0
881.0
755.0
790.0
763.0
699.0
793.0
943.0
781.0
877.0
791.0
655.0
690.0
845.0
914.0
773.0
923.0
822.0
877.0
862.0
778.0
780.0
727.0
701.0
769.0
900.0
974.0
863.0
728.0
669.0
844.0
767.0
799.0
787.0
733.0
877.0
927.0
727.0
749.0
818.0
783.0
778.0
752.0
791.0
839.0
1021.0
876.0
832.0
864.0
860.0
849.0
838.0
985.0
857.0
816.0
897.0
785.0
821.0
897.0
833.0
853.0
908.0
864.0
936.0
