250.0
249.0
271.0
248.0
256.0
256.0
250.0
242.0
240.0
286.0
235.0
257.0
249.0
223.0
240.0
230.0
228.0
227.0
267.0
229.0
243.0
260.0
249.0
238.0
276.0
256.0
272.0
261.0
307.0
240.0
307.0
257.0
268.0
260.0
247.0
291.0
251.0
214.0
261.0
264.0
340.0
264.0
260.0
261.0
282.0
264.0
309.0
270.0
252.0
288.0
221.0
270.0
265.0
238.0
216.0
230.0
273.0
234.0
301.0
232.0
231.0
205.0
268.0
296.0
239.0
270.0
265.0
247.0
264.0
285.0
221.0
271.0
261.0
237.0
271.0
219.0
277.0
230.0
279.0
254.0
257.0
270.0
252.0
303.0
227.0
309.0
272.0
262.0
257.0
267.0
231.0
244.0
284.0
243.0
229.0
218.0
284.0
211.0
246.0
258.0
267.0
268.0
248.0
219.0
257.0
290.0
259.0
279.0
215.0
238.0
267.0
253.0
259.0
324.0
258.0
232.0
255.0
254.0
293.0
257.0
267.0
268.0
285.0
257.0
227.0
225.0
260.0
345.0
257.0
258.0
269.0
254.0
258.0
296.0
234.0
269.0
261.0
252.0
246.0
255.0
266.0
296.0
282.0
265.0
240.0
260.0
241.0
256.0
264.0
252.0
263.0
317.0
271.0
242.0
289.0
273.0
251.0
255.0
278.0
324.0
241.0
231.0
262.0
267.0
276.0
262.0
286.0
353.0
226.0
236.0
237.0
252.0
220.0
266.0
212.0
245.0
250.0
265.0
278.0
251.0
291.0
275.0
381.0
294.0
260.0
245.0
263.0
281.0
245.0
268.0
273.0
226.0
262.0
255.0
211.0
263.0
222.0
281.0
227.0
302.0
