241.0
224.0
263.0
253.0
244.0
337.0
273.0
223.0
251.0
238.0
258.0
258.0
241.0
229.0
288.0
298.0
252.0
271.0
268.0
298.0
255.0
257.0
279.0
258.0
233.0
221.0
267.0
290.0
265.0
217.0
244.0
259.0
295.0
243.0
289.0
264.0
267.0
304.0
230.0
258.0
241.0
241.0
254.0
236.0
215.0
269.0
255.0
249.0
302.0
286.0
232.0
220.0
261.0
221.0
223.0
256.0
314.0
254.0
297.0
302.0
223.0
288.0
232.0
241.0
238.0
225.0
314.0
288.0
260.0
251.0
255.0
220.0
268.0
246.0
247.0
298.0
245.0
241.0
249.0
231.0
241.0
276.0
265.0
240.0
262.0
232.0
213.0
224.0
244.0
237.0
250.0
348.0
256.0
299.0
235.0
276.0
237.0
232.0
249.0
257.0
275.0
253.0
260.0
277.0
320.0
271.0
279.0
271.0
270.0
276.0
249.0
308.0
294.0
253.0
240.0
247.0
281.0
248.0
247.0
271.0
309.0
213.0
271.0
259.0
231.0
237.0
294.0
291.0
261.0
227.0
246.0
265.0
265.0
263.0
237.0
243.0
273.0
246.0
276.0
344.0
246.0
244.0
258.0
219.0
262.0
258.0
239.0
238.0
316.0
262.0
240.0
246.0
279.0
255.0
244.0
251.0
238.0
271.0
242.0
223.0
305.0
240.0
256.0
283.0
245.0
253.0
245.0
240.0
310.0
267.0
240.0
273.0
226.0
267.0
269.0
269.0
272.0
221.0
294.0
246.0
252.0
253.0
262.0
277.0
263.0
232.0
219.0
213.0
269.0
240.0
244.0
259.0
226.0
257.0
276.0
242.0
248.0
266.0
235.0
254.0
