331.0
325.0
243.0
279.0
272.0
294.0
278.0
254.0
263.0
326.0
293.0
302.0
244.0
266.0
270.0
277.0
313.0
256.0
242.0
259.0
270.0
284.0
264.0
280.0
283.0
301.0
258.0
260.0
231.0
285.0
256.0
262.0
234.0
305.0
294.0
219.0
239.0
269.0
271.0
248.0
333.0
271.0
250.0
240.0
320.0
244.0
302.0
271.0
309.0
238.0
272.0
221.0
280.0
236.0
330.0
253.0
228.0
273.0
242.0
273.0
275.0
364.0
255.0
230.0
267.0
270.0
278.0
279.0
227.0
249.0
272.0
253.0
243.0
272.0
292.0
238.0
270.0
255.0
318.0
278.0
315.0
269.0
293.0
311.0
262.0
242.0
239.0
247.0
262.0
237.0
328.0
292.0
283.0
340.0
301.0
252.0
216.0
275.0
258.0
258.0
259.0
255.0
279.0
271.0
299.0
214.0
283.0
244.0
298.0
262.0
246.0
297.0
270.0
266.0
264.0
261.0
257.0
248.0
288.0
299.0
244.0
306.0
322.0
295.0
297.0
286.0
275.0
301.0
276.0
227.0
270.0
350.0
258.0
254.0
313.0
273.0
265.0
270.0
258.0
300.0
239.0
259.0
247.0
287.0
249.0
255.0
315.0
248.0
239.0
279.0
251.0
261.0
230.0
241.0
257.0
297.0
246.0
271.0
234.0
228.0
264.0
230.0
242.0
266.0
274.0
247.0
255.0
270.0
275.0
265.0
273.0
247.0
239.0
334.0
322.0
258.0
263.0
287.0
307.0
303.0
219.0
294.0
276.0
261.0
293.0
279.0
250.0
262.0
297.0
292.0
235.0
270.0
306.0
281.0
259.0
295.0
234.0
277.0
244.0
291.0
