260.0
273.0
322.0
267.0
273.0
302.0
236.0
282.0
351.0
269.0
237.0
272.0
250.0
227.0
239.0
264.0
254.0
237.0
252.0
241.0
249.0
238.0
226.0
243.0
249.0
259.0
262.0
242.0
259.0
271.0
221.0
305.0
280.0
258.0
270.0
285.0
272.0
277.0
244.0
251.0
254.0
254.0
233.0
225.0
215.0
267.0
243.0
256.0
257.0
298.0
269.0
270.0
251.0
289.0
255.0
284.0
260.0
244.0
262.0
315.0
289.0
276.0
267.0
276.0
283.0
279.0
229.0
257.0
239.0
229.0
244.0
250.0
253.0
223.0
288.0
300.0
249.0
291.0
290.0
272.0
318.0
253.0
229.0
265.0
249.0
232.0
308.0
249.0
267.0
281.0
282.0
259.0
306.0
237.0
261.0
322.0
251.0
238.0
252.0
243.0
278.0
258.0
333.0
253.0
273.0
233.0
289.0
252.0
259.0
270.0
236.0
327.0
248.0
313.0
267.0
259.0
252.0
261.0
284.0
254.0
243.0
334.0
218.0
275.0
277.0
268.0
273.0
303.0
229.0
264.0
283.0
292.0
261.0
280.0
265.0
250.0
255.0
248.0
252.0
247.0
252.0
348.0
248.0
217.0
295.0
230.0
251.0
291.0
265.0
243.0
253.0
281.0
312.0
310.0
267.0
298.0
255.0
253.0
227.0
247.0
292.0
291.0
255.0
264.0
254.0
265.0
247.0
259.0
235.0
236.0
239.0
320.0
229.0
247.0
262.0
236.0
281.0
231.0
236.0
307.0
255.0
292.0
258.0
241.0
251.0
249.0
260.0
299.0
238.0
289.0
258.0
225.0
272.0
261.0
245.0
271.0
230.0
233.0
289.0
270.0
