237.0
233.0
292.0
309.0
234.0
362.0
218.0
248.0
224.0
232.0
268.0
258.0
302.0
258.0
249.0
233.0
243.0
200.0
209.0
322.0
248.0
221.0
245.0
294.0
259.0
246.0
227.0
276.0
235.0
232.0
254.0
278.0
259.0
262.0
244.0
258.0
212.0
273.0
242.0
228.0
267.0
256.0
300.0
258.0
303.0
233.0
250.0
286.0
297.0
250.0
328.0
286.0
255.0
284.0
224.0
301.0
257.0
328.0
259.0
259.0
266.0
237.0
250.0
289.0
301.0
237.0
265.0
282.0
251.0
266.0
302.0
272.0
268.0
273.0
282.0
245.0
239.0
228.0
237.0
241.0
359.0
259.0
264.0
230.0
229.0
233.0
243.0
263.0
275.0
262.0
275.0
225.0
249.0
290.0
239.0
223.0
253.0
272.0
249.0
227.0
270.0
246.0
267.0
242.0
264.0
238.0
238.0
285.0
254.0
261.0
260.0
244.0
249.0
246.0
264.0
269.0
221.0
386.0
220.0
296.0
251.0
244.0
296.0
245.0
241.0
257.0
230.0
227.0
235.0
271.0
275.0
307.0
272.0
265.0
226.0
271.0
260.0
235.0
235.0
262.0
245.0
281.0
225.0
249.0
256.0
228.0
221.0
269.0
274.0
257.0
244.0
305.0
267.0
240.0
253.0
261.0
292.0
237.0
231.0
239.0
239.0
241.0
255.0
248.0
252.0
248.0
249.0
226.0
229.0
220.0
252.0
239.0
273.0
222.0
239.0
225.0
251.0
279.0
248.0
282.0
222.0
237.0
293.0
288.0
243.0
267.0
342.0
227.0
239.0
259.0
261.0
291.0
284.0
246.0
272.0
272.0
296.0
237.0
242.0
266.0
