213.0
246.0
311.0
237.0
253.0
206.0
245.0
252.0
256.0
238.0
241.0
251.0
263.0
296.0
241.0
280.0
262.0
292.0
266.0
235.0
275.0
235.0
256.0
343.0
228.0
258.0
235.0
301.0
249.0
264.0
245.0
303.0
286.0
252.0
259.0
216.0
243.0
263.0
235.0
256.0
266.0
244.0
275.0
233.0
272.0
258.0
285.0
299.0
258.0
303.0
247.0
260.0
359.0
268.0
276.0
241.0
243.0
257.0
221.0
245.0
289.0
258.0
248.0
274.0
326.0
290.0
244.0
249.0
253.0
299.0
259.0
264.0
244.0
271.0
244.0
254.0
257.0
297.0
224.0
229.0
330.0
264.0
258.0
221.0
243.0
230.0
276.0
240.0
243.0
230.0
259.0
275.0
263.0
291.0
259.0
286.0
248.0
255.0
223.0
260.0
226.0
260.0
323.0
274.0
239.0
264.0
273.0
241.0
242.0
231.0
300.0
212.0
276.0
218.0
254.0
206.0
254.0
247.0
236.0
245.0
270.0
274.0
280.0
226.0
234.0
254.0
254.0
293.0
254.0
256.0
256.0
262.0
263.0
242.0
259.0
272.0
259.0
247.0
243.0
305.0
253.0
231.0
257.0
229.0
256.0
223.0
296.0
271.0
255.0
246.0
286.0
295.0
265.0
323.0
319.0
272.0
247.0
221.0
245.0
331.0
256.0
268.0
279.0
256.0
266.0
269.0
286.0
242.0
227.0
237.0
273.0
248.0
247.0
271.0
283.0
306.0
258.0
267.0
231.0
272.0
273.0
262.0
259.0
248.0
281.0
215.0
280.0
267.0
240.0
270.0
291.0
241.0
210.0
271.0
246.0
230.0
263.0
229.0
270.0
272.0
