292.0
268.0
274.0
257.0
218.0
284.0
247.0
236.0
282.0
221.0
252.0
236.0
258.0
224.0
249.0
293.0
248.0
250.0
271.0
268.0
254.0
255.0
265.0
246.0
250.0
286.0
279.0
283.0
235.0
267.0
241.0
253.0
241.0
274.0
253.0
221.0
258.0
271.0
223.0
240.0
266.0
247.0
252.0
222.0
273.0
226.0
248.0
268.0
230.0
239.0
291.0
257.0
250.0
260.0
272.0
286.0
224.0
277.0
246.0
250.0
286.0
284.0
242.0
304.0
249.0
252.0
255.0
233.0
255.0
262.0
280.0
209.0
231.0
236.0
245.0
266.0
229.0
270.0
262.0
258.0
251.0
227.0
290.0
360.0
303.0
246.0
228.0
208.0
266.0
261.0
294.0
258.0
265.0
245.0
287.0
217.0
265.0
262.0
222.0
273.0
268.0
244.0
224.0
262.0
227.0
292.0
272.0
283.0
250.0
217.0
222.0
249.0
219.0
263.0
227.0
252.0
264.0
246.0
236.0
298.0
267.0
215.0
230.0
252.0
274.0
273.0
316.0
238.0
300.0
259.0
217.0
231.0
217.0
241.0
261.0
252.0
270.0
254.0
232.0
317.0
258.0
233.0
247.0
263.0
243.0
244.0
246.0
240.0
246.0
276.0
267.0
252.0
240.0
262.0
237.0
233.0
229.0
214.0
241.0
246.0
259.0
272.0
238.0
236.0
239.0
227.0
232.0
223.0
268.0
232.0
254.0
246.0
256.0
238.0
278.0
246.0
261.0
251.0
257.0
252.0
249.0
299.0
274.0
221.0
254.0
282.0
246.0
290.0
306.0
259.0
227.0
256.0
241.0
247.0
274.0
260.0
238.0
257.0
253.0
276.0
