181.0
196.0
155.0
138.0
148.0
168.0
185.0
173.0
182.0
142.0
135.0
168.0
144.0
159.0
162.0
172.0
162.0
152.0
154.0
160.0
155.0
168.0
152.0
162.0
169.0
155.0
180.0
144.0
163.0
144.0
146.0
164.0
143.0
134.0
164.0
162.0
223.0
145.0
189.0
145.0
154.0
214.0
150.0
188.0
257.0
150.0
143.0
163.0
172.0
176.0
146.0
151.0
161.0
173.0
155.0
149.0
164.0
169.0
214.0
161.0
160.0
214.0
167.0
151.0
146.0
145.0
134.0
166.0
187.0
147.0
130.0
141.0
142.0
148.0
157.0
160.0
152.0
151.0
148.0
150.0
171.0
156.0
174.0
162.0
174.0
157.0
135.0
194.0
204.0
162.0
166.0
175.0
173.0
184.0
152.0
147.0
152.0
152.0
137.0
182.0
152.0
146.0
151.0
166.0
160.0
170.0
173.0
144.0
149.0
153.0
149.0
146.0
157.0
155.0
147.0
156.0
185.0
145.0
138.0
154.0
158.0
164.0
183.0
172.0
217.0
153.0
142.0
145.0
165.0
157.0
158.0
157.0
166.0
144.0
174.0
141.0
137.0
168.0
171.0
139.0
157.0
135.0
137.0
155.0
154.0
171.0
130.0
143.0
149.0
276.0
143.0
176.0
151.0
177.0
129.0
157.0
163.0
171.0
158.0
146.0
171.0
160.0
168.0
167.0
187.0
160.0
148.0
155.0
133.0
149.0
162.0
156.0
153.0
152.0
144.0
140.0
150.0
169.0
151.0
134.0
165.0
225.0
152.0
126.0
131.0
173.0
152.0
153.0
302.0
156.0
150.0
156.0
156.0
225.0
159.0
130.0
175.0
144.0
152.0
141.0
