263.0
253.0
287.0
235.0
254.0
269.0
250.0
278.0
260.0
328.0
222.0
353.0
248.0
276.0
234.0
263.0
263.0
246.0
272.0
283.0
249.0
240.0
236.0
255.0
253.0
253.0
252.0
238.0
230.0
328.0
303.0
240.0
282.0
314.0
245.0
285.0
251.0
276.0
294.0
279.0
309.0
266.0
224.0
303.0
239.0
269.0
283.0
275.0
264.0
258.0
239.0
259.0
278.0
214.0
286.0
249.0
277.0
251.0
321.0
260.0
273.0
246.0
287.0
257.0
240.0
309.0
316.0
284.0
254.0
314.0
262.0
264.0
260.0
319.0
262.0
211.0
246.0
299.0
227.0
255.0
248.0
246.0
289.0
279.0
308.0
234.0
282.0
320.0
249.0
244.0
328.0
278.0
248.0
238.0
246.0
276.0
242.0
269.0
273.0
277.0
289.0
240.0
246.0
278.0
302.0
274.0
238.0
289.0
263.0
270.0
286.0
250.0
280.0
280.0
260.0
255.0
236.0
293.0
275.0
266.0
257.0
241.0
296.0
251.0
211.0
260.0
285.0
261.0
236.0
271.0
256.0
234.0
273.0
300.0
273.0
234.0
262.0
329.0
280.0
225.0
257.0
293.0
304.0
260.0
265.0
266.0
267.0
264.0
266.0
280.0
244.0
307.0
270.0
254.0
253.0
248.0
246.0
270.0
261.0
263.0
263.0
216.0
276.0
237.0
289.0
246.0
253.0
279.0
257.0
241.0
353.0
249.0
225.0
258.0
258.0
268.0
290.0
217.0
278.0
253.0
271.0
237.0
285.0
279.0
263.0
263.0
249.0
258.0
320.0
258.0
255.0
245.0
274.0
294.0
236.0
318.0
272.0
219.0
244.0
256.0
