233.0
237.0
327.0
270.0
273.0
229.0
251.0
265.0
255.0
253.0
269.0
233.0
236.0
257.0
226.0
283.0
277.0
337.0
259.0
278.0
252.0
254.0
286.0
242.0
282.0
208.0
254.0
256.0
298.0
259.0
259.0
275.0
245.0
252.0
257.0
254.0
254.0
234.0
243.0
280.0
284.0
275.0
310.0
257.0
302.0
237.0
284.0
259.0
249.0
258.0
262.0
278.0
235.0
342.0
317.0
228.0
306.0
258.0
235.0
307.0
346.0
302.0
250.0
245.0
317.0
246.0
239.0
263.0
281.0
251.0
263.0
290.0
281.0
237.0
267.0
231.0
296.0
252.0
284.0
274.0
279.0
279.0
260.0
243.0
320.0
288.0
260.0
269.0
306.0
248.0
278.0
229.0
248.0
281.0
239.0
277.0
331.0
240.0
258.0
259.0
245.0
261.0
322.0
253.0
233.0
286.0
221.0
296.0
280.0
327.0
231.0
268.0
259.0
245.0
262.0
273.0
265.0
266.0
278.0
235.0
244.0
277.0
321.0
272.0
284.0
239.0
237.0
310.0
252.0
318.0
254.0
324.0
235.0
295.0
302.0
241.0
293.0
250.0
265.0
291.0
255.0
240.0
260.0
287.0
346.0
252.0
260.0
277.0
232.0
292.0
231.0
255.0
288.0
245.0
349.0
256.0
247.0
226.0
230.0
256.0
241.0
253.0
312.0
262.0
283.0
222.0
261.0
295.0
298.0
291.0
302.0
251.0
247.0
240.0
262.0
267.0
276.0
304.0
301.0
272.0
220.0
256.0
226.0
266.0
251.0
280.0
268.0
237.0
315.0
259.0
262.0
238.0
320.0
250.0
266.0
249.0
302.0
259.0
242.0
318.0
