159.0
137.0
137.0
133.0
142.0
155.0
150.0
143.0
153.0
131.0
145.0
136.0
125.0
159.0
136.0
154.0
136.0
154.0
134.0
149.0
157.0
197.0
150.0
141.0
135.0
134.0
143.0
135.0
158.0
150.0
131.0
149.0
192.0
158.0
164.0
190.0
140.0
144.0
147.0
136.0
128.0
202.0
133.0
166.0
163.0
141.0
135.0
153.0
130.0
135.0
178.0
169.0
145.0
144.0
152.0
179.0
143.0
143.0
140.0
139.0
156.0
149.0
132.0
149.0
181.0
149.0
154.0
146.0
137.0
135.0
133.0
143.0
155.0
143.0
134.0
165.0
143.0
149.0
147.0
152.0
162.0
155.0
173.0
138.0
156.0
144.0
124.0
162.0
166.0
131.0
133.0
126.0
136.0
142.0
140.0
135.0
159.0
168.0
130.0
143.0
158.0
133.0
132.0
146.0
146.0
144.0
145.0
144.0
132.0
134.0
138.0
142.0
141.0
139.0
144.0
129.0
141.0
145.0
259.0
140.0
128.0
145.0
131.0
148.0
137.0
163.0
185.0
137.0
190.0
131.0
150.0
159.0
164.0
155.0
160.0
157.0
153.0
150.0
161.0
147.0
133.0
162.0
137.0
194.0
127.0
169.0
147.0
148.0
156.0
123.0
135.0
156.0
184.0
122.0
132.0
158.0
139.0
167.0
167.0
154.0
151.0
143.0
136.0
171.0
207.0
147.0
144.0
170.0
188.0
136.0
133.0
156.0
122.0
144.0
135.0
131.0
158.0
148.0
156.0
156.0
123.0
147.0
179.0
155.0
160.0
149.0
174.0
148.0
161.0
159.0
156.0
153.0
154.0
184.0
159.0
149.0
153.0
144.0
147.0
157.0
