319.0
301.0
252.0
316.0
293.0
230.0
256.0
302.0
251.0
240.0
218.0
275.0
276.0
267.0
257.0
276.0
246.0
298.0
273.0
306.0
265.0
303.0
302.0
217.0
296.0
290.0
249.0
270.0
266.0
274.0
266.0
285.0
284.0
260.0
264.0
339.0
271.0
270.0
316.0
257.0
214.0
245.0
319.0
337.0
276.0
234.0
306.0
287.0
251.0
269.0
294.0
272.0
318.0
295.0
271.0
276.0
253.0
232.0
319.0
246.0
293.0
254.0
248.0
247.0
295.0
320.0
363.0
269.0
261.0
309.0
235.0
227.0
240.0
263.0
242.0
260.0
294.0
258.0
284.0
294.0
344.0
297.0
286.0
248.0
251.0
234.0
286.0
273.0
246.0
310.0
286.0
261.0
375.0
258.0
285.0
291.0
264.0
338.0
265.0
235.0
273.0
227.0
274.0
291.0
264.0
243.0
256.0
244.0
366.0
262.0
247.0
271.0
244.0
259.0
246.0
257.0
262.0
267.0
261.0
275.0
258.0
278.0
230.0
273.0
264.0
286.0
265.0
222.0
253.0
289.0
245.0
251.0
259.0
272.0
246.0
295.0
280.0
235.0
266.0
250.0
317.0
285.0
246.0
274.0
249.0
273.0
266.0
248.0
263.0
215.0
254.0
279.0
282.0
279.0
254.0
261.0
262.0
255.0
270.0
302.0
247.0
262.0
320.0
257.0
270.0
282.0
349.0
269.0
243.0
263.0
265.0
278.0
283.0
281.0
248.0
257.0
259.0
241.0
293.0
260.0
241.0
270.0
309.0
271.0
247.0
267.0
289.0
288.0
258.0
287.0
242.0
297.0
333.0
233.0
292.0
243.0
268.0
265.0
273.0
249.0
