270.0
170.0
159.0
166.0
153.0
151.0
139.0
185.0
155.0
174.0
138.0
159.0
264.0
180.0
171.0
176.0
145.0
180.0
156.0
258.0
225.0
148.0
154.0
145.0
163.0
164.0
228.0
191.0
191.0
167.0
255.0
352.0
185.0
150.0
153.0
138.0
155.0
209.0
156.0
183.0
164.0
142.0
167.0
138.0
200.0
168.0
156.0
163.0
173.0
143.0
177.0
189.0
159.0
204.0
135.0
202.0
158.0
183.0
171.0
144.0
139.0
167.0
200.0
174.0
148.0
160.0
166.0
166.0
164.0
167.0
151.0
139.0
185.0
154.0
168.0
168.0
177.0
182.0
220.0
166.0
161.0
211.0
184.0
192.0
166.0
221.0
158.0
160.0
158.0
151.0
165.0
163.0
151.0
165.0
190.0
165.0
208.0
200.0
329.0
173.0
220.0
150.0
260.0
150.0
246.0
181.0
137.0
151.0
196.0
163.0
201.0
165.0
184.0
143.0
160.0
182.0
175.0
179.0
156.0
204.0
180.0
167.0
142.0
173.0
156.0
246.0
182.0
171.0
168.0
210.0
152.0
179.0
168.0
211.0
139.0
188.0
169.0
169.0
173.0
180.0
158.0
151.0
147.0
148.0
192.0
168.0
150.0
173.0
165.0
151.0
154.0
214.0
138.0
190.0
173.0
175.0
147.0
193.0
171.0
165.0
165.0
143.0
227.0
187.0
179.0
217.0
197.0
149.0
168.0
151.0
144.0
179.0
191.0
144.0
150.0
137.0
228.0
203.0
186.0
145.0
189.0
156.0
172.0
149.0
186.0
148.0
149.0
154.0
149.0
164.0
174.0
198.0
146.0
190.0
167.0
216.0
140.0
146.0
179.0
167.0
