322.0
244.0
285.0
280.0
262.0
253.0
297.0
245.0
323.0
270.0
266.0
267.0
258.0
269.0
310.0
254.0
287.0
279.0
239.0
254.0
285.0
281.0
274.0
259.0
246.0
286.0
264.0
306.0
269.0
244.0
279.0
320.0
241.0
319.0
243.0
282.0
262.0
293.0
277.0
309.0
308.0
265.0
232.0
254.0
265.0
264.0
294.0
265.0
225.0
286.0
285.0
294.0
258.0
300.0
273.0
268.0
245.0
250.0
289.0
279.0
261.0
270.0
333.0
313.0
269.0
295.0
279.0
316.0
288.0
268.0
330.0
314.0
323.0
278.0
338.0
260.0
279.0
271.0
308.0
269.0
268.0
242.0
276.0
303.0
247.0
312.0
252.0
307.0
269.0
355.0
245.0
262.0
257.0
283.0
264.0
253.0
280.0
236.0
273.0
253.0
367.0
227.0
426.0
288.0
298.0
292.0
290.0
286.0
242.0
248.0
277.0
351.0
269.0
252.0
267.0
325.0
320.0
275.0
288.0
236.0
312.0
304.0
297.0
263.0
266.0
288.0
267.0
266.0
295.0
242.0
261.0
310.0
313.0
244.0
304.0
303.0
254.0
298.0
270.0
252.0
252.0
358.0
278.0
255.0
340.0
332.0
300.0
285.0
311.0
262.0
395.0
338.0
255.0
314.0
348.0
296.0
308.0
309.0
259.0
312.0
265.0
291.0
248.0
280.0
277.0
280.0
278.0
273.0
252.0
275.0
325.0
296.0
276.0
262.0
327.0
280.0
285.0
283.0
280.0
351.0
248.0
285.0
265.0
242.0
284.0
346.0
469.0
250.0
276.0
297.0
235.0
262.0
258.0
252.0
253.0
275.0
284.0
289.0
242.0
266.0
