260.0
258.0
305.0
285.0
317.0
317.0
262.0
258.0
219.0
215.0
212.0
243.0
278.0
272.0
252.0
215.0
204.0
205.0
255.0
247.0
261.0
283.0
280.0
238.0
255.0
229.0
225.0
313.0
289.0
214.0
175.0
196.0
265.0
352.0
353.0
297.0
289.0
312.0
343.0
303.0
327.0
303.0
290.0
229.0
192.0
202.0
215.0
170.0
200.0
306.0
362.0
301.0
306.0
370.0
365.0
399.0
452.0
425.0
433.0
431.0
563.0
411.0
426.0
326.0
298.0
345.0
361.0
433.0
420.0
354.0
384.0
408.0
384.0
423.0
554.0
541.0
638.0
664.0
672.0
705.0
662.0
554.0
581.0
609.0
612.0
638.0
600.0
596.0
571.0
527.0
474.0
370.0
286.0
298.0
262.0
320.0
229.0
254.0
210.0
329.0
337.0
300.0
309.0
286.0
332.0
344.0
308.0
366.0
360.0
302.0
294.0
298.0
216.0
179.0
171.0
166.0
196.0
188.0
237.0
356.0
404.0
401.0
413.0
530.0
582.0
583.0
567.0
567.0
514.0
723.0
712.0
631.0
688.0
601.0
522.0
448.0
473.0
582.0
729.0
736.0
739.0
736.0
746.0
649.0
666.0
625.0
781.0
736.0
745.0
627.0
684.0
774.0
783.0
718.0
757.0
791.0
683.0
617.0
595.0
580.0
610.0
675.0
645.0
649.0
654.0
777.0
710.0
756.0
610.0
654.0
577.0
659.0
665.0
711.0
787.0
777.0
816.0
676.0
625.0
677.0
604.0
560.0
516.0
410.0
413.0
454.0
344.0
288.0
305.0
242.0
229.0
235.0
234.0
204.0
267.0
252.0
266.0
288.0
273.0
282.0
