264.0
251.0
247.0
251.0
264.0
244.0
287.0
255.0
213.0
248.0
261.0
271.0
270.0
305.0
281.0
297.0
304.0
226.0
288.0
242.0
363.0
263.0
253.0
240.0
250.0
268.0
262.0
251.0
248.0
260.0
281.0
293.0
324.0
241.0
279.0
251.0
286.0
270.0
287.0
247.0
273.0
295.0
246.0
216.0
228.0
256.0
233.0
257.0
255.0
225.0
327.0
254.0
213.0
252.0
275.0
278.0
247.0
202.0
248.0
255.0
260.0
253.0
227.0
264.0
237.0
287.0
261.0
245.0
288.0
312.0
252.0
224.0
257.0
247.0
280.0
265.0
245.0
290.0
273.0
237.0
246.0
310.0
263.0
304.0
266.0
283.0
258.0
266.0
267.0
266.0
295.0
292.0
276.0
219.0
233.0
307.0
232.0
248.0
267.0
256.0
246.0
281.0
235.0
314.0
304.0
239.0
258.0
298.0
272.0
261.0
223.0
260.0
270.0
322.0
289.0
247.0
270.0
297.0
226.0
266.0
286.0
260.0
239.0
255.0
256.0
234.0
270.0
284.0
220.0
260.0
278.0
281.0
242.0
277.0
238.0
268.0
305.0
253.0
257.0
293.0
259.0
266.0
274.0
283.0
268.0
271.0
257.0
226.0
262.0
258.0
283.0
284.0
334.0
275.0
248.0
276.0
242.0
228.0
333.0
248.0
259.0
277.0
262.0
274.0
215.0
286.0
277.0
279.0
252.0
283.0
258.0
255.0
280.0
286.0
246.0
245.0
297.0
250.0
236.0
242.0
228.0
227.0
257.0
249.0
280.0
279.0
261.0
234.0
238.0
294.0
267.0
275.0
242.0
268.0
267.0
256.0
232.0
251.0
230.0
283.0
