228.0
307.0
297.0
280.0
274.0
248.0
257.0
335.0
277.0
253.0
239.0
283.0
258.0
269.0
258.0
286.0
329.0
287.0
273.0
251.0
275.0
271.0
273.0
243.0
247.0
317.0
246.0
300.0
278.0
292.0
345.0
300.0
238.0
249.0
328.0
300.0
269.0
276.0
308.0
284.0
314.0
265.0
269.0
300.0
304.0
287.0
281.0
272.0
309.0
236.0
256.0
220.0
258.0
245.0
287.0
274.0
230.0
244.0
259.0
261.0
255.0
269.0
211.0
247.0
298.0
259.0
282.0
264.0
257.0
271.0
234.0
248.0
274.0
297.0
252.0
276.0
230.0
241.0
258.0
268.0
308.0
256.0
287.0
222.0
263.0
300.0
253.0
300.0
301.0
283.0
337.0
256.0
295.0
227.0
270.0
325.0
274.0
262.0
260.0
272.0
285.0
355.0
248.0
301.0
263.0
217.0
268.0
268.0
284.0
257.0
295.0
252.0
264.0
280.0
244.0
255.0
267.0
267.0
291.0
260.0
279.0
276.0
251.0
246.0
244.0
296.0
264.0
250.0
275.0
274.0
240.0
239.0
303.0
241.0
232.0
255.0
271.0
240.0
284.0
255.0
312.0
230.0
291.0
280.0
251.0
248.0
280.0
278.0
260.0
226.0
264.0
298.0
292.0
311.0
279.0
275.0
285.0
311.0
366.0
238.0
295.0
251.0
276.0
288.0
276.0
313.0
290.0
251.0
274.0
263.0
299.0
237.0
287.0
271.0
237.0
326.0
259.0
258.0
292.0
258.0
268.0
247.0
287.0
258.0
224.0
313.0
272.0
275.0
262.0
269.0
262.0
307.0
283.0
277.0
269.0
303.0
293.0
298.0
269.0
393.0
