251.0
288.0
254.0
270.0
323.0
229.0
273.0
234.0
248.0
274.0
315.0
270.0
266.0
283.0
273.0
300.0
236.0
239.0
253.0
282.0
256.0
313.0
252.0
248.0
226.0
231.0
269.0
258.0
295.0
321.0
249.0
241.0
215.0
242.0
237.0
241.0
240.0
255.0
241.0
251.0
327.0
244.0
271.0
256.0
256.0
268.0
308.0
303.0
254.0
245.0
277.0
227.0
274.0
266.0
242.0
262.0
281.0
272.0
274.0
286.0
242.0
275.0
256.0
248.0
307.0
270.0
259.0
324.0
269.0
262.0
242.0
237.0
275.0
285.0
257.0
255.0
265.0
270.0
266.0
278.0
330.0
245.0
260.0
238.0
258.0
284.0
290.0
256.0
256.0
259.0
289.0
235.0
236.0
287.0
335.0
284.0
209.0
360.0
271.0
249.0
300.0
312.0
262.0
239.0
262.0
279.0
244.0
288.0
243.0
277.0
241.0
261.0
262.0
300.0
291.0
260.0
289.0
283.0
235.0
283.0
306.0
248.0
267.0
261.0
233.0
279.0
261.0
245.0
285.0
278.0
216.0
232.0
269.0
270.0
236.0
229.0
223.0
247.0
280.0
285.0
271.0
297.0
276.0
247.0
261.0
253.0
255.0
304.0
227.0
293.0
263.0
257.0
234.0
236.0
282.0
230.0
263.0
272.0
237.0
312.0
238.0
275.0
244.0
297.0
243.0
315.0
266.0
297.0
245.0
256.0
260.0
244.0
268.0
240.0
250.0
259.0
267.0
265.0
223.0
262.0
263.0
232.0
269.0
243.0
278.0
282.0
256.0
263.0
225.0
283.0
314.0
247.0
251.0
270.0
257.0
293.0
278.0
276.0
313.0
247.0
