296.0
297.0
226.0
256.0
223.0
293.0
222.0
294.0
303.0
268.0
270.0
281.0
246.0
324.0
259.0
285.0
251.0
271.0
227.0
251.0
279.0
244.0
243.0
285.0
249.0
218.0
248.0
249.0
270.0
257.0
382.0
244.0
232.0
285.0
232.0
265.0
298.0
242.0
257.0
251.0
273.0
286.0
265.0
297.0
273.0
289.0
226.0
242.0
220.0
285.0
250.0
272.0
298.0
282.0
352.0
291.0
241.0
310.0
253.0
251.0
256.0
279.0
284.0
248.0
241.0
266.0
306.0
247.0
222.0
248.0
283.0
262.0
275.0
265.0
264.0
257.0
306.0
296.0
248.0
282.0
244.0
242.0
234.0
259.0
284.0
218.0
266.0
242.0
228.0
328.0
231.0
274.0
247.0
256.0
239.0
249.0
328.0
253.0
287.0
255.0
247.0
252.0
276.0
245.0
224.0
283.0
297.0
235.0
260.0
221.0
256.0
240.0
293.0
277.0
241.0
238.0
270.0
279.0
256.0
247.0
236.0
263.0
246.0
238.0
255.0
247.0
290.0
272.0
244.0
225.0
227.0
235.0
230.0
247.0
254.0
283.0
258.0
242.0
226.0
260.0
276.0
290.0
294.0
289.0
264.0
270.0
314.0
228.0
241.0
300.0
317.0
287.0
269.0
268.0
208.0
260.0
306.0
219.0
256.0
230.0
283.0
254.0
290.0
262.0
239.0
235.0
242.0
246.0
266.0
243.0
262.0
275.0
228.0
275.0
221.0
259.0
262.0
243.0
265.0
226.0
302.0
281.0
285.0
244.0
253.0
230.0
249.0
237.0
259.0
287.0
268.0
213.0
259.0
289.0
260.0
230.0
288.0
247.0
276.0
257.0
