309.0
329.0
327.0
342.0
443.0
384.0
360.0
356.0
299.0
319.0
408.0
290.0
350.0
384.0
397.0
360.0
339.0
332.0
421.0
500.0
653.0
643.0
710.0
767.0
755.0
732.0
803.0
870.0
829.0
804.0
802.0
924.0
897.0
723.0
813.0
919.0
817.0
713.0
797.0
806.0
673.0
740.0
852.0
811.0
927.0
760.0
965.0
786.0
751.0
787.0
827.0
760.0
692.0
931.0
740.0
763.0
954.0
905.0
741.0
731.0
760.0
827.0
863.0
750.0
797.0
765.0
721.0
818.0
823.0
817.0
744.0
844.0
813.0
794.0
892.0
949.0
854.0
864.0
738.0
848.0
778.0
807.0
742.0
833.0
1021.0
929.0
934.0
953.0
704.0
752.0
777.0
871.0
760.0
767.0
717.0
820.0
891.0
750.0
838.0
765.0
672.0
906.0
731.0
846.0
836.0
766.0
661.0
697.0
713.0
820.0
891.0
748.0
791.0
800.0
633.0
751.0
839.0
698.0
828.0
706.0
807.0
769.0
743.0
793.0
773.0
806.0
763.0
779.0
744.0
775.0
789.0
777.0
801.0
796.0
820.0
738.0
700.0
714.0
806.0
755.0
721.0
814.0
770.0
814.0
878.0
786.0
814.0
850.0
829.0
696.0
814.0
704.0
736.0
742.0
761.0
931.0
720.0
741.0
814.0
811.0
758.0
846.0
792.0
627.0
891.0
1051.0
739.0
845.0
665.0
740.0
771.0
957.0
770.0
816.0
823.0
867.0
663.0
920.0
817.0
771.0
825.0
977.0
827.0
753.0
940.0
756.0
890.0
774.0
764.0
694.0
801.0
847.0
909.0
786.0
845.0
805.0
912.0
971.0
850.0
758.0
