262.0
265.0
251.0
254.0
266.0
247.0
233.0
220.0
270.0
247.0
232.0
347.0
238.0
231.0
286.0
235.0
261.0
258.0
263.0
240.0
208.0
263.0
246.0
235.0
260.0
292.0
201.0
261.0
261.0
265.0
244.0
272.0
246.0
261.0
294.0
273.0
268.0
252.0
313.0
265.0
230.0
273.0
276.0
243.0
257.0
263.0
260.0
232.0
254.0
198.0
241.0
220.0
210.0
296.0
276.0
260.0
272.0
246.0
238.0
241.0
233.0
276.0
257.0
248.0
264.0
220.0
257.0
302.0
308.0
285.0
277.0
278.0
271.0
233.0
235.0
250.0
246.0
311.0
240.0
231.0
264.0
230.0
269.0
274.0
237.0
260.0
274.0
256.0
256.0
267.0
245.0
253.0
248.0
288.0
247.0
275.0
260.0
245.0
293.0
245.0
262.0
265.0
247.0
258.0
259.0
281.0
205.0
253.0
245.0
290.0
245.0
278.0
288.0
290.0
255.0
256.0
240.0
283.0
248.0
212.0
257.0
301.0
218.0
282.0
248.0
237.0
271.0
259.0
346.0
267.0
270.0
227.0
265.0
233.0
255.0
249.0
238.0
250.0
295.0
258.0
286.0
256.0
275.0
276.0
272.0
242.0
272.0
221.0
301.0
254.0
278.0
256.0
267.0
246.0
240.0
273.0
239.0
227.0
299.0
286.0
258.0
273.0
316.0
269.0
256.0
256.0
252.0
256.0
283.0
256.0
333.0
265.0
265.0
265.0
248.0
237.0
259.0
235.0
231.0
236.0
266.0
247.0
268.0
266.0
272.0
283.0
295.0
252.0
254.0
250.0
242.0
228.0
253.0
271.0
261.0
266.0
244.0
262.0
260.0
274.0
