308.0
282.0
281.0
274.0
232.0
223.0
207.0
188.0
208.0
160.0
171.0
184.0
157.0
169.0
151.0
264.0
254.0
218.0
238.0
253.0
211.0
276.0
241.0
170.0
228.0
244.0
293.0
234.0
200.0
195.0
160.0
147.0
158.0
151.0
197.0
199.0
187.0
185.0
234.0
260.0
250.0
167.0
184.0
183.0
207.0
177.0
253.0
222.0
241.0
176.0
185.0
204.0
182.0
174.0
161.0
193.0
166.0
178.0
231.0
188.0
194.0
212.0
182.0
185.0
151.0
206.0
247.0
199.0
200.0
239.0
198.0
166.0
164.0
179.0
281.0
259.0
207.0
181.0
187.0
217.0
237.0
233.0
244.0
215.0
164.0
181.0
196.0
188.0
159.0
203.0
210.0
216.0
185.0
165.0
190.0
299.0
214.0
158.0
185.0
181.0
178.0
157.0
219.0
189.0
250.0
228.0
227.0
251.0
202.0
242.0
231.0
166.0
237.0
226.0
179.0
257.0
212.0
157.0
169.0
251.0
265.0
250.0
160.0
171.0
143.0
222.0
158.0
144.0
200.0
219.0
249.0
184.0
201.0
206.0
160.0
182.0
219.0
174.0
162.0
205.0
169.0
236.0
164.0
178.0
181.0
184.0
210.0
226.0
182.0
389.0
299.0
257.0
191.0
179.0
219.0
220.0
188.0
192.0
160.0
181.0
185.0
194.0
224.0
191.0
191.0
185.0
229.0
147.0
169.0
197.0
175.0
200.0
181.0
178.0
269.0
240.0
322.0
225.0
196.0
162.0
157.0
152.0
188.0
191.0
207.0
179.0
204.0
173.0
205.0
199.0
185.0
186.0
173.0
218.0
200.0
242.0
169.0
157.0
243.0
184.0
