290.0
254.0
414.0
271.0
339.0
232.0
310.0
250.0
318.0
236.0
285.0
304.0
258.0
339.0
277.0
307.0
274.0
264.0
256.0
272.0
277.0
276.0
280.0
242.0
379.0
270.0
269.0
280.0
257.0
286.0
271.0
293.0
248.0
300.0
304.0
234.0
277.0
247.0
292.0
273.0
265.0
272.0
270.0
248.0
330.0
233.0
361.0
249.0
284.0
254.0
264.0
262.0
274.0
260.0
271.0
281.0
271.0
299.0
322.0
295.0
278.0
246.0
243.0
314.0
258.0
280.0
244.0
269.0
287.0
251.0
283.0
274.0
239.0
308.0
342.0
285.0
244.0
329.0
234.0
288.0
276.0
291.0
298.0
267.0
253.0
265.0
277.0
272.0
268.0
284.0
284.0
266.0
277.0
246.0
273.0
319.0
291.0
272.0
252.0
305.0
266.0
302.0
318.0
312.0
248.0
275.0
295.0
276.0
260.0
301.0
327.0
240.0
257.0
246.0
276.0
278.0
243.0
282.0
275.0
289.0
228.0
256.0
246.0
215.0
274.0
296.0
299.0
285.0
266.0
276.0
264.0
277.0
281.0
275.0
259.0
281.0
268.0
273.0
236.0
310.0
327.0
301.0
238.0
261.0
287.0
302.0
279.0
324.0
310.0
236.0
435.0
245.0
301.0
282.0
237.0
262.0
238.0
290.0
247.0
241.0
285.0
267.0
285.0
270.0
396.0
290.0
294.0
278.0
268.0
272.0
277.0
335.0
290.0
235.0
265.0
268.0
265.0
261.0
245.0
286.0
254.0
314.0
338.0
288.0
272.0
291.0
248.0
264.0
259.0
230.0
266.0
285.0
250.0
227.0
267.0
257.0
282.0
251.0
259.0
242.0
