273.0
334.0
239.0
298.0
265.0
237.0
263.0
283.0
285.0
289.0
288.0
274.0
244.0
263.0
246.0
252.0
326.0
285.0
282.0
271.0
261.0
250.0
270.0
326.0
303.0
268.0
233.0
249.0
254.0
263.0
272.0
240.0
312.0
248.0
274.0
272.0
259.0
311.0
255.0
299.0
275.0
265.0
268.0
291.0
290.0
279.0
283.0
300.0
314.0
237.0
255.0
312.0
312.0
257.0
302.0
241.0
245.0
258.0
254.0
271.0
252.0
276.0
262.0
258.0
243.0
307.0
330.0
241.0
299.0
273.0
247.0
240.0
359.0
244.0
263.0
276.0
245.0
280.0
279.0
253.0
225.0
300.0
261.0
273.0
259.0
255.0
237.0
271.0
231.0
269.0
288.0
248.0
271.0
259.0
322.0
228.0
290.0
232.0
238.0
246.0
262.0
337.0
288.0
266.0
263.0
255.0
280.0
248.0
279.0
272.0
274.0
276.0
219.0
252.0
354.0
314.0
252.0
297.0
340.0
277.0
267.0
281.0
280.0
254.0
303.0
234.0
294.0
273.0
222.0
314.0
233.0
245.0
287.0
251.0
274.0
278.0
275.0
283.0
256.0
253.0
252.0
273.0
309.0
287.0
286.0
297.0
312.0
249.0
246.0
242.0
254.0
250.0
233.0
273.0
273.0
275.0
223.0
270.0
255.0
260.0
274.0
285.0
242.0
332.0
230.0
260.0
255.0
281.0
268.0
265.0
262.0
249.0
248.0
329.0
257.0
266.0
244.0
253.0
234.0
277.0
291.0
258.0
302.0
281.0
279.0
264.0
313.0
242.0
285.0
265.0
253.0
229.0
299.0
352.0
288.0
308.0
283.0
262.0
259.0
257.0
