158.0
171.0
148.0
135.0
172.0
158.0
141.0
203.0
163.0
149.0
142.0
139.0
140.0
137.0
175.0
155.0
150.0
152.0
147.0
141.0
189.0
169.0
134.0
141.0
152.0
156.0
165.0
188.0
132.0
162.0
133.0
153.0
147.0
122.0
130.0
122.0
157.0
153.0
147.0
143.0
154.0
148.0
168.0
148.0
134.0
138.0
161.0
161.0
161.0
138.0
183.0
195.0
137.0
147.0
147.0
133.0
158.0
233.0
153.0
135.0
151.0
160.0
141.0
129.0
196.0
146.0
155.0
159.0
134.0
163.0
133.0
201.0
154.0
163.0
150.0
133.0
163.0
144.0
157.0
145.0
165.0
139.0
145.0
170.0
156.0
125.0
146.0
154.0
156.0
154.0
152.0
135.0
197.0
133.0
144.0
141.0
201.0
153.0
139.0
164.0
141.0
155.0
136.0
140.0
164.0
158.0
142.0
148.0
158.0
148.0
165.0
153.0
154.0
176.0
160.0
151.0
154.0
164.0
142.0
161.0
162.0
166.0
132.0
155.0
161.0
260.0
137.0
150.0
129.0
135.0
158.0
162.0
166.0
157.0
156.0
143.0
161.0
160.0
157.0
141.0
180.0
156.0
147.0
137.0
140.0
160.0
137.0
153.0
167.0
147.0
156.0
161.0
161.0
135.0
156.0
159.0
142.0
142.0
237.0
162.0
143.0
127.0
149.0
144.0
148.0
183.0
187.0
217.0
160.0
126.0
162.0
144.0
132.0
136.0
141.0
146.0
139.0
177.0
169.0
146.0
184.0
144.0
151.0
152.0
185.0
189.0
156.0
166.0
167.0
161.0
149.0
148.0
167.0
144.0
142.0
140.0
207.0
142.0
142.0
176.0
