161.0
255.0
180.0
128.0
165.0
155.0
170.0
145.0
170.0
132.0
142.0
158.0
137.0
246.0
207.0
147.0
134.0
151.0
242.0
147.0
143.0
172.0
130.0
164.0
162.0
156.0
156.0
145.0
166.0
138.0
156.0
163.0
155.0
159.0
200.0
167.0
156.0
157.0
147.0
128.0
200.0
141.0
142.0
218.0
167.0
174.0
143.0
153.0
175.0
161.0
148.0
159.0
194.0
155.0
127.0
182.0
136.0
155.0
166.0
130.0
131.0
146.0
166.0
152.0
174.0
152.0
154.0
169.0
146.0
140.0
158.0
149.0
140.0
152.0
191.0
191.0
165.0
144.0
138.0
140.0
180.0
170.0
139.0
188.0
140.0
177.0
150.0
158.0
165.0
163.0
180.0
138.0
145.0
157.0
177.0
145.0
174.0
155.0
138.0
152.0
144.0
158.0
157.0
158.0
137.0
173.0
219.0
175.0
160.0
155.0
132.0
143.0
159.0
161.0
150.0
150.0
171.0
172.0
138.0
163.0
150.0
157.0
157.0
177.0
137.0
158.0
153.0
149.0
155.0
157.0
170.0
249.0
146.0
143.0
173.0
165.0
131.0
141.0
143.0
140.0
159.0
144.0
135.0
177.0
153.0
156.0
158.0
161.0
149.0
205.0
141.0
134.0
153.0
144.0
161.0
191.0
138.0
143.0
168.0
151.0
129.0
132.0
138.0
158.0
142.0
155.0
165.0
133.0
156.0
191.0
156.0
161.0
129.0
163.0
182.0
154.0
124.0
160.0
165.0
135.0
148.0
160.0
157.0
139.0
148.0
175.0
157.0
157.0
153.0
152.0
164.0
161.0
153.0
200.0
163.0
154.0
179.0
139.0
145.0
146.0
