141.0
140.0
156.0
164.0
153.0
155.0
142.0
148.0
162.0
174.0
164.0
156.0
130.0
125.0
128.0
145.0
129.0
146.0
150.0
133.0
160.0
151.0
135.0
140.0
146.0
160.0
165.0
169.0
167.0
127.0
144.0
134.0
145.0
161.0
142.0
151.0
132.0
143.0
156.0
156.0
141.0
142.0
148.0
154.0
138.0
147.0
147.0
144.0
135.0
145.0
143.0
150.0
130.0
150.0
145.0
144.0
144.0
162.0
157.0
139.0
159.0
131.0
134.0
153.0
150.0
152.0
161.0
137.0
137.0
151.0
156.0
164.0
134.0
144.0
158.0
125.0
144.0
137.0
153.0
133.0
142.0
129.0
141.0
148.0
144.0
138.0
140.0
122.0
145.0
152.0
131.0
126.0
157.0
131.0
195.0
129.0
161.0
145.0
149.0
140.0
146.0
155.0
138.0
131.0
126.0
136.0
129.0
163.0
136.0
131.0
146.0
148.0
153.0
161.0
129.0
156.0
141.0
137.0
138.0
133.0
137.0
158.0
135.0
156.0
149.0
160.0
133.0
170.0
141.0
138.0
174.0
153.0
141.0
138.0
143.0
149.0
151.0
148.0
133.0
142.0
145.0
133.0
135.0
149.0
138.0
158.0
173.0
137.0
143.0
149.0
120.0
133.0
134.0
146.0
140.0
129.0
149.0
128.0
150.0
140.0
134.0
132.0
152.0
147.0
143.0
144.0
149.0
132.0
164.0
147.0
149.0
163.0
201.0
116.0
143.0
172.0
151.0
151.0
150.0
156.0
150.0
119.0
165.0
148.0
149.0
164.0
147.0
150.0
146.0
136.0
143.0
188.0
141.0
162.0
149.0
150.0
133.0
130.0
138.0
150.0
