234.0
163.0
230.0
194.0
168.0
164.0
151.0
165.0
233.0
212.0
258.0
206.0
171.0
166.0
163.0
199.0
264.0
271.0
167.0
188.0
158.0
155.0
282.0
193.0
153.0
186.0
148.0
225.0
171.0
145.0
151.0
153.0
188.0
285.0
168.0
185.0
183.0
179.0
161.0
197.0
165.0
171.0
170.0
159.0
138.0
221.0
170.0
193.0
175.0
154.0
161.0
200.0
162.0
188.0
169.0
170.0
294.0
236.0
154.0
177.0
158.0
177.0
154.0
158.0
206.0
197.0
224.0
155.0
159.0
196.0
165.0
189.0
190.0
169.0
151.0
149.0
167.0
160.0
178.0
162.0
148.0
163.0
184.0
206.0
165.0
205.0
195.0
167.0
184.0
168.0
173.0
168.0
196.0
185.0
148.0
154.0
244.0
173.0
154.0
179.0
161.0
341.0
243.0
181.0
203.0
165.0
180.0
164.0
168.0
169.0
215.0
170.0
164.0
162.0
299.0
247.0
195.0
198.0
189.0
271.0
239.0
206.0
205.0
195.0
166.0
245.0
181.0
185.0
173.0
167.0
157.0
210.0
144.0
166.0
150.0
158.0
157.0
235.0
149.0
168.0
277.0
177.0
192.0
174.0
160.0
195.0
155.0
178.0
229.0
216.0
174.0
170.0
196.0
185.0
169.0
153.0
142.0
156.0
152.0
155.0
184.0
290.0
265.0
141.0
177.0
188.0
153.0
155.0
181.0
157.0
284.0
203.0
162.0
183.0
156.0
168.0
165.0
167.0
220.0
203.0
162.0
184.0
285.0
268.0
189.0
167.0
161.0
148.0
188.0
223.0
138.0
224.0
213.0
173.0
213.0
184.0
168.0
210.0
241.0
160.0
