306.0
314.0
220.0
269.0
243.0
264.0
256.0
230.0
272.0
278.0
246.0
268.0
248.0
279.0
272.0
250.0
311.0
238.0
249.0
279.0
257.0
254.0
264.0
276.0
257.0
275.0
243.0
265.0
310.0
292.0
292.0
241.0
248.0
218.0
265.0
236.0
279.0
230.0
250.0
239.0
250.0
201.0
281.0
238.0
277.0
284.0
319.0
272.0
245.0
231.0
267.0
298.0
255.0
274.0
234.0
251.0
212.0
237.0
277.0
300.0
272.0
229.0
318.0
232.0
311.0
321.0
274.0
255.0
286.0
300.0
284.0
249.0
288.0
273.0
223.0
233.0
275.0
243.0
278.0
259.0
302.0
268.0
266.0
246.0
245.0
221.0
240.0
281.0
282.0
247.0
230.0
247.0
249.0
244.0
267.0
298.0
275.0
259.0
232.0
310.0
292.0
276.0
304.0
248.0
263.0
250.0
287.0
235.0
239.0
286.0
289.0
275.0
247.0
325.0
292.0
261.0
240.0
281.0
239.0
241.0
232.0
246.0
252.0
310.0
290.0
253.0
248.0
249.0
259.0
267.0
251.0
296.0
254.0
263.0
233.0
249.0
266.0
258.0
238.0
251.0
263.0
261.0
255.0
257.0
216.0
249.0
294.0
238.0
256.0
298.0
256.0
257.0
232.0
333.0
298.0
301.0
245.0
286.0
230.0
251.0
256.0
255.0
321.0
256.0
283.0
289.0
293.0
274.0
239.0
243.0
234.0
259.0
265.0
249.0
239.0
220.0
329.0
273.0
254.0
242.0
245.0
251.0
242.0
252.0
271.0
255.0
240.0
232.0
270.0
231.0
221.0
268.0
218.0
271.0
277.0
252.0
243.0
286.0
232.0
236.0
