152.0
186.0
132.0
143.0
193.0
163.0
181.0
172.0
132.0
133.0
140.0
155.0
162.0
156.0
143.0
142.0
152.0
146.0
132.0
171.0
164.0
132.0
148.0
129.0
161.0
144.0
165.0
152.0
139.0
142.0
168.0
148.0
165.0
228.0
185.0
175.0
167.0
153.0
175.0
135.0
153.0
140.0
184.0
173.0
134.0
140.0
145.0
142.0
158.0
184.0
154.0
168.0
174.0
151.0
161.0
171.0
147.0
231.0
175.0
166.0
175.0
146.0
237.0
157.0
150.0
153.0
200.0
200.0
175.0
137.0
136.0
150.0
145.0
133.0
156.0
140.0
155.0
173.0
138.0
151.0
174.0
181.0
161.0
165.0
137.0
148.0
140.0
153.0
174.0
164.0
154.0
160.0
145.0
142.0
174.0
149.0
143.0
158.0
192.0
189.0
358.0
146.0
149.0
145.0
146.0
157.0
126.0
171.0
135.0
156.0
131.0
156.0
144.0
149.0
172.0
162.0
162.0
164.0
154.0
206.0
164.0
164.0
135.0
131.0
144.0
168.0
146.0
151.0
166.0
178.0
141.0
147.0
141.0
150.0
138.0
167.0
145.0
148.0
157.0
140.0
122.0
133.0
169.0
154.0
174.0
168.0
175.0
133.0
150.0
153.0
231.0
243.0
173.0
190.0
161.0
178.0
177.0
164.0
143.0
153.0
149.0
154.0
170.0
143.0
164.0
170.0
147.0
181.0
120.0
176.0
147.0
155.0
175.0
158.0
137.0
162.0
174.0
209.0
166.0
135.0
261.0
165.0
139.0
155.0
190.0
198.0
175.0
156.0
180.0
160.0
170.0
167.0
167.0
167.0
152.0
159.0
157.0
175.0
192.0
161.0
