258.0
341.0
239.0
199.0
251.0
247.0
205.0
223.0
181.0
176.0
179.0
367.0
243.0
161.0
179.0
162.0
182.0
168.0
159.0
162.0
202.0
212.0
271.0
241.0
182.0
173.0
228.0
223.0
312.0
224.0
186.0
177.0
179.0
163.0
168.0
207.0
168.0
167.0
193.0
183.0
225.0
253.0
224.0
183.0
171.0
159.0
224.0
192.0
222.0
229.0
186.0
249.0
226.0
221.0
165.0
231.0
210.0
238.0
144.0
264.0
274.0
212.0
203.0
168.0
227.0
179.0
221.0
202.0
166.0
195.0
268.0
234.0
177.0
180.0
151.0
220.0
206.0
210.0
217.0
219.0
167.0
171.0
156.0
182.0
193.0
194.0
179.0
195.0
230.0
262.0
233.0
160.0
216.0
171.0
189.0
168.0
197.0
151.0
170.0
282.0
173.0
192.0
185.0
202.0
191.0
201.0
245.0
190.0
212.0
199.0
230.0
258.0
222.0
155.0
254.0
237.0
287.0
181.0
143.0
208.0
263.0
347.0
294.0
220.0
177.0
172.0
185.0
198.0
245.0
160.0
183.0
159.0
151.0
142.0
206.0
162.0
185.0
178.0
172.0
220.0
165.0
214.0
166.0
172.0
178.0
259.0
251.0
188.0
197.0
156.0
175.0
202.0
187.0
214.0
161.0
192.0
205.0
288.0
170.0
204.0
138.0
166.0
159.0
217.0
206.0
211.0
206.0
173.0
177.0
165.0
259.0
224.0
200.0
230.0
203.0
193.0
147.0
282.0
250.0
239.0
230.0
164.0
192.0
206.0
168.0
183.0
176.0
212.0
184.0
161.0
227.0
156.0
274.0
252.0
250.0
197.0
166.0
172.0
179.0
179.0
