265.0
246.0
261.0
260.0
259.0
260.0
295.0
233.0
270.0
267.0
231.0
233.0
278.0
267.0
213.0
261.0
223.0
246.0
248.0
271.0
288.0
274.0
230.0
257.0
254.0
236.0
282.0
219.0
220.0
264.0
261.0
244.0
298.0
279.0
245.0
267.0
260.0
226.0
218.0
270.0
254.0
331.0
225.0
316.0
282.0
252.0
230.0
277.0
222.0
226.0
247.0
213.0
275.0
251.0
248.0
250.0
256.0
241.0
279.0
223.0
242.0
288.0
252.0
247.0
240.0
265.0
258.0
273.0
300.0
277.0
227.0
269.0
247.0
359.0
275.0
249.0
225.0
241.0
263.0
301.0
260.0
250.0
229.0
211.0
237.0
298.0
279.0
288.0
264.0
284.0
278.0
267.0
235.0
258.0
270.0
295.0
270.0
277.0
256.0
272.0
244.0
301.0
264.0
244.0
239.0
291.0
251.0
233.0
278.0
241.0
263.0
261.0
265.0
257.0
273.0
271.0
264.0
286.0
263.0
222.0
242.0
248.0
250.0
247.0
244.0
235.0
267.0
267.0
284.0
232.0
283.0
216.0
238.0
235.0
239.0
248.0
228.0
236.0
281.0
240.0
254.0
258.0
232.0
268.0
232.0
233.0
233.0
240.0
269.0
248.0
263.0
251.0
262.0
225.0
234.0
255.0
258.0
269.0
264.0
285.0
305.0
250.0
292.0
257.0
239.0
244.0
248.0
273.0
230.0
237.0
221.0
265.0
288.0
263.0
257.0
273.0
280.0
247.0
231.0
255.0
282.0
286.0
224.0
241.0
260.0
359.0
266.0
274.0
260.0
310.0
249.0
229.0
231.0
234.0
288.0
285.0
239.0
244.0
296.0
250.0
