129.0
171.0
258.0
147.0
151.0
130.0
159.0
145.0
145.0
186.0
156.0
131.0
151.0
177.0
118.0
162.0
150.0
189.0
151.0
136.0
168.0
144.0
196.0
163.0
173.0
167.0
163.0
135.0
140.0
134.0
142.0
148.0
170.0
140.0
162.0
150.0
203.0
140.0
174.0
141.0
148.0
165.0
168.0
152.0
163.0
130.0
140.0
188.0
172.0
214.0
145.0
179.0
170.0
160.0
146.0
167.0
169.0
159.0
138.0
283.0
148.0
148.0
162.0
222.0
163.0
141.0
159.0
179.0
169.0
167.0
157.0
154.0
149.0
148.0
163.0
144.0
164.0
158.0
155.0
181.0
175.0
157.0
146.0
159.0
183.0
162.0
134.0
181.0
152.0
168.0
157.0
223.0
143.0
137.0
128.0
161.0
138.0
137.0
183.0
137.0
141.0
151.0
131.0
165.0
148.0
183.0
152.0
131.0
157.0
208.0
131.0
169.0
136.0
173.0
156.0
142.0
144.0
163.0
162.0
153.0
151.0
149.0
141.0
165.0
152.0
157.0
135.0
134.0
181.0
134.0
201.0
173.0
128.0
170.0
203.0
148.0
163.0
176.0
144.0
154.0
165.0
172.0
170.0
154.0
142.0
168.0
181.0
160.0
138.0
141.0
145.0
157.0
193.0
144.0
162.0
152.0
136.0
153.0
182.0
165.0
176.0
148.0
145.0
137.0
130.0
153.0
150.0
166.0
164.0
159.0
157.0
133.0
130.0
138.0
154.0
165.0
168.0
166.0
131.0
142.0
166.0
132.0
214.0
176.0
235.0
130.0
153.0
291.0
153.0
156.0
142.0
195.0
162.0
125.0
145.0
132.0
156.0
173.0
139.0
186.0
