143.0
163.0
149.0
142.0
173.0
162.0
147.0
157.0
175.0
156.0
160.0
170.0
155.0
137.0
157.0
137.0
155.0
197.0
202.0
130.0
154.0
156.0
162.0
207.0
215.0
169.0
178.0
192.0
204.0
161.0
146.0
142.0
151.0
160.0
299.0
193.0
144.0
152.0
161.0
167.0
163.0
196.0
144.0
157.0
157.0
141.0
191.0
174.0
155.0
190.0
148.0
150.0
149.0
149.0
129.0
156.0
201.0
139.0
206.0
149.0
158.0
157.0
170.0
143.0
147.0
138.0
152.0
171.0
162.0
134.0
145.0
172.0
181.0
146.0
154.0
177.0
142.0
175.0
159.0
144.0
157.0
180.0
147.0
188.0
180.0
145.0
178.0
175.0
150.0
167.0
173.0
152.0
135.0
169.0
188.0
166.0
156.0
126.0
151.0
144.0
158.0
236.0
201.0
168.0
141.0
159.0
160.0
150.0
178.0
141.0
144.0
170.0
149.0
145.0
158.0
152.0
154.0
149.0
197.0
174.0
164.0
144.0
151.0
131.0
178.0
177.0
217.0
175.0
169.0
167.0
148.0
156.0
152.0
147.0
177.0
157.0
169.0
153.0
273.0
182.0
248.0
154.0
186.0
155.0
159.0
168.0
141.0
138.0
164.0
146.0
156.0
217.0
148.0
188.0
149.0
163.0
156.0
207.0
171.0
304.0
139.0
176.0
196.0
210.0
165.0
157.0
172.0
154.0
139.0
158.0
148.0
170.0
153.0
163.0
165.0
173.0
185.0
181.0
205.0
157.0
177.0
140.0
169.0
149.0
181.0
151.0
176.0
155.0
191.0
145.0
148.0
167.0
147.0
138.0
175.0
158.0
160.0
161.0
159.0
177.0
