167.0
222.0
172.0
321.0
356.0
285.0
225.0
171.0
190.0
223.0
214.0
182.0
209.0
214.0
222.0
183.0
208.0
223.0
463.0
354.0
311.0
370.0
444.0
489.0
420.0
403.0
393.0
392.0
305.0
341.0
288.0
267.0
299.0
288.0
294.0
328.0
231.0
182.0
169.0
210.0
184.0
180.0
175.0
233.0
215.0
243.0
196.0
241.0
248.0
233.0
314.0
335.0
334.0
263.0
204.0
164.0
172.0
175.0
178.0
216.0
254.0
287.0
318.0
340.0
421.0
606.0
648.0
627.0
661.0
639.0
626.0
605.0
606.0
514.0
425.0
307.0
316.0
290.0
300.0
288.0
295.0
256.0
227.0
179.0
282.0
258.0
292.0
255.0
229.0
238.0
240.0
265.0
274.0
249.0
238.0
240.0
245.0
268.0
280.0
327.0
294.0
224.0
197.0
175.0
289.0
266.0
281.0
220.0
333.0
308.0
256.0
234.0
177.0
211.0
194.0
286.0
305.0
244.0
229.0
251.0
219.0
151.0
206.0
188.0
193.0
200.0
247.0
259.0
236.0
202.0
198.0
190.0
225.0
174.0
218.0
215.0
218.0
223.0
268.0
224.0
179.0
175.0
206.0
189.0
184.0
219.0
226.0
232.0
237.0
315.0
316.0
247.0
241.0
232.0
172.0
227.0
276.0
197.0
203.0
226.0
179.0
199.0
339.0
383.0
405.0
387.0
507.0
537.0
734.0
600.0
593.0
601.0
535.0
490.0
472.0
516.0
573.0
695.0
799.0
764.0
803.0
924.0
731.0
716.0
832.0
818.0
669.0
876.0
752.0
826.0
770.0
802.0
895.0
713.0
663.0
719.0
776.0
819.0
807.0
778.0
