133.0
208.0
140.0
163.0
155.0
158.0
146.0
197.0
160.0
167.0
135.0
184.0
152.0
130.0
217.0
164.0
147.0
243.0
208.0
150.0
187.0
168.0
230.0
157.0
166.0
151.0
189.0
155.0
156.0
170.0
159.0
172.0
162.0
178.0
147.0
210.0
165.0
145.0
157.0
183.0
154.0
146.0
147.0
157.0
167.0
209.0
145.0
138.0
161.0
160.0
195.0
130.0
156.0
269.0
150.0
155.0
200.0
174.0
134.0
184.0
164.0
167.0
175.0
179.0
183.0
166.0
159.0
184.0
157.0
160.0
168.0
189.0
156.0
178.0
145.0
149.0
200.0
156.0
167.0
138.0
172.0
171.0
163.0
162.0
143.0
148.0
156.0
171.0
151.0
129.0
158.0
194.0
153.0
149.0
164.0
150.0
163.0
247.0
191.0
149.0
165.0
172.0
162.0
180.0
168.0
134.0
175.0
231.0
170.0
143.0
168.0
148.0
140.0
174.0
136.0
154.0
153.0
172.0
160.0
145.0
183.0
202.0
160.0
215.0
171.0
198.0
133.0
156.0
187.0
189.0
155.0
136.0
155.0
150.0
155.0
228.0
191.0
154.0
166.0
152.0
146.0
167.0
168.0
159.0
179.0
187.0
226.0
145.0
156.0
233.0
168.0
155.0
165.0
141.0
218.0
174.0
147.0
143.0
156.0
168.0
198.0
151.0
194.0
145.0
182.0
219.0
167.0
166.0
220.0
181.0
190.0
221.0
147.0
145.0
208.0
147.0
163.0
129.0
311.0
199.0
148.0
150.0
165.0
202.0
153.0
176.0
137.0
190.0
155.0
152.0
136.0
181.0
151.0
181.0
146.0
154.0
147.0
167.0
150.0
142.0
