222.0
314.0
245.0
258.0
242.0
295.0
249.0
241.0
254.0
244.0
274.0
262.0
264.0
229.0
259.0
295.0
245.0
225.0
265.0
256.0
286.0
277.0
249.0
257.0
259.0
239.0
233.0
258.0
223.0
248.0
275.0
276.0
241.0
248.0
282.0
253.0
322.0
244.0
256.0
243.0
226.0
344.0
247.0
279.0
241.0
251.0
277.0
291.0
237.0
264.0
271.0
240.0
265.0
242.0
260.0
225.0
273.0
244.0
268.0
236.0
258.0
273.0
318.0
241.0
230.0
300.0
285.0
261.0
256.0
270.0
245.0
316.0
206.0
240.0
241.0
260.0
254.0
259.0
254.0
233.0
258.0
235.0
243.0
262.0
251.0
285.0
236.0
306.0
235.0
263.0
252.0
280.0
247.0
251.0
226.0
272.0
237.0
261.0
235.0
308.0
244.0
357.0
295.0
271.0
245.0
239.0
284.0
220.0
256.0
254.0
244.0
266.0
256.0
264.0
225.0
244.0
282.0
259.0
233.0
262.0
257.0
254.0
269.0
245.0
236.0
266.0
241.0
244.0
239.0
270.0
240.0
277.0
258.0
261.0
296.0
251.0
260.0
272.0
244.0
258.0
241.0
294.0
240.0
280.0
253.0
267.0
272.0
245.0
228.0
259.0
291.0
266.0
248.0
326.0
270.0
240.0
223.0
247.0
257.0
217.0
269.0
262.0
255.0
254.0
240.0
305.0
251.0
238.0
270.0
266.0
262.0
243.0
239.0
285.0
230.0
237.0
258.0
286.0
291.0
256.0
269.0
208.0
242.0
253.0
296.0
248.0
293.0
232.0
284.0
261.0
325.0
318.0
284.0
272.0
241.0
227.0
254.0
289.0
247.0
290.0
