275.0
259.0
305.0
329.0
279.0
275.0
287.0
217.0
328.0
250.0
220.0
216.0
226.0
201.0
193.0
235.0
223.0
280.0
261.0
279.0
291.0
290.0
210.0
227.0
226.0
193.0
230.0
210.0
196.0
180.0
226.0
322.0
230.0
232.0
169.0
178.0
181.0
330.0
248.0
191.0
178.0
230.0
196.0
256.0
215.0
203.0
151.0
179.0
234.0
229.0
231.0
196.0
209.0
210.0
235.0
236.0
188.0
190.0
212.0
172.0
151.0
198.0
155.0
214.0
219.0
210.0
209.0
283.0
271.0
162.0
150.0
177.0
172.0
231.0
229.0
232.0
205.0
201.0
214.0
174.0
182.0
321.0
401.0
331.0
258.0
252.0
237.0
203.0
175.0
168.0
168.0
172.0
217.0
224.0
217.0
202.0
196.0
285.0
342.0
248.0
292.0
259.0
341.0
253.0
211.0
211.0
234.0
225.0
181.0
249.0
207.0
170.0
173.0
168.0
190.0
176.0
165.0
209.0
224.0
179.0
202.0
201.0
212.0
181.0
159.0
191.0
177.0
200.0
280.0
239.0
225.0
266.0
180.0
203.0
168.0
224.0
206.0
205.0
402.0
377.0
343.0
350.0
242.0
193.0
182.0
277.0
270.0
213.0
248.0
286.0
196.0
178.0
169.0
154.0
220.0
225.0
211.0
183.0
196.0
220.0
160.0
216.0
178.0
193.0
193.0
252.0
245.0
153.0
202.0
145.0
175.0
207.0
178.0
183.0
156.0
190.0
195.0
218.0
177.0
199.0
179.0
183.0
213.0
190.0
151.0
161.0
243.0
191.0
336.0
292.0
233.0
214.0
166.0
151.0
169.0
200.0
242.0
191.0
163.0
191.0
