151.0
197.0
212.0
184.0
214.0
196.0
249.0
258.0
207.0
145.0
211.0
185.0
219.0
189.0
345.0
235.0
208.0
156.0
169.0
196.0
152.0
142.0
153.0
144.0
157.0
164.0
143.0
194.0
290.0
211.0
195.0
185.0
155.0
164.0
186.0
149.0
184.0
235.0
195.0
163.0
166.0
148.0
200.0
196.0
199.0
172.0
220.0
162.0
183.0
173.0
156.0
255.0
191.0
151.0
164.0
167.0
149.0
155.0
206.0
220.0
191.0
193.0
178.0
183.0
249.0
201.0
171.0
160.0
173.0
154.0
204.0
171.0
154.0
268.0
214.0
157.0
190.0
148.0
158.0
183.0
176.0
171.0
156.0
170.0
201.0
182.0
209.0
218.0
199.0
172.0
173.0
333.0
242.0
205.0
222.0
225.0
182.0
179.0
176.0
150.0
144.0
155.0
158.0
281.0
217.0
232.0
194.0
187.0
260.0
144.0
161.0
238.0
161.0
195.0
228.0
162.0
243.0
359.0
340.0
268.0
223.0
180.0
192.0
181.0
223.0
205.0
164.0
181.0
207.0
234.0
183.0
209.0
184.0
247.0
172.0
176.0
164.0
250.0
150.0
176.0
155.0
166.0
168.0
161.0
296.0
250.0
157.0
229.0
179.0
290.0
234.0
171.0
189.0
176.0
161.0
183.0
256.0
163.0
156.0
180.0
252.0
164.0
144.0
186.0
293.0
170.0
236.0
168.0
154.0
161.0
268.0
206.0
224.0
280.0
219.0
182.0
186.0
193.0
186.0
215.0
160.0
159.0
219.0
180.0
255.0
200.0
210.0
142.0
172.0
198.0
164.0
276.0
221.0
148.0
155.0
156.0
177.0
185.0
171.0
176.0
