165.0
141.0
143.0
147.0
149.0
152.0
133.0
184.0
146.0
179.0
148.0
158.0
162.0
145.0
187.0
207.0
153.0
164.0
157.0
164.0
166.0
140.0
155.0
167.0
171.0
139.0
158.0
143.0
149.0
174.0
149.0
163.0
140.0
156.0
153.0
162.0
146.0
131.0
137.0
212.0
167.0
157.0
164.0
188.0
158.0
165.0
186.0
148.0
194.0
157.0
219.0
137.0
142.0
161.0
140.0
169.0
150.0
233.0
154.0
178.0
215.0
161.0
160.0
149.0
167.0
184.0
164.0
169.0
176.0
163.0
163.0
186.0
152.0
151.0
139.0
159.0
176.0
165.0
156.0
145.0
141.0
201.0
157.0
135.0
156.0
143.0
137.0
174.0
155.0
161.0
159.0
143.0
169.0
151.0
170.0
167.0
159.0
171.0
171.0
159.0
145.0
138.0
155.0
141.0
154.0
151.0
138.0
148.0
140.0
137.0
148.0
156.0
150.0
163.0
144.0
169.0
158.0
183.0
176.0
234.0
176.0
150.0
158.0
153.0
153.0
152.0
161.0
161.0
165.0
146.0
135.0
145.0
201.0
168.0
149.0
140.0
147.0
168.0
198.0
161.0
166.0
127.0
140.0
228.0
154.0
155.0
149.0
190.0
154.0
145.0
161.0
152.0
175.0
173.0
148.0
154.0
186.0
145.0
135.0
134.0
178.0
165.0
135.0
160.0
139.0
174.0
133.0
143.0
137.0
137.0
153.0
143.0
200.0
151.0
171.0
179.0
181.0
143.0
143.0
216.0
135.0
170.0
189.0
159.0
191.0
179.0
147.0
174.0
236.0
160.0
151.0
151.0
163.0
159.0
152.0
190.0
133.0
160.0
139.0
143.0
