145.0
126.0
159.0
142.0
135.0
140.0
168.0
153.0
159.0
132.0
164.0
162.0
147.0
146.0
144.0
142.0
174.0
136.0
160.0
135.0
138.0
162.0
144.0
151.0
169.0
156.0
137.0
133.0
137.0
174.0
144.0
138.0
121.0
131.0
146.0
128.0
194.0
140.0
151.0
145.0
156.0
158.0
136.0
139.0
158.0
153.0
163.0
151.0
142.0
137.0
142.0
153.0
155.0
139.0
146.0
151.0
153.0
141.0
143.0
148.0
147.0
133.0
141.0
144.0
171.0
136.0
137.0
146.0
170.0
150.0
132.0
133.0
151.0
163.0
132.0
144.0
148.0
150.0
140.0
130.0
154.0
148.0
165.0
126.0
228.0
132.0
155.0
150.0
169.0
165.0
149.0
140.0
163.0
125.0
135.0
147.0
128.0
154.0
148.0
152.0
141.0
132.0
128.0
132.0
130.0
165.0
174.0
154.0
145.0
142.0
154.0
126.0
150.0
133.0
183.0
147.0
175.0
131.0
160.0
175.0
140.0
135.0
153.0
160.0
131.0
130.0
154.0
177.0
135.0
156.0
188.0
160.0
126.0
132.0
124.0
148.0
120.0
135.0
133.0
152.0
144.0
150.0
133.0
156.0
144.0
138.0
150.0
172.0
156.0
157.0
121.0
149.0
144.0
131.0
162.0
137.0
237.0
127.0
123.0
146.0
184.0
142.0
140.0
150.0
165.0
154.0
148.0
138.0
136.0
152.0
128.0
125.0
167.0
122.0
157.0
132.0
207.0
130.0
145.0
160.0
157.0
139.0
131.0
166.0
142.0
147.0
143.0
123.0
146.0
154.0
134.0
143.0
148.0
151.0
164.0
148.0
150.0
154.0
155.0
149.0
