151.0
151.0
200.0
188.0
162.0
185.0
183.0
133.0
192.0
201.0
171.0
180.0
164.0
170.0
187.0
180.0
177.0
190.0
187.0
168.0
192.0
180.0
204.0
169.0
173.0
174.0
307.0
151.0
168.0
160.0
151.0
172.0
180.0
193.0
270.0
185.0
190.0
166.0
162.0
168.0
235.0
178.0
177.0
167.0
224.0
154.0
173.0
168.0
196.0
178.0
196.0
150.0
180.0
193.0
164.0
200.0
151.0
192.0
158.0
148.0
151.0
145.0
187.0
213.0
165.0
176.0
166.0
173.0
231.0
149.0
215.0
326.0
199.0
154.0
155.0
158.0
166.0
146.0
161.0
207.0
195.0
188.0
229.0
157.0
167.0
217.0
153.0
189.0
157.0
184.0
167.0
155.0
192.0
155.0
149.0
166.0
213.0
148.0
218.0
158.0
177.0
200.0
159.0
183.0
176.0
132.0
174.0
228.0
160.0
214.0
169.0
182.0
197.0
193.0
157.0
164.0
173.0
153.0
157.0
190.0
148.0
160.0
214.0
137.0
174.0
143.0
154.0
170.0
139.0
155.0
192.0
168.0
227.0
167.0
154.0
199.0
171.0
209.0
148.0
167.0
164.0
172.0
154.0
162.0
164.0
145.0
146.0
188.0
319.0
245.0
155.0
203.0
163.0
164.0
223.0
197.0
204.0
157.0
155.0
244.0
179.0
162.0
151.0
169.0
147.0
142.0
161.0
174.0
165.0
166.0
256.0
211.0
149.0
142.0
213.0
195.0
174.0
211.0
159.0
255.0
204.0
153.0
153.0
166.0
232.0
153.0
209.0
188.0
162.0
243.0
142.0
196.0
237.0
245.0
170.0
186.0
182.0
209.0
164.0
176.0
