141.0
151.0
184.0
184.0
156.0
168.0
171.0
149.0
163.0
145.0
151.0
175.0
163.0
234.0
159.0
162.0
141.0
164.0
157.0
150.0
171.0
236.0
160.0
190.0
165.0
183.0
168.0
144.0
167.0
148.0
149.0
155.0
194.0
289.0
167.0
144.0
154.0
147.0
146.0
140.0
156.0
174.0
144.0
180.0
178.0
156.0
145.0
174.0
139.0
167.0
181.0
156.0
131.0
187.0
138.0
153.0
142.0
161.0
180.0
189.0
131.0
179.0
166.0
156.0
145.0
168.0
157.0
149.0
173.0
159.0
158.0
136.0
146.0
163.0
154.0
159.0
143.0
149.0
405.0
213.0
157.0
137.0
128.0
156.0
179.0
144.0
142.0
187.0
198.0
217.0
164.0
180.0
157.0
149.0
179.0
148.0
136.0
139.0
168.0
220.0
138.0
143.0
156.0
146.0
164.0
149.0
174.0
136.0
155.0
156.0
155.0
127.0
174.0
187.0
149.0
133.0
224.0
163.0
188.0
195.0
238.0
176.0
175.0
183.0
159.0
157.0
148.0
149.0
155.0
156.0
162.0
148.0
193.0
194.0
187.0
170.0
139.0
147.0
168.0
205.0
197.0
167.0
159.0
174.0
165.0
136.0
283.0
173.0
184.0
143.0
151.0
176.0
156.0
162.0
182.0
156.0
178.0
166.0
157.0
176.0
155.0
169.0
155.0
178.0
164.0
145.0
184.0
173.0
146.0
145.0
160.0
137.0
154.0
205.0
133.0
162.0
140.0
179.0
178.0
184.0
136.0
170.0
145.0
149.0
171.0
167.0
186.0
179.0
144.0
221.0
149.0
158.0
174.0
163.0
137.0
184.0
169.0
153.0
151.0
132.0
