196.0
210.0
177.0
184.0
207.0
223.0
219.0
199.0
246.0
166.0
220.0
239.0
183.0
167.0
175.0
161.0
204.0
159.0
200.0
202.0
217.0
154.0
179.0
195.0
174.0
203.0
190.0
206.0
179.0
181.0
202.0
193.0
155.0
195.0
167.0
196.0
211.0
135.0
188.0
174.0
242.0
171.0
155.0
178.0
193.0
193.0
232.0
172.0
150.0
191.0
170.0
164.0
308.0
285.0
227.0
177.0
270.0
274.0
164.0
199.0
197.0
222.0
257.0
234.0
207.0
166.0
172.0
234.0
185.0
177.0
155.0
215.0
195.0
203.0
189.0
190.0
174.0
226.0
176.0
209.0
203.0
210.0
195.0
206.0
223.0
194.0
171.0
193.0
212.0
230.0
223.0
188.0
163.0
169.0
180.0
208.0
293.0
262.0
249.0
244.0
331.0
280.0
243.0
217.0
266.0
188.0
186.0
144.0
253.0
200.0
239.0
190.0
180.0
157.0
197.0
267.0
236.0
186.0
191.0
194.0
186.0
203.0
190.0
207.0
252.0
167.0
183.0
209.0
206.0
214.0
140.0
178.0
213.0
189.0
144.0
159.0
188.0
215.0
211.0
308.0
292.0
230.0
201.0
224.0
190.0
258.0
178.0
398.0
304.0
294.0
219.0
161.0
176.0
183.0
166.0
182.0
349.0
254.0
233.0
170.0
332.0
276.0
185.0
177.0
213.0
169.0
172.0
181.0
186.0
190.0
190.0
207.0
157.0
170.0
176.0
174.0
213.0
237.0
241.0
177.0
172.0
180.0
177.0
194.0
209.0
194.0
174.0
163.0
216.0
154.0
182.0
191.0
197.0
215.0
178.0
155.0
145.0
168.0
226.0
147.0
