175.0
156.0
170.0
137.0
134.0
151.0
155.0
154.0
141.0
181.0
155.0
185.0
212.0
216.0
189.0
161.0
172.0
157.0
151.0
164.0
245.0
200.0
160.0
220.0
189.0
155.0
168.0
156.0
164.0
183.0
166.0
169.0
226.0
136.0
167.0
209.0
147.0
178.0
149.0
167.0
136.0
158.0
160.0
176.0
154.0
190.0
210.0
148.0
162.0
173.0
149.0
146.0
162.0
157.0
137.0
221.0
156.0
202.0
176.0
185.0
149.0
156.0
159.0
152.0
144.0
149.0
161.0
164.0
145.0
165.0
156.0
155.0
171.0
140.0
167.0
145.0
152.0
156.0
163.0
215.0
182.0
177.0
144.0
156.0
161.0
138.0
198.0
152.0
150.0
141.0
160.0
143.0
173.0
174.0
199.0
158.0
170.0
238.0
170.0
160.0
155.0
150.0
141.0
162.0
149.0
172.0
173.0
152.0
239.0
184.0
176.0
203.0
200.0
155.0
220.0
224.0
130.0
196.0
179.0
166.0
191.0
163.0
170.0
166.0
155.0
176.0
174.0
165.0
169.0
177.0
169.0
226.0
185.0
166.0
166.0
165.0
178.0
154.0
152.0
164.0
154.0
149.0
174.0
153.0
152.0
208.0
190.0
186.0
179.0
185.0
200.0
162.0
176.0
154.0
165.0
148.0
185.0
265.0
158.0
154.0
145.0
141.0
174.0
167.0
138.0
193.0
144.0
170.0
161.0
217.0
153.0
183.0
180.0
151.0
146.0
150.0
152.0
153.0
159.0
161.0
155.0
209.0
149.0
148.0
185.0
212.0
150.0
143.0
197.0
169.0
203.0
165.0
140.0
177.0
204.0
170.0
159.0
164.0
221.0
161.0
