146.0
170.0
133.0
203.0
137.0
202.0
147.0
145.0
172.0
179.0
155.0
161.0
131.0
162.0
150.0
179.0
164.0
156.0
148.0
137.0
154.0
137.0
142.0
187.0
150.0
136.0
152.0
174.0
184.0
138.0
148.0
151.0
170.0
157.0
136.0
143.0
128.0
145.0
167.0
136.0
220.0
170.0
164.0
194.0
151.0
140.0
170.0
152.0
177.0
164.0
148.0
164.0
181.0
212.0
163.0
141.0
171.0
161.0
150.0
166.0
161.0
170.0
157.0
210.0
150.0
161.0
142.0
138.0
148.0
133.0
155.0
161.0
157.0
149.0
130.0
166.0
152.0
170.0
154.0
135.0
136.0
161.0
169.0
146.0
144.0
153.0
157.0
154.0
187.0
149.0
147.0
169.0
284.0
199.0
173.0
153.0
149.0
145.0
158.0
167.0
177.0
151.0
185.0
147.0
165.0
137.0
199.0
135.0
131.0
205.0
197.0
140.0
151.0
161.0
150.0
165.0
177.0
138.0
146.0
165.0
172.0
160.0
131.0
181.0
164.0
159.0
147.0
159.0
156.0
187.0
138.0
137.0
180.0
147.0
166.0
162.0
160.0
155.0
185.0
153.0
160.0
152.0
161.0
161.0
165.0
154.0
166.0
158.0
216.0
152.0
153.0
165.0
158.0
145.0
146.0
159.0
144.0
157.0
133.0
161.0
149.0
173.0
149.0
182.0
193.0
141.0
185.0
177.0
299.0
175.0
141.0
163.0
150.0
181.0
159.0
179.0
159.0
174.0
137.0
145.0
166.0
158.0
136.0
180.0
175.0
163.0
156.0
166.0
192.0
162.0
176.0
156.0
141.0
142.0
144.0
172.0
154.0
144.0
143.0
151.0
