226.0
238.0
236.0
213.0
211.0
203.0
172.0
174.0
179.0
155.0
186.0
174.0
207.0
177.0
154.0
188.0
164.0
159.0
165.0
210.0
189.0
226.0
179.0
422.0
315.0
206.0
266.0
265.0
196.0
154.0
297.0
234.0
208.0
192.0
203.0
172.0
203.0
239.0
269.0
247.0
181.0
180.0
165.0
227.0
173.0
216.0
178.0
157.0
267.0
242.0
238.0
196.0
179.0
226.0
194.0
226.0
202.0
184.0
187.0
157.0
208.0
171.0
221.0
194.0
181.0
179.0
199.0
232.0
241.0
196.0
164.0
224.0
221.0
204.0
221.0
188.0
227.0
224.0
184.0
228.0
170.0
274.0
231.0
240.0
262.0
245.0
277.0
264.0
247.0
258.0
274.0
298.0
249.0
211.0
194.0
246.0
201.0
207.0
179.0
220.0
164.0
169.0
240.0
193.0
186.0
175.0
219.0
169.0
212.0
276.0
258.0
274.0
219.0
198.0
185.0
243.0
244.0
199.0
160.0
182.0
175.0
161.0
183.0
206.0
183.0
203.0
245.0
155.0
170.0
201.0
198.0
169.0
278.0
338.0
460.0
484.0
414.0
312.0
302.0
396.0
323.0
291.0
393.0
418.0
472.0
473.0
349.0
259.0
210.0
230.0
253.0
240.0
249.0
177.0
177.0
203.0
199.0
239.0
179.0
224.0
202.0
160.0
192.0
173.0
192.0
255.0
279.0
271.0
278.0
277.0
230.0
221.0
234.0
173.0
167.0
209.0
189.0
257.0
244.0
216.0
181.0
177.0
201.0
172.0
364.0
416.0
321.0
289.0
229.0
271.0
300.0
257.0
203.0
191.0
184.0
184.0
239.0
352.0
287.0
270.0
