189.0
285.0
232.0
199.0
225.0
209.0
154.0
163.0
162.0
219.0
190.0
239.0
253.0
219.0
168.0
154.0
188.0
182.0
196.0
171.0
220.0
185.0
199.0
185.0
243.0
168.0
174.0
208.0
148.0
220.0
350.0
244.0
165.0
159.0
205.0
272.0
189.0
160.0
282.0
195.0
208.0
170.0
235.0
191.0
160.0
140.0
171.0
179.0
222.0
207.0
151.0
258.0
185.0
229.0
166.0
289.0
311.0
250.0
156.0
160.0
181.0
217.0
240.0
177.0
188.0
184.0
185.0
180.0
216.0
161.0
218.0
193.0
183.0
226.0
184.0
156.0
189.0
256.0
274.0
254.0
196.0
205.0
197.0
149.0
187.0
175.0
153.0
186.0
230.0
213.0
205.0
224.0
321.0
237.0
265.0
273.0
184.0
252.0
163.0
182.0
159.0
191.0
192.0
188.0
178.0
212.0
271.0
230.0
192.0
185.0
164.0
215.0
245.0
204.0
177.0
200.0
194.0
169.0
183.0
255.0
183.0
190.0
222.0
189.0
196.0
215.0
167.0
200.0
260.0
180.0
211.0
195.0
161.0
162.0
169.0
210.0
144.0
142.0
168.0
161.0
179.0
165.0
205.0
149.0
210.0
273.0
312.0
196.0
162.0
196.0
186.0
192.0
171.0
183.0
176.0
173.0
224.0
178.0
185.0
170.0
166.0
201.0
172.0
160.0
166.0
179.0
169.0
206.0
286.0
191.0
201.0
168.0
190.0
184.0
185.0
159.0
238.0
164.0
191.0
176.0
225.0
172.0
168.0
157.0
252.0
180.0
225.0
216.0
228.0
208.0
153.0
172.0
191.0
157.0
225.0
179.0
223.0
205.0
160.0
281.0
