149.0
180.0
165.0
140.0
151.0
136.0
169.0
145.0
136.0
180.0
168.0
233.0
190.0
198.0
214.0
166.0
142.0
160.0
257.0
187.0
184.0
250.0
167.0
155.0
174.0
155.0
165.0
181.0
169.0
185.0
155.0
213.0
161.0
136.0
200.0
169.0
138.0
161.0
157.0
170.0
153.0
153.0
148.0
168.0
160.0
162.0
205.0
148.0
149.0
198.0
166.0
159.0
140.0
163.0
228.0
156.0
251.0
174.0
160.0
166.0
165.0
144.0
155.0
193.0
136.0
173.0
161.0
291.0
191.0
161.0
168.0
159.0
150.0
161.0
170.0
188.0
139.0
155.0
144.0
144.0
142.0
205.0
218.0
140.0
174.0
157.0
153.0
232.0
168.0
157.0
195.0
171.0
250.0
147.0
153.0
155.0
150.0
152.0
146.0
147.0
163.0
143.0
169.0
162.0
183.0
173.0
224.0
159.0
175.0
167.0
143.0
164.0
148.0
166.0
174.0
166.0
149.0
163.0
141.0
137.0
200.0
170.0
190.0
203.0
154.0
169.0
190.0
166.0
132.0
197.0
171.0
172.0
149.0
170.0
174.0
164.0
170.0
169.0
219.0
164.0
191.0
188.0
150.0
157.0
159.0
162.0
158.0
137.0
149.0
175.0
165.0
173.0
164.0
162.0
231.0
157.0
151.0
210.0
185.0
203.0
153.0
174.0
173.0
207.0
196.0
176.0
170.0
166.0
173.0
143.0
151.0
146.0
169.0
205.0
166.0
158.0
228.0
168.0
167.0
132.0
185.0
154.0
268.0
166.0
141.0
146.0
200.0
173.0
222.0
193.0
181.0
194.0
265.0
190.0
175.0
156.0
190.0
192.0
202.0
164.0
