277.0
248.0
241.0
251.0
226.0
276.0
250.0
236.0
265.0
233.0
234.0
263.0
288.0
231.0
304.0
208.0
293.0
248.0
244.0
259.0
214.0
274.0
251.0
260.0
249.0
226.0
274.0
302.0
258.0
228.0
253.0
229.0
291.0
306.0
268.0
290.0
334.0
245.0
259.0
257.0
271.0
219.0
279.0
239.0
232.0
260.0
258.0
259.0
288.0
256.0
305.0
250.0
279.0
242.0
294.0
269.0
237.0
210.0
282.0
308.0
252.0
264.0
239.0
257.0
244.0
243.0
293.0
243.0
264.0
249.0
225.0
256.0
257.0
267.0
248.0
316.0
325.0
268.0
282.0
283.0
252.0
253.0
329.0
288.0
254.0
252.0
278.0
251.0
240.0
237.0
219.0
218.0
256.0
351.0
250.0
229.0
258.0
245.0
300.0
254.0
273.0
249.0
261.0
341.0
295.0
244.0
283.0
255.0
278.0
240.0
257.0
307.0
251.0
254.0
278.0
310.0
254.0
271.0
280.0
284.0
269.0
224.0
267.0
226.0
255.0
291.0
235.0
267.0
252.0
266.0
240.0
301.0
229.0
268.0
291.0
244.0
237.0
250.0
288.0
223.0
254.0
280.0
251.0
249.0
273.0
261.0
269.0
242.0
267.0
251.0
247.0
240.0
225.0
242.0
286.0
225.0
288.0
230.0
300.0
239.0
261.0
234.0
282.0
248.0
275.0
243.0
270.0
246.0
235.0
231.0
280.0
279.0
220.0
278.0
267.0
253.0
238.0
252.0
260.0
290.0
255.0
242.0
252.0
246.0
267.0
264.0
249.0
233.0
203.0
319.0
284.0
323.0
254.0
254.0
230.0
273.0
220.0
259.0
255.0
270.0
