479.0
596.0
546.0
614.0
644.0
666.0
834.0
751.0
730.0
754.0
952.0
831.0
858.0
748.0
811.0
734.0
890.0
835.0
751.0
793.0
779.0
781.0
864.0
747.0
733.0
794.0
732.0
783.0
882.0
882.0
884.0
892.0
790.0
936.0
919.0
774.0
794.0
714.0
694.0
876.0
701.0
892.0
779.0
804.0
774.0
823.0
776.0
1076.0
865.0
852.0
785.0
906.0
837.0
942.0
820.0
779.0
743.0
861.0
776.0
942.0
855.0
732.0
844.0
898.0
682.0
720.0
744.0
849.0
773.0
810.0
882.0
766.0
942.0
793.0
811.0
903.0
1053.0
699.0
858.0
851.0
776.0
773.0
771.0
890.0
834.0
824.0
800.0
1044.0
1133.0
706.0
807.0
727.0
796.0
852.0
735.0
704.0
778.0
918.0
805.0
845.0
855.0
725.0
840.0
722.0
777.0
794.0
779.0
879.0
767.0
827.0
805.0
779.0
731.0
812.0
743.0
983.0
771.0
761.0
770.0
918.0
949.0
801.0
778.0
911.0
683.0
907.0
912.0
861.0
761.0
732.0
821.0
838.0
783.0
713.0
845.0
764.0
767.0
781.0
756.0
770.0
699.0
803.0
818.0
698.0
699.0
977.0
860.0
764.0
834.0
856.0
785.0
785.0
740.0
818.0
780.0
827.0
733.0
858.0
1027.0
764.0
755.0
785.0
903.0
752.0
703.0
807.0
821.0
670.0
729.0
758.0
774.0
818.0
816.0
719.0
735.0
748.0
765.0
860.0
783.0
746.0
753.0
727.0
719.0
717.0
779.0
827.0
882.0
943.0
885.0
696.0
728.0
813.0
885.0
868.0
908.0
749.0
920.0
785.0
1023.0
879.0
