131.0
150.0
137.0
145.0
153.0
138.0
142.0
123.0
143.0
155.0
252.0
155.0
164.0
148.0
129.0
134.0
154.0
167.0
146.0
138.0
153.0
150.0
173.0
146.0
139.0
134.0
135.0
141.0
130.0
145.0
164.0
207.0
156.0
166.0
163.0
154.0
196.0
142.0
149.0
137.0
153.0
125.0
149.0
165.0
156.0
160.0
141.0
147.0
191.0
152.0
164.0
133.0
157.0
130.0
138.0
146.0
132.0
133.0
147.0
171.0
153.0
164.0
189.0
120.0
143.0
131.0
162.0
180.0
146.0
141.0
167.0
124.0
134.0
161.0
122.0
144.0
141.0
145.0
152.0
147.0
152.0
163.0
145.0
126.0
143.0
156.0
173.0
168.0
159.0
155.0
131.0
150.0
150.0
166.0
153.0
131.0
132.0
142.0
167.0
141.0
148.0
134.0
176.0
165.0
174.0
140.0
153.0
147.0
132.0
149.0
138.0
145.0
140.0
148.0
165.0
143.0
144.0
141.0
139.0
152.0
160.0
139.0
139.0
129.0
141.0
138.0
199.0
152.0
172.0
139.0
157.0
164.0
146.0
217.0
192.0
159.0
126.0
232.0
167.0
142.0
156.0
204.0
172.0
143.0
172.0
193.0
132.0
161.0
164.0
133.0
162.0
136.0
155.0
148.0
134.0
128.0
147.0
160.0
140.0
169.0
155.0
216.0
154.0
136.0
152.0
130.0
234.0
168.0
129.0
169.0
180.0
145.0
143.0
212.0
166.0
175.0
189.0
159.0
155.0
153.0
167.0
138.0
158.0
137.0
145.0
137.0
128.0
155.0
139.0
156.0
165.0
147.0
173.0
133.0
162.0
149.0
150.0
150.0
131.0
168.0
