0	256.42	253.5	200	22.647816671811878	
1	255.935	252.5	200	21.97022473713002	
2	255.51	254.0	200	23.01759978798832	
3	254.775	254.0	200	22.405677293936016	
4	256.125	255.0	200	24.086912940433027	
5	257.715	255.0	200	25.731182930444533	
6	254.295	253.0	200	21.883737683494566	
7	254.145	251.0	200	25.900655879726287	
8	256.97	255.5	200	26.29237722230533	
9	255.79	253.0	200	25.577253566401534	
10	256.845	256.0	200	23.3223278212103	
11	257.02	256.0	200	25.32428873631005	
12	257.265	256.0	200	26.074600188689377	
13	254.08	253.5	200	24.004241291905064	
14	256.87	255.0	200	24.027132579648367	
15	254.99	254.5	200	22.379676047700066	
16	255.71	252.5	200	24.950669329699355	
17	255.22	254.0	200	23.951233788679865	
18	253.775	251.0	200	24.080580869239846	
19	257.49	254.5	200	25.23172407902401	
20	254.77	254.0	200	24.474825842077	
21	256.945	254.5	200	22.22480539847312	
22	256.855	254.5	200	26.361410717182796	
23	257.515	255.5	200	24.230348222838234	
24	256.215	254.0	200	24.394031544621733	
25	258.83	254.5	200	26.891282974227913	
26	256.6	255.0	200	24.77438192972733	
27	256.73	253.0	200	25.22730861586309	
28	255.13	255.0	200	24.083876349126193	
29	259.475	257.0	200	28.689185680322126	
30	257.02	255.0	200	28.0057065613421	
31	255.27	252.5	200	24.945682993255566	
32	257.655	254.0	200	26.58318970703102	
33	257.035	255.5	200	27.30171743682071	
34	260.165	257.0	200	24.520354300050396	
35	257.42	255.0	200	25.16472928525161	
36	256.755	255.5	200	27.055036037676977	
37	257.71	255.0	200	27.48774090390114	
38	256.29	254.0	200	24.628355608931752	
39	259.935	255.0	200	25.517264253834107	
40	257.905	256.0	200	26.942271155194025	
41	258.475	257.0	200	25.68558691172931	
42	257.42	254.0	200	25.696373284959886	
43	255.845	254.5	200	25.487074665406386	
44	257.09	255.0	200	26.63328556524711	
45	259.63	257.0	200	24.840553536505585	
46	259.735	256.0	200	27.651306931137988	
47	255.99	252.0	200	27.16394485342657	
48	260.935	256.5	200	28.271377309922485	
49	255.435	250.0	200	25.48265635682434	
50	261.135	255.5	200	27.589975987666243	
51	256.44	254.0	200	22.134732887478	
52	257.325	255.0	200	26.75573536645928	
53	259.45	256.0	200	23.030143290913326	
54	259.96	258.5	200	26.69304029143177	
55	259.44	255.5	200	26.381175106503502	
56	256.46	253.5	200	23.877989865145683	
57	260.635	255.5	200	28.070834953738014	
58	260.27	258.0	200	24.618836284438792	
59	255.36	253.0	200	24.95136068433944	
60	259.28	259.0	200	23.338843158991406	
61	258.35	254.5	200	24.593444248417097	
62	257.29	254.5	200	25.426086997412717	
63	256.785	255.0	200	27.08761294392697	
64	258.19	257.0	200	23.482203899974976	
65	257.67	257.5	200	22.25918012865703	
66	259.28	254.0	200	26.59157009279445	
67	257.06	253.0	200	24.88044211825827	
68	258.4	254.5	200	27.567916134521305	
69	259.745	258.0	200	24.18532561285872	
70	256.465	253.0	200	24.099767115057357	
71	261.31	260.0	200	26.45116065506389	
72	257.15	255.0	200	24.55539655554355	
73	257.155	253.0	200	26.05189004659739	
74	260.295	257.0	200	27.91375959988192	
75	260.185	255.0	200	26.04535995143857	
76	257.895	256.5	200	22.93695653307125	
77	257.855	257.0	200	24.737905630833023	
78	255.86	254.0	200	23.893312872015045	
79	255.855	254.5	200	25.055418076735418	
80	258.51	256.0	200	23.211417449177894	
81	259.02	257.5	200	24.210526636155603	
82	258.915	254.0	200	27.45501365871086	
83	259.175	257.0	200	25.21952368701677	
84	260.27	258.0	200	25.839835525792346	
85	254.785	253.5	200	25.354068213996744	
86	260.565	259.0	200	24.968896151011563	
87	260.815	256.0	200	27.062534526536865	
88	256.83	256.5	200	24.06472729951453	
89	257.305	255.0	200	23.687168995048776	
90	257.375	257.0	200	23.575715789769777	
91	258.15	256.0	200	24.04199450960756	
92	256.745	256.0	200	23.947650719851413	
93	258.83	253.5	200	24.16735608212036	
94	259.03	257.5	200	24.93349353780974	
95	259.34	254.0	200	29.331287049838096	
96	257.495	255.0	200	23.77561723699303	
97	260.925	256.5	200	28.128621988999036	
98	257.855	257.0	200	22.582824779021777	
99	259.315	256.5	200	24.87600801977681	
100	258.47	257.5	200	24.270745765221143	
101	260.14	256.0	200	26.175950794574778	
102	261.525	257.0	200	25.586312258705824	
103	257.965	257.0	200	25.30876873733687	
104	259.635	256.0	200	25.414400937263895	
105	259.88	257.0	200	25.977790514206553	
106	258.08	256.0	200	25.28919927558008	
107	259.57	254.5	200	25.465763291132664	
108	263.08	259.0	200	25.646512433467443	
109	257.515	254.0	200	27.29230248623227	
110	260.3	258.0	200	26.10440575841557	
111	261.335	258.0	200	26.933487984291972	
112	259.28	256.5	200	25.830439407799474	
113	263.025	258.0	200	28.782014783541474	
114	259.655	254.0	200	26.500867438633023	
115	258.415	255.5	200	23.395357979736065	
116	261.8	258.0	200	28.015888349292084	
117	256.22	253.0	200	25.21570145762358	
118	259.43	257.0	200	28.325696814023836	
119	259.505	256.0	200	26.724894293523406	
120	260.305	258.5	200	24.361690725399168	
121	261.32	259.0	200	25.17017282419809	
122	257.38	252.0	200	25.676167938382083	
123	259.89	259.0	200	26.003228645689365	
124	258.635	256.5	200	26.15055974544331	
125	263.59	258.5	200	29.543728606931115	
126	259.455	257.0	200	25.414326176391143	
127	259.795	256.0	200	25.15756297815828	
128	260.18	257.5	200	24.229684273634273	
129	258.455	256.0	200	23.81885755026886	
130	260.325	256.0	200	25.43146427164586	
131	259.175	256.0	200	24.90450511453701	
132	257.185	255.0	200	23.9614435082697	
133	260.475	255.0	200	26.65594445897575	
134	258.605	254.5	200	26.50016933908159	
135	261.08	258.0	200	28.82314347880883	
136	259.565	256.5	200	26.196293153803268	
137	262.25	259.0	200	25.11170046014407	
138	260.92	258.0	200	25.218120469218164	
139	261.59	260.0	200	26.36725052029506	
140	256.385	253.0	200	26.081157470480488	
141	260.22	259.0	200	24.25905191881991	
142	259.5	255.5	200	25.533507397143858	
143	260.5	259.5	200	23.04039930209544	
144	260.655	259.5	200	25.739579930527228	
145	259.3	258.0	200	27.032757905918515	
146	259.285	256.5	200	23.616599564712953	
147	260.94	257.5	200	27.172530246555986	
148	259.89	256.0	200	26.607102435252134	
149	260.71	260.0	200	26.145284469670624	
150	260.99	256.0	200	24.11638239869322	
151	259.76	255.5	200	24.675947803478593	
152	258.515	256.0	200	24.82901075355198	
153	260.61	260.5	200	24.21565402792169	
154	261.79	258.0	200	25.229266735281865	
155	260.53	259.5	200	24.480586185792202	
156	259.815	256.0	200	25.999822595548608	
157	260.135	256.0	200	26.73867564035287	
158	261.925	259.0	200	25.64837957844511	
159	261.225	256.0	200	26.428665781684856	
160	261.58	257.0	200	28.00881289880026	
161	258.855	257.0	200	26.68096653046887	
162	263.19	261.0	200	25.76846716434643	
163	259.765	256.0	200	27.126735428355545	
164	262.71	261.5	200	24.51766506011533	
165	261.055	260.0	200	24.1903281292338	
166	258.785	255.0	200	23.378382642946026	
167	262.245	260.0	200	27.46024353497252	
168	260.95	256.0	200	26.932090524131244	
169	257.94	256.0	200	25.56885605575658	
170	259.83	257.0	200	25.106594751180417	
171	259.395	257.0	200	24.487935294752802	
172	261.9	259.0	200	24.66819815065543	
173	261.375	259.0	200	24.85406153931385	
174	259.725	256.0	200	24.262303579833468	
175	260.14	259.0	200	24.070114249832717	
176	258.155	256.5	200	25.291717517796215	
177	260.57	257.0	200	27.807644632366834	
178	263.7	261.0	200	26.000384612539868	
179	261.68	259.0	200	25.05728636544668	
180	260.09	258.5	200	23.143938731339574	
181	258.98	256.5	200	25.058523499998955	
182	258.99	256.0	200	24.746310836163033	
183	261.97	260.0	200	24.420260031375587	
184	260.295	255.0	200	26.260387944582998	
185	262.44	259.0	200	26.025110950772138	
186	258.795	254.0	200	26.75785819156683	
187	261.175	256.0	200	27.539868826848107	
188	262.1	258.0	200	25.673721974034073	
189	261.235	260.0	200	24.97117888686876	
190	262.455	260.0	200	24.756776345073686	
191	260.085	256.0	200	28.496802890850756	
192	261.7	256.0	200	28.180844557961706	
193	262.865	259.5	200	25.223337903616166	
194	260.21	261.0	200	25.122219249102976	
195	263.085	260.0	200	24.011825732334472	
196	262.06	260.5	200	28.420175931897397	
197	261.095	258.0	200	26.003383914406218	
198	260.155	258.0	200	22.874679779179424	
199	263.32	260.0	200	25.462670716168013	
200	265.6	263.0	200	25.801937911715083	
201	261.55	258.0	200	24.134363467885372	
202	261.68	258.0	200	25.42277718896974	
203	261.125	258.5	200	25.032566288736756	
204	263.73	261.0	200	25.446553794178104	
205	261.16	257.0	200	26.727783297535172	
206	262.355	261.0	200	20.929141764534926	
207	263.14	259.0	200	27.528356289469954	
208	263.495	261.0	200	27.978920190028777	
209	262.19	257.0	200	25.461419834722495	
210	260.62	257.0	200	26.281659003951788	
211	261.68	258.0	200	25.563012342053902	
212	260.6	260.0	200	25.59648413356803	
213	263.42	258.0	200	26.985618392025035	
214	264.405	260.0	200	26.978157368508327	
215	259.19	257.0	200	25.31449979754686	
216	261.45	258.0	200	26.80741501898309	
217	258.835	256.0	200	26.553488942133384	
218	261.06	258.5	200	25.64188760602464	
219	261.835	258.5	200	25.088399211587813	
220	257.92	256.0	200	24.570584038642632	
221	265.82	262.0	200	27.23449283537331	
222	261.86	258.5	200	24.978598839806846	
223	263.925	262.0	200	26.988504497285508	
224	262.205	259.5	200	27.33263571264213	
225	261.025	260.0	200	23.01617637662694	
226	264.54	260.0	200	27.27340096137627	
227	263.03	259.0	200	24.508959586241108	
228	264.62	264.0	200	24.22964300190987	
229	261.415	257.0	200	24.887803739984772	
230	264.465	262.5	200	25.32802351151783	
231	263.845	260.5	200	26.406078372223316	
232	264.115	262.5	200	28.13843945566278	
233	262.045	258.0	200	25.34330236965972	
234	261.8	258.0	200	25.14537730876194	
235	261.745	259.0	200	26.064918472920645	
236	258.04	256.0	200	25.65615715573944	
237	263.525	260.5	200	28.75950929692647	
238	262.04	259.0	200	24.925456866424735	
239	263.155	260.0	200	24.747948904909272	
240	262.595	259.0	200	22.69980121058332	
241	263.025	261.5	200	24.46291836637649	
242	260.47	258.5	200	22.166170169878242	
243	258.845	255.0	200	23.046278983818624	
244	261.7	259.0	200	24.455674188212438	
245	263.515	260.0	200	28.07026496134299	
246	262.465	259.0	200	24.610135615229755	
247	261.71	259.0	200	24.103441662965892	
248	261.39	258.0	200	25.626702870248447	
249	262.97	261.0	200	23.898935122720427	
250	265.29	263.0	200	26.94635225777322	
251	261.625	261.0	200	25.869178088992314	
252	262.78	258.0	200	26.005799353221196	
253	262.955	256.0	200	26.18134784536503	
254	259.77	257.0	200	24.532164600784824	
255	264.03	261.0	200	24.933092467642272	
256	265.12	262.0	200	29.570180926061308	
257	266.24	263.5	200	26.24961714006511	
258	265.5	261.0	200	26.08601157708859	
259	261.28	259.0	200	24.69335133188689	
260	262.63	259.5	200	24.490877893615817	
261	265.56	261.0	200	26.55553426312489	
262	265.535	259.0	200	27.037913658416766	
263	262.97	258.0	200	25.51781926419262	
264	265.975	261.0	200	27.990076366455305	
265	260.365	256.5	200	24.077412132536168	
266	263.54	257.5	200	26.978294979483042	
267	261.965	258.5	200	25.033852580056468	
268	268.24	266.0	200	26.377118872234696	
269	267.245	265.5	200	27.488451666108805	
270	262.035	259.0	200	26.050408346127707	
271	266.6	265.0	200	27.1245276456568	
272	264.97	263.0	200	24.704434824541117	
273	263.815	259.0	200	23.032168265276287	
274	265.975	263.0	200	27.083470512473102	
275	262.44	260.0	200	26.174919293094295	
276	263.605	261.0	200	24.83020287875232	
277	264.46	260.0	200	27.78881789497351	
278	260.875	260.0	200	26.58212510315908	
279	263.215	262.5	200	25.511346005258133	
280	263.545	262.0	200	26.510714343449894	
281	262.11	257.5	200	26.921142249169147	
282	265.265	263.5	200	27.759588883843364	
283	264.43	263.0	200	23.52923925672056	
284	267.635	263.0	200	30.077595897943702	
285	265.01	262.0	200	24.251389650904542	
286	264.755	262.0	200	28.24685778984983	
287	261.485	256.5	200	25.158890575699083	
288	263.395	263.5	200	25.469176959611396	
289	264.985	261.0	200	25.217350673692906	
290	263.86	261.0	200	24.20827131374729	
291	262.74	259.0	200	23.15237352843116	
292	263.675	261.0	200	28.266223217826607	
293	265.455	263.5	200	25.76524742749427	
294	263.36	263.0	200	26.468668270239814	
295	268.07	262.0	200	29.6663968152521	
296	260.725	258.5	200	22.92769885967626	
297	264.49	262.0	200	25.1644570773939	
298	262.75	256.0	200	28.61638516654401	
299	265.595	261.5	200	26.41005443008401	
300	263.345	260.0	200	27.763212620300266	
301	264.725	260.0	200	24.16235450033792	
302	264.995	262.0	200	27.510452104609257	
303	264.66	261.0	200	24.329702012149674	
304	264.74	262.5	200	25.762810405699145	
305	262.49	262.0	200	23.328092506675297	
306	263.35	260.0	200	24.925639410053257	
307	264.5	262.0	200	26.213927595841106	
308	266.385	262.5	200	25.19557054325224	
309	265.365	262.5	200	27.62158168896198	
310	263.795	261.0	200	25.36203806873572	
311	261.91	260.0	200	23.281793315807956	
312	264.92	261.0	200	25.88867706160359	
313	264.1	261.5	200	24.956161563830282	
314	267.265	266.0	200	25.135727063285835	
315	262.945	260.5	200	24.310120834746996	
316	265.99	262.0	200	26.417416603445538	
317	263.855	260.5	200	26.22754229812622	
318	262.93	261.0	200	25.828377804267927	
319	265.03	262.0	200	30.1877309514975	
320	263.485	259.5	200	25.980950232814813	
321	265.715	263.5	200	24.57119807823786	
322	264.58	263.0	200	24.688734272943197	
323	269.905	266.0	200	28.183789223594477	
324	266.43	260.0	200	28.89628176772922	
325	265.965	262.0	200	25.831449339903482	
326	266.0	262.5	200	28.50841980889155	
327	263.81	260.0	200	24.346537741535244	
328	268.855	265.0	200	27.95521373554493	
329	263.475	259.0	200	25.28654533541504	
330	267.24	267.0	200	25.965022626602888	
331	262.715	262.0	200	25.355350027163894	
332	265.15	261.5	200	25.999567304091812	
333	268.655	264.5	200	27.031758636833086	
334	266.5	264.0	200	27.96497809761345	
335	267.075	265.0	200	26.74825928915749	
336	267.375	263.0	200	27.971134674875096	
337	269.48	265.0	200	29.96013351105098	
338	265.565	263.0	200	25.901655835100584	
339	263.99	260.0	200	25.658330031395263	
340	268.335	263.5	200	29.70038341503355	
341	266.715	265.0	200	25.339766672169656	
342	266.0	263.0	200	29.236791889672162	
343	266.955	264.0	200	25.205217217869798	
344	267.075	264.5	200	27.271035458889347	
345	265.635	264.0	200	24.896019260114656	
346	266.94	262.5	200	25.778021646356027	
347	263.99	259.0	200	27.07193934685877	
348	265.575	266.0	200	26.59839045882288	
349	265.37	261.0	200	27.163635618230487	
350	264.935	261.0	200	25.37992858539992	
351	267.0	263.0	200	27.08431280280155	
352	268.215	266.0	200	25.7621578094693	
353	268.435	267.0	200	23.74817414034182	
354	265.56	263.0	200	25.748328101063183	
355	266.555	263.0	200	26.892507785626837	
356	264.495	258.0	200	30.397367895921516	
357	265.07	263.0	200	26.258619537211015	
358	264.29	261.0	200	25.039087443435314	
359	267.775	265.0	200	26.174307536208097	
360	263.44	262.0	200	23.130637691166232	
361	266.33	260.0	200	27.215824440938768	
362	270.55	268.0	200	28.80985074588204	
363	270.005	267.0	200	27.618743182845957	
364	270.4	268.5	200	26.077768309424023	
365	266.46	261.0	200	29.58527336361792	
366	270.49	269.0	200	26.414009540393522	
367	269.565	268.0	200	28.67918713980576	
368	268.01	262.0	200	29.39098331121298	
369	264.59	260.0	200	28.31734274256679	
370	266.83	264.0	200	22.9109384356032	
371	264.67	262.0	200	23.451462640952695	
372	264.51	260.0	200	26.60789168649031	
373	270.56	269.0	200	25.8404024736458	
374	268.635	267.0	200	27.07714488272351	
375	267.115	264.0	200	26.275117031138034	
376	269.685	267.0	200	25.381997064848935	
377	265.9	261.0	200	30.716933440693587	
378	271.47	269.0	200	27.86483626364957	
379	266.6	260.0	200	27.039415674159823	
380	268.61	265.5	200	26.01706939684022	
381	269.55	268.5	200	24.37144845921145	
382	269.835	265.0	200	28.01334994248278	
383	269.705	263.5	200	29.352478174764048	
384	270.57	265.0	200	30.006417646896807	
385	266.325	268.0	200	27.287714726594455	
386	269.165	263.5	200	28.24035720383154	
387	267.14	260.0	200	28.24943185269396	
388	268.395	267.0	200	25.668832754918952	
389	268.925	265.0	200	27.889771870705577	
390	271.385	267.0	200	28.95370054069082	
391	267.655	264.5	200	28.28826567677842	
392	267.34	263.0	200	24.60212185970958	
393	268.57	265.0	200	27.064092447373884	
394	268.155	263.5	200	26.17653481651076	
395	270.075	270.0	200	25.61365602564382	
396	272.1	269.0	200	27.643444069073592	
397	267.805	264.5	200	26.366967497230316	
398	271.045	268.0	200	32.36592305187665	
399	270.975	265.5	200	28.335037938919367	
400	267.615	265.5	200	24.69689808457734	
401	271.065	266.0	200	29.728955161592882	
402	269.665	267.0	200	25.233168152255477	
403	269.87	268.5	200	25.346461291470256	
404	268.93	265.5	200	29.037821888013568	
405	269.655	263.5	200	27.83803109057823	
406	269.83	266.0	200	27.322904311218455	
407	272.575	269.5	200	28.94467783548471	
408	272.955	269.0	200	26.852615794369083	
409	272.22	266.5	200	30.50822184264432	
410	267.92	264.5	200	27.37231448014581	
411	268.995	266.5	200	26.333343407171068	
412	270.005	268.5	200	27.637745476069497	
413	270.945	268.5	200	29.23289200541062	
414	271.485	268.0	200	26.665329081037047	
415	269.5	266.5	200	26.281552465560324	
416	268.555	264.0	200	26.749335973066696	
417	272.415	270.0	200	29.803905364901425	
418	268.545	269.0	200	25.499568133597872	
419	269.95	269.0	200	25.721148885693268	
420	273.4	270.5	200	27.900179210893967	
421	272.66	268.0	200	27.929453986786065	
422	271.03	268.0	200	25.971890574234294	
423	273.895	269.0	200	29.21615948409373	
424	270.625	266.0	200	29.27822356291447	
425	273.46	269.5	200	30.007639027421	
426	271.385	268.5	200	30.407347385130457	
427	270.575	267.5	200	27.055579369143068	
428	272.94	270.5	200	27.146572527669125	
429	268.83	265.0	200	26.321115097958902	
430	268.995	265.0	200	27.963279045920206	
431	269.785	267.5	200	26.269921488272477	
432	268.31	265.0	200	27.053352842115526	
433	271.015	266.0	200	29.62912038856368	
434	269.37	265.0	200	26.28655740107479	
435	265.17	260.5	200	23.756706421555997	
436	269.86	268.5	200	25.951500919985342	
437	274.39	271.0	200	27.712053334244292	
438	272.62	270.0	200	25.930784793368673	
439	270.95	268.0	200	26.654971393719407	
440	269.985	269.0	200	25.135727063285838	
441	271.72	267.0	200	27.782397304768352	
442	271.885	269.5	200	26.15380995189802	
443	270.455	267.0	200	27.323762094557917	
444	274.44	271.5	200	29.473486390313585	
445	275.34	273.5	200	29.36910621724808	
446	269.93	268.5	200	26.036226685140072	
447	273.565	270.0	200	27.833536875503267	
448	271.865	268.5	200	26.71716255518164	
449	272.175	268.0	200	29.221300022415157	
450	273.05	268.0	200	29.348211189099757	
451	273.81	268.0	200	31.37568963385506	
452	276.6	270.5	200	31.47808761662627	
453	272.765	269.0	200	25.759654015533673	
454	271.965	268.0	200	28.910789940781626	
455	274.74	269.5	200	28.971234008926853	
456	273.675	271.0	200	26.200942254048805	
457	271.88	267.0	200	27.761945176806325	
458	274.13	269.0	200	28.96503236663132	
459	279.22	276.0	200	35.00216564728532	
460	273.665	269.5	200	30.80264233795536	
461	273.645	269.0	200	26.97515477249389	
462	269.545	267.0	200	26.140734018003396	
463	271.955	268.5	200	27.852342361101336	
464	275.52	270.5	200	36.927491114344605	
465	273.31	271.0	200	27.705485016508913	
466	276.385	272.0	200	29.782491081170495	
467	271.18	267.5	200	26.775130251784027	
468	277.995	274.0	200	30.037559404851784	
469	274.66	272.0	200	27.186474578363413	
470	272.59	267.0	200	29.801374129392087	
471	270.72	267.0	200	25.1081978644426	
472	272.29	268.0	200	28.363284365531435	
473	271.735	267.0	200	28.532521357216226	
474	273.605	267.5	200	29.659888317389193	
475	274.56	269.0	200	28.855093137954	
476	274.915	270.0	200	32.944465013109564	
477	273.53	268.0	200	29.09723526385282	
478	278.325	275.0	200	27.279468011675007	
479	270.84	266.5	200	28.25941259120578	
480	275.395	272.0	200	28.49015575597999	
481	273.695	270.0	200	27.53401487251723	
482	271.255	266.5	200	29.339392887379248	
483	273.855	268.0	200	27.614923048960318	
484	272.695	268.0	200	24.041463661765686	
485	274.575	270.0	200	27.35113114662719	
486	277.295	272.0	200	26.83315067225614	
487	274.865	268.5	200	28.947655777281863	
488	277.095	270.5	200	34.20257263715699	
489	273.9	269.5	200	27.816362091402247	
490	277.175	272.0	200	31.24842996055962	
491	274.9	271.0	200	29.192293503594403	
492	275.885	272.0	200	30.12012242671002	
493	275.41	270.5	200	29.519347892526355	
494	277.795	270.0	200	32.39850266601838	
495	274.025	268.5	200	28.000435264474014	
496	278.265	273.5	200	29.5809867144421	
497	274.48	270.0	200	29.24875381960743	
498	277.41	270.5	200	33.17833479847956	
499	274.225	269.0	200	29.26746273594621	
500	273.61	272.0	200	24.75495707934069	
501	275.855	272.0	200	27.53205359213148	
502	275.97	271.5	200	30.17364909983544	
503	277.08	277.5	200	28.40393634692206	
504	274.98	270.0	200	29.633420322332015	
505	269.435	264.5	200	25.788093667427223	
506	272.945	270.0	200	27.540733014936258	
507	276.785	273.0	200	31.12167693103956	
508	280.845	275.0	200	34.23172468631985	
509	275.44	270.5	200	28.707079266271588	
510	278.37	277.0	200	29.32921921906548	
511	275.815	272.0	200	27.77446264106652	
512	280.23	275.0	200	35.28961745329637	
513	274.175	269.0	200	28.77801895544584	
514	278.885	273.0	200	32.86611895250183	
515	278.79	273.0	200	31.06325642942156	
516	279.83	271.0	200	36.79145417077177	
517	279.26	273.5	200	30.62029392412816	
518	275.47	268.0	200	30.520306354949977	
519	279.09	271.5	200	30.262384241827345	
520	276.52	272.0	200	27.144421157946987	
521	277.105	273.0	200	29.91578137037373	
522	279.735	275.0	200	32.30208623293549	
523	277.81	273.0	200	27.990603780554643	
524	281.05	278.0	200	29.438028126897358	
525	280.255	277.0	200	32.34826077241248	
526	282.09	274.0	200	35.58260670608605	
527	282.0	277.0	200	32.19270103610444	
528	277.29	272.0	200	30.220620443663957	
529	280.025	278.0	200	30.48465802662054	
530	277.295	273.5	200	31.447066238363156	
531	277.985	274.0	200	28.35621228232008	
532	277.34	271.0	200	30.94098253126426	
533	279.88	274.0	200	33.435543961479084	
534	278.05	275.0	200	28.18363887080588	
535	279.07	273.5	200	30.527612091351006	
536	279.53	275.5	200	32.849339414971496	
537	281.315	274.0	200	34.57637596683609	
538	280.23	275.0	200	34.47429622196804	
539	281.545	276.0	200	34.15798552315403	
540	280.995	278.5	200	29.91546381054454	
541	278.455	272.0	200	31.096108679383022	
542	281.37	276.0	200	37.0216571752265	
543	276.79	272.5	200	30.222274897829912	
544	277.93	272.0	200	29.294625786993763	
545	278.305	275.0	200	30.942559283291356	
546	282.72	277.0	200	35.0947517443848	
547	281.01	273.5	200	31.975301405928924	
548	284.455	278.0	200	35.066194190416496	
549	280.925	275.5	200	30.598845974971017	
550	278.005	272.5	200	31.03667145490959	
