0	145.635	144.0	200	12.094700285662311	
1	145.92	144.0	200	12.108823229364612	
2	145.505	144.0	200	12.321119064435665	
3	145.405	144.0	200	11.618991995866079	
4	146.19	144.0	200	12.754759895819285	
5	146.135	145.0	200	13.627427306722279	
6	145.83	144.5	200	12.847221489489469	
7	145.9	145.0	200	12.884486796143648	
8	145.945	145.0	200	12.403305003103004	
9	146.2	144.0	200	12.706297651164952	
10	145.445	144.0	200	12.783856030165547	
11	146.22	145.0	200	12.780125195004938	
12	146.065	145.0	200	12.220915473073202	
13	146.435	145.0	200	14.935721442233715	
14	147.45	146.5	200	14.284519592901962	
15	146.87	146.5	200	13.29560453683848	
16	146.885	145.0	200	15.118590377412835	
17	145.45	145.0	200	13.86821906374427	
18	147.655	146.0	200	14.990195962695083	
19	147.705	145.5	200	17.841187600605515	
20	146.405	145.5	200	15.155559211061796	
21	147.37	145.0	200	14.525257312695015	
22	147.27	145.0	200	14.467104064048202	
23	148.495	147.0	200	15.869466752225797	
24	146.67	145.0	200	13.076356526188784	
25	145.94	145.0	200	13.398746210000397	
26	148.125	146.0	200	17.75554490856307	
27	148.45	147.0	200	15.634816916101066	
28	146.26	144.5	200	13.839161824330258	
29	147.195	146.0	200	13.981665673302306	
30	147.91	146.0	200	15.671691038302152	
31	150.23	149.0	200	17.67617322838855	
32	148.04	146.0	200	15.643797492936299	
33	147.65	147.0	200	18.04016352475775	
34	146.56	146.0	200	13.635849808501119	
35	146.675	145.0	200	13.435005582432781	
36	147.135	146.0	200	16.9188290079426	
37	148.68	146.0	200	17.236229286012648	
38	148.01	145.5	200	14.889926124732789	
39	147.975	146.0	200	14.997812340471524	
40	148.305	146.0	200	13.647050047537746	
41	150.005	147.0	200	16.036675933621655	
42	149.78	148.0	200	16.354864719709546	
43	148.755	147.0	200	14.100176417336062	
44	149.56	147.0	200	19.185317302562392	
45	148.25	145.5	200	16.45197556526267	
46	149.39	148.0	200	15.577159561357778	
47	150.485	148.0	200	18.37007825241907	
48	148.97	146.0	200	17.022605558491918	
49	150.765	147.0	200	19.0929247366662	
50	150.54	146.0	200	21.6445928582637	
51	151.945	147.5	200	22.46045357956958	
52	149.345	148.0	200	18.12280262542193	
53	153.145	149.0	200	22.274514023879398	
54	149.635	148.0	200	14.58429892041438	
55	152.865	149.0	200	19.05745982548566	
56	154.04	149.5	200	18.997852510218095	
57	151.26	148.0	200	18.160187223704494	
58	152.085	148.0	200	21.940550927449383	
59	151.44	148.0	200	19.195739110542213	
60	151.105	148.0	200	18.83517918683016	
61	150.95	148.0	200	15.674102845139176	
62	154.15	151.0	200	19.105169457505475	
63	151.21	148.5	200	17.264874746142816	
64	152.68	149.0	200	18.83474448990482	
65	153.065	149.5	200	18.60915836355852	
66	152.37	148.5	200	18.29680573214899	
67	153.075	149.0	200	21.81259670465669	
68	153.145	150.5	200	17.65967086329754	
69	153.89	150.0	200	18.664348367944697	
70	152.845	149.5	200	15.57886308432037	
71	152.03	149.0	200	18.618514978375693	
72	154.165	149.0	200	19.99994437492265	
73	153.305	149.0	200	19.77604548437326	
74	152.83	151.0	200	16.858265035287587	
75	154.515	151.0	200	20.55771813699176	
76	153.515	151.0	200	20.36024987567687	
77	152.83	149.5	200	18.420399018479486	
78	152.285	149.0	200	18.59418659151295	
79	154.28	151.0	200	19.616360518709886	
80	151.505	146.0	200	21.393690074412127	
81	153.945	150.0	200	19.38096940299943	
82	153.88	150.0	200	20.01438482691886	
83	153.76	150.0	200	19.51441518467822	
84	154.02	151.5	200	16.404865132027147	
85	153.14	149.0	200	20.830996135566824	
86	154.67	151.5	200	22.9845839640399	
87	154.275	150.5	200	19.5384076884479	
88	153.54	151.0	200	17.55159252033843	
89	152.395	150.0	200	16.65319714048927	
90	155.92	151.0	200	19.09250114573782	
91	156.695	151.0	200	21.245281240783797	
92	154.505	151.0	200	20.805527510736177	
93	155.285	151.0	200	20.931645300835765	
94	155.735	152.0	200	20.225844234543093	
95	153.625	150.0	200	21.004865507781762	
96	155.695	151.0	200	19.160166361490706	
97	154.315	151.0	200	19.685420366352353	
98	154.205	150.0	200	19.61155208034285	
99	154.225	150.0	200	20.770516965160017	
100	155.9	152.0	200	20.144726357039453	
101	156.975	153.0	200	20.36650129501874	
102	156.385	153.0	200	20.496994291846793	
103	155.45	151.0	200	17.843976574743646	
104	154.46	150.0	200	20.99305599478075	
105	155.94	151.5	200	20.361394844165268	
106	157.34	151.0	200	25.88579533257574	
107	155.14	151.0	200	18.752077218271044	
108	157.36	153.0	200	22.700008810570978	
109	156.065	153.0	200	19.89423974420737	
110	154.705	151.0	200	20.500194511272326	
111	156.205	152.0	200	19.856811803509647	
112	157.07	153.0	200	21.386329745891416	
113	159.56	156.0	200	27.373826915504527	
114	155.44	152.0	200	20.667520412473287	
115	155.88	153.0	200	18.60283849309024	
116	153.965	150.0	200	17.647486364918944	
117	157.695	153.5	200	23.49152985652488	
118	156.595	152.0	200	19.68275831787811	
119	157.605	153.0	200	24.398339595144584	
120	156.85	153.5	200	22.0947391928486	
121	157.605	155.0	200	21.023533837107404	
122	159.27	156.0	200	23.273742715773068	
123	159.265	154.0	200	24.637872777494408	
124	158.05	153.0	200	26.645965923568994	
125	156.615	152.0	200	21.659103744153402	
126	158.145	153.0	200	24.392498334528998	
127	156.125	153.0	200	21.028299384401013	
128	157.615	154.0	200	18.97489855045344	
129	156.485	153.5	200	20.85449052362584	
130	159.53	155.0	200	23.698293187485042	
131	157.995	153.0	200	22.916260056998826	
132	156.925	153.0	200	24.51243306977094	
133	158.445	155.0	200	21.611732346112376	
134	159.265	156.0	200	22.00329009489263	
135	157.23	153.0	200	21.327613556138907	
136	157.435	152.0	200	26.574344300471463	
137	158.195	154.0	200	21.543606360124574	
138	158.145	152.0	200	25.245474346900277	
139	159.385	155.0	200	28.555328311893035	
140	156.885	153.0	200	21.771122502066813	
141	163.73	157.0	200	32.21547919867094	
142	160.745	154.0	200	24.36534372833677	
143	161.565	157.5	200	24.92600599775263	
144	156.3	154.0	200	21.096682203607276	
145	158.43	154.0	200	25.8910235409881	
146	158.24	154.0	200	20.949520280903812	
147	160.92	155.0	200	27.03689331265706	
148	159.595	156.0	200	20.718614215241328	
149	158.405	154.0	200	20.745384426421218	
150	158.77	152.5	200	26.256753416978267	
151	160.795	155.0	200	26.211886139688612	
152	161.565	155.0	200	26.412984969518305	
153	159.375	156.0	200	19.963325749984644	
154	157.92	153.0	200	24.426493813071087	
155	159.925	157.0	200	20.270406384678132	
156	161.74	156.0	200	30.52658513492788	
157	162.215	157.0	200	29.34141739930094	
158	163.27	159.0	200	27.65171061616261	
159	164.915	158.5	200	25.554212470745405	
160	163.72	158.0	200	25.776376781852022	
161	160.085	156.0	200	20.85875775303985	
162	160.43	156.0	200	21.040083174740538	
163	159.27	157.0	200	20.08126241051593	
164	161.845	158.0	200	23.42863579041682	
165	161.385	156.0	200	25.20925970749637	
166	161.235	156.0	200	23.425408747767882	
167	162.565	156.0	200	23.29475853062229	
168	161.39	156.0	200	23.870649341817245	
169	160.135	156.0	200	25.08020683726512	
170	161.9	158.0	200	24.268086039076096	
171	161.125	155.0	200	23.930302442718936	
172	161.325	156.0	200	23.97184546504503	
173	161.665	153.0	200	27.32275196608131	
174	160.535	155.5	200	23.37496042777399	
175	164.33	158.0	200	26.89221262745035	
176	163.105	156.0	200	28.742894339297145	
177	162.6	157.0	200	25.830989140952383	
178	162.005	156.0	200	28.34016540177562	
179	165.065	159.0	200	25.824615679618542	
180	163.24	156.0	200	30.0646370342301	
181	165.035	161.0	200	26.606836997283235	
182	165.175	162.0	200	22.65423525524532	
183	163.71	156.5	200	26.494827797138065	
184	164.175	158.0	200	29.301098528894784	
185	165.335	159.5	200	30.46740512416507	
186	165.03	159.5	200	29.343638152076508	
187	164.1	157.0	200	24.648732218919495	
188	161.95	157.0	200	23.403578786160033	
189	162.16	159.0	200	21.59361942796992	
190	164.99	161.0	200	26.086009660352424	
191	163.43	159.5	200	26.105269582978835	
192	166.4	158.5	200	30.46621079162947	
193	162.475	157.0	200	24.099987033191532	
194	166.465	159.5	200	29.29776057994877	
195	166.26	160.0	200	27.27439091895546	
196	164.61	159.5	200	27.061557604838637	
197	168.315	160.0	200	31.188071036856382	
198	167.645	159.0	200	33.612036162660544	
199	163.355	160.0	200	21.133834838949603	
200	167.465	160.0	200	24.692889158622165	
201	164.19	160.0	200	22.905106417565495	
202	164.98	160.0	200	25.09381597127069	
203	167.835	162.0	200	28.253632952241734	
204	167.73	162.0	200	26.822883886711363	
205	167.47	161.5	200	26.04052802844059	
206	166.28	161.0	200	25.46274926240291	
207	166.045	161.0	200	22.759459022569057	
208	167.32	162.0	200	27.43132515938667	
209	166.25	161.0	200	26.478623453646527	
210	165.035	158.0	200	27.031532975397454	
211	166.01	159.0	200	26.044383271638434	
212	165.6	160.5	200	27.729587086720205	
213	167.825	161.5	200	29.4654776815174	
214	166.625	163.0	200	24.458830205060913	
215	167.515	162.0	200	25.679170060576336	
216	169.795	165.0	200	27.092858376332313	
217	168.88	161.0	200	29.607863820275856	
218	168.25	163.0	200	24.371448459211447	
219	166.855	161.0	200	26.23287965511983	
220	165.945	161.0	200	25.847862097279926	
221	166.915	162.0	200	25.237626176009503	
222	167.45	162.5	200	22.41980151562453	
223	164.58	159.0	200	24.379983593103585	
224	169.175	163.5	200	25.217342742644394	
225	167.34	161.0	200	30.233663357257914	
226	168.78	162.0	200	28.607369679856973	
227	168.015	163.0	200	26.150425904753444	
228	171.91	167.0	200	31.96970284503752	
229	168.81	161.0	200	27.78999640158307	
230	169.55	163.0	200	31.56687345937193	
231	168.995	160.5	200	28.658593388371315	
232	169.205	164.0	200	27.020232696999486	
233	165.57	161.0	200	21.88047302962164	
234	167.555	163.0	200	23.459475164632305	
235	170.74	166.0	200	28.70822878548936	
236	173.85	167.0	200	28.782763939552435	
237	168.94	163.5	200	26.111422787737936	
238	168.92	162.0	200	32.28070011632337	
239	170.47	166.0	200	25.509196380913295	
240	168.825	162.0	200	26.73844376548493	
241	171.51	163.0	200	28.673679568552064	
242	171.505	168.0	200	26.109767808236057	
243	170.54	165.0	200	25.502321462957052	
244	172.495	165.0	200	29.224646704451363	
245	167.67	162.0	200	26.38088512540851	
246	167.78	162.5	200	24.394089448060978	
247	172.545	165.5	200	30.41772468479521	
248	172.195	164.0	200	29.173052205760026	
249	168.93	164.0	200	27.395530657390083	
250	169.275	163.5	200	29.610629425934192	
251	169.125	165.0	200	26.066441548473776	
252	172.77	164.0	200	31.628738514205715	
253	171.37	165.0	200	28.680709544918862	
254	173.37	164.0	200	33.97224013808922	
255	172.905	167.0	200	29.308633113811364	
256	170.59	164.0	200	31.974081691269884	
257	173.36	166.0	200	29.976163863976993	
258	170.675	164.5	200	28.161842535601252	
259	174.155	165.0	200	33.74656982568747	
260	168.37	163.0	200	27.162163021379577	
261	170.78	165.0	200	26.724924695871458	
262	170.925	165.5	200	22.789676939351292	
263	172.635	167.0	200	29.883135294008223	
264	174.8	166.0	200	31.769796977632705	
265	171.895	166.0	200	29.20503338467532	
266	175.415	166.0	200	33.76822137750225	
267	171.43	164.5	200	33.4958967636336	
268	171.595	166.0	200	28.662187198467603	
269	173.615	167.0	200	30.566105002109772	
270	175.105	168.0	200	27.931952581228547	
271	173.01	165.0	200	30.169353655655268	
272	174.87	167.0	200	31.09361831630407	
273	175.0	169.0	200	32.25135656061617	
274	173.205	164.5	200	30.35873803371939	
275	175.225	168.0	200	33.903751636065294	
276	178.03	172.0	200	34.73325639786745	
277	172.785	167.5	200	27.622432459868556	
278	173.695	166.0	200	32.01533968272085	
279	171.92	168.5	200	25.420731696786387	
280	177.035	168.0	200	35.07055424426594	
281	176.725	169.0	200	30.998699569498072	
282	178.265	171.0	200	32.93075727947962	
283	175.045	168.0	200	30.769513727064325	
284	176.415	172.0	200	27.3027979335452	
285	175.285	169.0	200	31.66960332874411	
286	176.49	168.5	200	31.545521076691696	
287	174.255	166.0	200	33.204818550927214	
288	176.605	168.5	200	30.842648637884523	
289	173.45	168.0	200	30.2399983465608	
290	179.065	171.0	200	32.139551568122414	
291	176.22	171.5	200	31.337383426189238	
292	177.525	172.0	200	30.230603285412613	
293	178.5	172.0	200	31.765862179390002	
294	175.41	170.0	200	28.778670921361186	
295	178.41	171.0	200	30.546716681175408	
296	178.28	171.0	200	30.442923644091742	
297	177.98	172.5	200	29.124896566339938	
298	177.985	171.0	200	30.19660204393865	
299	174.495	170.0	200	29.427027967499537	
300	176.445	171.0	200	27.78231406848609	
301	178.23	170.0	200	34.16909568601429	
302	178.305	171.0	200	31.755660519031878	
303	177.575	170.0	200	29.928821811090394	
304	181.065	173.0	200	31.834113384858075	
305	179.625	170.0	200	33.46138632812454	
306	181.34	171.5	200	33.551816642322066	
307	176.68	172.0	200	25.754952921719738	
308	181.06	171.0	200	36.99305880837647	
309	179.84	173.0	200	30.688831844825895	
310	179.12	174.0	200	27.43311138022809	
311	179.805	173.5	200	28.312487969092366	
312	179.315	172.0	200	33.01992996661259	
313	178.92	172.0	200	29.524796358315495	
314	177.68	172.5	200	28.942833309819548	
315	182.295	175.5	200	32.524267478299954	
316	179.99	172.0	200	34.68457726425392	
317	180.695	175.5	200	31.27046489900654	
318	179.905	174.5	200	29.09735340198486	
319	178.59	174.0	200	27.12032263819883	
320	181.65	176.0	200	32.30770032051183	
321	179.96	172.0	200	33.20042770808834	
322	179.23	175.0	200	29.076057160488592	
323	179.87	172.5	200	31.358780269646967	
324	184.36	178.0	200	36.198071771849946	
325	183.2	173.0	200	34.92205606776325	
326	182.95	179.0	200	28.82824136155378	
327	184.2	179.0	200	32.58834147360065	
328	182.57	175.0	200	31.107798057721798	
329	182.295	173.0	200	33.621837769521164	
330	182.6	175.5	200	30.440597891631498	
331	181.37	172.0	200	32.64403620877786	
332	182.995	175.0	200	32.96369176836842	
333	181.195	174.5	200	30.1825607760508	
334	182.36	174.5	200	30.481148272333837	
335	184.805	177.0	200	31.911079188896135	
336	185.84	176.0	200	36.09632114218844	
337	182.835	174.0	200	33.4908610668642	
338	189.19	177.0	200	41.50450457480489	
339	180.475	173.0	200	31.787409063967452	
340	183.52	178.5	200	28.890302871378832	
341	186.315	176.0	200	38.358646678421806	
342	184.775	173.5	200	38.81049310431394	
343	184.865	177.0	200	33.41102774534181	
344	182.49	174.5	200	31.663542126553057	
345	182.965	177.0	200	29.145904943919653	
346	185.005	180.5	200	28.073029316409727	
347	186.09	176.5	200	39.06369030186472	
348	184.615	177.5	200	33.02630428915715	
349	186.685	179.5	200	33.79875404508279	
350	187.29	179.0	200	35.99285901397665	
351	185.55	176.5	200	36.82482179182949	
352	188.285	179.5	200	36.18029539680405	
353	191.365	180.5	200	40.91371133251052	
354	186.36	178.0	200	36.37609654704584	
355	182.115	176.5	200	30.94675709989659	
356	186.07	179.0	200	37.114486390087635	
357	186.29	175.5	200	34.227706613210295	
358	184.885	177.0	200	34.90489614652936	
359	183.72	178.0	200	30.820635944120298	
360	186.045	180.5	200	31.447781718270686	
361	188.375	182.0	200	33.23889852266468	
362	190.905	181.0	200	39.93740070410191	
363	187.545	180.5	200	30.38993213220457	
364	190.71	181.5	200	35.05989018807674	
365	184.585	178.5	200	30.989881816489717	
366	188.655	179.5	200	35.6326532130292	
367	189.46	181.0	200	37.88031678853808	
368	186.115	179.0	200	33.12479094273653	
369	191.7	184.5	200	34.479994199535476	
370	189.605	179.5	200	36.97173210711124	
371	188.09	182.5	200	34.19783472677766	
372	192.1	184.0	200	37.12074891485892	
373	197.37	186.5	200	46.07898761908729	
374	187.62	180.5	200	31.13190646266303	
375	185.01	178.0	200	30.781811187777755	
376	188.9	182.5	200	33.69525189103058	
377	188.9	180.0	200	34.773265592981055	
378	191.515	182.5	200	36.61515772190528	
379	194.065	185.0	200	40.912110370891405	
380	187.775	183.0	200	29.28010203192605	
381	190.39	182.5	200	35.56385665250607	
382	191.2	182.0	200	36.76887270504768	
383	195.39	183.0	200	41.083547802009505	
384	194.165	182.0	200	42.70091070457397	
385	195.24	185.0	200	38.30003133157987	
386	194.63	184.0	200	40.788639349701285	
387	194.56	186.0	200	41.12257774021468	
388	196.935	186.0	200	40.9202978361595	
389	198.165	187.0	200	40.68977482120047	
390	191.54	182.5	200	33.483554172160396	
391	193.76	186.0	200	38.268686938540235	
392	195.94	190.0	200	36.67705549795403	
393	195.775	184.5	200	44.92454089915667	
394	195.235	185.0	200	39.028960721495004	
395	200.275	188.0	200	46.460514149113756	
396	200.9	187.0	200	47.94924399821127	
397	192.775	187.0	200	38.41242474772974	
398	198.15	190.5	200	36.48119378529162	
399	199.74	186.0	200	44.08074863248128	
400	194.8	186.5	200	42.12801917963863	
401	200.43	189.0	200	40.95052014321674	
402	195.305	188.0	200	39.72772300296104	
403	197.865	186.0	200	38.86986975795005	
404	194.615	187.5	200	37.05963808511896	
405	197.145	188.0	200	40.1764106784068	
406	199.39	191.0	200	38.377700556442925	
407	198.62	191.5	200	39.32601683364335	
408	197.735	191.0	200	40.364771459776655	
409	201.485	189.0	200	44.920928029149174	
410	198.825	191.5	200	37.84619366594215	
411	206.075	194.5	200	45.80905341741958	
412	199.27	192.5	200	34.09086534542648	
413	205.475	194.0	200	45.09766485085453	
414	200.04	189.5	200	35.389241302972295	
415	198.835	189.0	200	37.473961293143276	
416	204.235	194.0	200	42.70971522967579	
417	201.16	194.0	200	40.074735183154985	
418	203.13	192.5	200	40.962215516253515	
419	203.135	193.0	200	43.64477947017261	
420	202.94	196.0	200	39.33225648243436	
421	198.975	194.5	200	37.23888256916418	
422	198.67	190.0	200	39.431473469805816	
423	208.85	200.5	200	44.03007494883469	
424	206.435	198.0	200	41.713496317139374	
425	204.06	192.5	200	46.49576754931571	
426	211.725	194.0	200	54.59981112604695	
427	213.07	202.5	200	50.855629973484746	
428	214.305	198.0	200	50.866511331130226	
429	205.705	188.0	200	45.35127313538177	
430	212.715	202.0	200	47.75995995601336	
431	205.09	199.0	200	37.36123525795153	
432	210.68	198.0	200	48.09519310700395	
433	207.165	196.0	200	45.09653839265272	
434	207.305	196.0	200	44.932526915365	
435	205.18	198.0	200	39.590119979611075	
436	208.24	201.0	200	41.35676969977225	
437	213.48	200.0	200	50.835023359884474	
438	212.325	197.5	200	44.67795177713499	
439	211.78	203.0	200	44.86102540067491	
440	212.555	198.0	200	49.6418873029622	
441	212.655	195.0	200	50.84118384734958	
442	212.85	199.5	200	45.90835980515967	
443	210.09	204.5	200	41.780281234094154	
444	218.3	203.5	200	55.66506983737647	
445	216.945	204.5	200	51.08808055701447	
446	216.26	208.0	200	47.57722564420923	
447	224.97	213.0	200	58.847592134258136	
448	216.58	201.5	200	49.30480301147141	
449	222.27	210.5	200	53.879839457815756	
450	228.965	216.0	200	56.122934483150466	
451	232.25	216.5	200	59.23653855518568	
452	217.05	212.0	200	43.13649846707542	
453	221.775	211.0	200	51.11481561152304	
454	215.59	206.0	200	43.391034788306214	
455	222.19	212.5	200	48.30024741137461	
456	222.03	208.5	200	57.07371636751895	
457	236.775	228.5	200	61.603687998365814	
458	227.335	211.5	200	60.8753051327055	
459	225.055	213.0	200	49.010223168232976	
460	221.74	212.0	200	52.20672753582626	
461	235.065	219.0	200	67.68589790347765	
462	243.56	224.5	200	83.51626428426981	
463	233.495	213.5	200	66.18783857326056	
464	238.25	224.0	200	65.42726877992081	
465	219.435	208.0	200	51.72867459156478	
466	244.625	219.5	200	85.83958512830779	
467	226.85	216.0	200	58.572156354363464	
468	244.435	230.0	200	69.1725073638364	
469	214.025	206.5	200	44.62549019338611	
470	239.69	218.5	200	80.27175032351046	
471	236.2	226.5	200	58.0111196237411	
472	244.66	231.0	200	64.99126402832921	
473	248.675	224.0	200	75.15962596367812	
474	297.99	271.0	200	116.41967144774117	
475	283.75	266.5	200	92.25718129229833	
476	255.48	233.5	200	78.5362311293329	
477	234.755	224.5	200	59.41552806295674	
478	261.275	246.5	200	77.83661975574222	
479	238.255	231.0	200	56.26028772589063	
480	291.885	259.0	200	102.76040957002847	
481	252.305	234.5	200	62.89763091722931	
482	265.99	230.0	200	103.11207446269326	
483	260.82	230.5	200	100.26194492428321	
484	295.295	269.5	200	106.35956926859002	
485	369.7	346.5	200	146.98683614528207	
486	346.805	275.0	200	203.21507565877093	
487	315.955	284.5	200	126.53372267897598	
488	337.165	315.5	200	101.98743930014128	
489	287.61	249.5	200	113.58251581999758	
490	305.695	270.5	200	115.11712285754886	
491	339.23	279.0	200	157.15710960691533	
492	482.505	491.0	200	214.78398444716495	
493	468.68	347.5	200	241.34764883876537	
494	461.725	354.0	200	238.00394823405765	
495	595.405	651.5	200	227.6383337116137	
496	512.4	526.5	200	260.28834011534207	
497	484.04	479.0	200	203.79069753057914	
498	405.63	339.5	200	190.6922995298971	
499	660.005	735.0	200	194.4601115267602	
500	660.565	762.0	200	236.60654212214843	
501	519.94	418.0	200	236.41612973737642	
502	473.705	414.5	200	227.203274569272	
503	570.51	619.5	200	236.67287529414943	
504	620.4	658.0	200	210.24511884940398	
505	568.255	687.0	200	265.77054008110076	
506	774.12	773.0	200	117.93250442520078	
507	622.25	745.5	200	256.4187346899598	
508	727.8	764.0	200	150.0829437344564	
509	797.535	795.5	200	84.88155733137793	
510	795.055	792.0	200	91.25503808009726	
511	759.075	781.0	200	148.95468899970888	
512	799.56	797.0	200	73.81867243455413	
513	772.86	788.0	200	109.19693402289279	
514	792.135	792.5	200	89.37469874075101	
515	793.12	793.5	200	106.97782760927612	
516	787.47	786.5	200	95.63523984389855	
517	758.725	779.5	200	133.0209734402812	
518	719.985	759.0	200	163.32092571070004	
519	765.945	798.5	200	153.65481435672623	
520	792.105	788.0	200	84.12207780957387	
521	770.185	790.0	200	147.6041014843422	
522	771.375	791.5	200	138.05587410537808	
523	791.485	784.5	200	83.90232282243443	
524	783.365	786.5	200	105.61099268068641	
525	797.48	792.5	200	67.47125017368509	
526	807.665	795.0	200	76.54183676264896	
527	804.44	800.0	200	90.3785173589388	
528	784.28	785.5	200	98.13919502421038	
529	795.83	793.0	200	94.91933996820669	
530	803.895	808.5	200	103.4860085953652	
531	797.985	803.5	200	92.21694407753924	
532	811.57	805.5	200	79.79226215617652	
533	799.565	796.0	200	85.88210392741901	
534	742.0	788.0	200	184.08693598406163	
535	803.595	787.0	200	78.55635540807631	
536	794.475	786.5	200	87.29890821195875	
537	807.58	800.5	200	71.82251457586263	
538	800.655	804.5	200	79.38756813884653	
539	806.23	798.5	200	74.77123176730473	
540	782.57	788.0	200	106.57882106685173	
541	811.29	799.0	200	80.3475942390312	
542	793.55	801.0	200	103.02357739857416	
543	798.115	792.5	200	77.81241401601675	
544	791.775	790.5	200	82.83274941108739	
545	814.66	809.0	200	68.13247683740846	
546	816.795	811.5	200	80.70169127719691	
547	789.795	792.0	200	73.87741857293067	
548	804.645	801.0	200	75.4056295975307	
549	795.515	794.0	200	84.54655389192395	
550	817.855	812.0	200	81.7533117066214	
