16431.450945907553
17338.395759715422
17003.55201300018
17275.919491693265
17028.98712248568
16993.078373440985
17079.780376228606
17046.16208228037
17020.90680254508
16996.673262843986
16996.415713822706
16969.079281806444
16919.42841270203
16901.682722676742
16805.86507284721
16813.72900290715
16689.82101369225
16622.965897348557
16636.94986662686
16601.45862838499
16528.29443819038
16450.037280494904
16388.478853521206
16385.276185696883
16406.428870330266
16317.429025884787
16334.640755132126
16416.965497125486
16305.533418042207
16231.184057590563
16177.934520490675
16134.901791247868
16110.137369023976
16089.929068858697
16036.134834863935
16089.606710361748
15976.725217062249
15796.217007755447
15743.246443537739
15704.99599158027
15653.194725245568
15625.86858586368
15563.94759533984
15494.246805966428
15425.714945027683
15357.650439306333
15376.335376881045
15320.19437965399
15294.448704160726
15217.976683574214
15178.875260700856
15207.65537589007
15200.038453836529
15173.796038634991
15076.553803176703
14967.997473110901
14900.636479648965
14862.053075236554
14804.372340599206
14790.32193683441
14787.62526379682
14710.861230310966
14641.697600244235
14558.470094699489
14569.045947311766
14609.315586201226
14573.59845090659
14611.185676728423
14584.908777051698
14505.342223461528
14447.052209239642
14369.474899762125
14332.0758257537
14292.446247638862
14255.00562770219
14102.013851061429
14083.30363096877
14014.676669198618
13974.71035237392
13942.431778352107
13878.702887183934
13909.037250744344
13825.646267398586
13826.51286887523
13807.081846659066
13885.648613657986
13815.734528210878
13731.70441088934
13681.018153702467
13677.053681490628
13639.388545713626
13549.128937879828
13580.485204553921
13504.951069588273
13416.17113560854
13311.169309471097
13267.457217960799
13287.7764529347
13268.48770244142
13185.155179559553
13137.15717889758
13106.52334523983
13012.675984298523
12967.245088062122
12939.717523021418
12916.367959294723
12894.754164525297
12787.95491910091
12698.20463495765
12665.332830714246
12664.818731208632
12602.914763882258
12602.938029070503
12579.963393609658
12454.82406958989
12352.714369105479
12285.495588706439
12245.321023016502
12209.958456342036
12189.852676594635
12115.903706979825
12088.500340469232
12031.361381318171
11969.089780337677
11996.37325958746
11966.554507786637
11944.216898805636
11917.112261224236
11900.277716458535
11826.761175608093
11798.587399796872
11725.04125732069
11662.024626276496
11621.534219740828
11547.902397192584
11524.991458951452
11446.849678398148
11385.398990323636
11341.903184762616
11311.48525372824
11268.330186089122
11241.07617383746
11155.41808298526
11104.897675956221
11105.914788870676
11083.92359590323
11065.190907342954
11033.666895089631
10983.836771237437
10990.849822703856
11011.957771552627
10976.665884293263
10969.311552594058
10892.840260114117
10778.158729547751
10709.663771704834
10726.499168112892
10698.411673673716
10672.909688053085
10585.233574488244
10457.280391972245
10379.481686580657
10329.949253406654
10314.19428673475
10323.823930853407
10317.596803564335
10198.871050616395
10168.870901924358
10132.108499309448
10090.140383133288
10093.635260904764
10123.932611884713
10104.482759770379
10062.653721542063
9962.904688537796
9729.111896706338
9606.232589513182
9569.53266892531
9538.790014022648
9545.25078902284
9490.276032160722
9480.555996705694
9453.683831997776
9421.98197496813
9374.232590000982
9381.948763530174
9391.342854059016
9360.830069897433
9315.000165977654
9293.11860371853
9273.659521369254
9217.793851267243
9165.276124139033
9119.444712855004
9105.412421025114
9042.816339487781
9027.501467100585
9029.609485734041
9022.051710081518
8952.977791458814
8932.642653548828
8894.478893910946
8881.466793421574
8863.729126117416
8815.999965986799
8796.29410242684
8738.785524480947
8699.502272030799
8660.173589674121
8634.062887879647
8580.71515553075
8538.13295144708
8489.704043118625
8467.24473003997
8452.17492023815
8419.669066974175
8378.535134794958
8316.316774507883
8273.028633169337
8228.829896234605
8193.999636097493
8190.113682990426
8166.769505540014
8141.5098008075465
8083.822960122341
8076.675122209699
8050.117141971593
8020.104825785757
7983.05123379139
7975.032992619264
7966.706785108986
7941.84502433317
7909.60876551244
7865.26334100441
7882.151914531841
7836.820483487
7838.388105879401
7817.678245592533
7788.198795753242
7752.056996076955
7707.631141821885
7661.829041977449
7656.560649810895
7633.735465329737
7573.41018640459
7540.826037380731
7492.466770050919
7472.645883281216
7460.897690473916
7414.3684844301215
7402.9562148279565
7360.407639662697
7312.775734765896
7278.061998488488
7240.615034769313
7186.305484770268
7166.612013045384
7119.200005203571
7114.191577102465
7074.77469752937
7020.266904714673
6985.1969014472825
6952.999601443958
6927.2024553652245
6895.25364245691
6866.882390174273
6791.007297689724
6794.026394751178
6731.909082490744
6721.901544579773
6697.253610924704
6686.6330369095795
6652.161141979984
6620.28017956103
6642.115579722469
6595.303100639078
6575.337146711569
6524.1627422973
6494.550197204661
6497.068595249133
6490.664039370318
6452.948414857102
6443.489062075651
6422.509039530332
6357.592836100773
6328.835205379165
6310.1514612641095
6259.860435612562
6223.333531028503
6160.737083314163
6122.5320476916895
6086.995525144787
6037.152112566384
6001.1037629027
5926.061501624267
5909.970744759701
5936.519452616062
5938.951830150879
5482.6222711971
5721.883653571619
5849.105129010022
