14033.950945907553
14739.195759715421
14578.052013000179
14633.519491693265
14415.38712248568
14480.828373440989
14558.400376228607
14558.402082280372
14549.39680254508
14533.443262843992
14567.93571382271
14561.399281806447
14534.20841270203
14527.932722676744
14457.665072847207
14456.829002907147
14358.601013692247
14294.225897348559
14311.309866626854
14283.278628384991
14212.904438190377
14137.127280494902
14090.328853521209
14087.126185696887
14131.128870330267
14054.549025884786
14090.570755132125
14185.575497125488
14085.063418042206
14049.774057590563
14022.704520490672
13981.84179124787
13957.077369023978
13933.769068858699
13876.254834863934
13926.626710361747
13828.335217062247
13669.167007755448
13620.836443537735
13570.065991580272
13527.664725245568
13530.828585863677
13490.757595339837
13433.47680596643
13401.28494502768
13345.790439306333
13347.215376881044
13293.67437965399
13276.208704160725
13235.536683574213
13198.515260700855
13231.95537589007
13232.768453836528
13208.62603863499
13147.403803176703
13065.377473110904
13015.276479648968
12999.333075236555
12952.252340599203
12935.601936834413
12950.47526379682
12890.011230310965
12861.257600244238
12827.850094699486
12821.175947311765
12866.245586201228
12844.408450906589
12872.215676728423
12866.5687770517
12818.90222346153
12754.962209239642
12677.904899762125
12623.315825753698
12592.546247638864
12573.615627702191
12422.06385106143
12413.67363096877
12366.08666919862
12340.95035237392
12312.23177835211
12269.442887183934
12316.157250744345
12252.266267398585
12257.652868875231
12239.691846659069
12352.918613657985
12302.00452821088
12220.284410889337
12169.598153702467
12165.633681490628
12141.048545713627
12072.868937879826
12109.12520455392
12047.25106958827
11979.981135608537
11881.439309471096
11860.907217960801
11886.216452934701
11896.63770244142
11825.005179559552
11792.95717889758
11775.78334523983
11712.895984298522
11685.885088062118
11671.557523021418
11670.607959294723
11643.714164525294
11565.794919100912
11482.51463495765
11474.122830714245
11480.438731208631
11418.854763882258
11418.558029070504
11395.263393609655
11300.484069589891
11198.374369105477
11157.51558870644
11147.3410230165
11127.598456342035
11130.232676594635
11085.763706979826
11059.640340469232
11003.94138131817
10943.749780337677
10957.833259587462
10960.254507786638
10946.006898805637
10919.502261224236
10903.227716458536
10837.931175608095
10804.897399796873
10755.861257320692
10721.924626276495
10714.734219740829
10656.582397192582
10637.581458951452
10594.16967839815
10560.038990323637
10558.443184762617
10547.855253728243
10545.440186089121
10544.13617383746
10474.31808298526
10454.61767595622
10467.714788870677
10468.373595903231
10458.200907342954
10428.43689508963
10387.246771237438
10389.289822703857
10381.627771552627
10361.915884293263
10362.78155259406
10287.57026011412
10222.758729547753
10182.863771704835
10171.899168112892
10171.811673673717
10159.359688053088
10106.383574488244
10015.600391972244
9958.281686580656
9949.999253406655
9940.66428673475
9943.703930853406
9938.036803564333
9876.351050616398
9832.710901924358
9797.548499309449
9756.230383133287
9760.145260904766
9776.942611884715
9757.972759770379
9738.583721542063
9720.034688537793
9641.861896706338
9606.232589513182
9569.53266892531
9538.790014022648
9545.25078902284
9490.276032160722
9480.555996705694
9453.683831997776
9421.98197496813
9374.232590000982
9381.948763530174
9391.342854059016
9360.830069897433
9315.000165977654
9293.11860371853
9273.659521369254
9217.793851267243
9165.276124139033
9119.444712855004
9105.412421025114
9042.816339487781
9027.501467100585
9029.609485734041
9022.051710081518
8952.977791458814
8932.642653548828
8894.478893910946
8881.466793421574
8863.729126117416
8815.999965986799
8796.29410242684
8738.785524480947
8699.502272030799
8660.173589674121
8634.062887879647
8580.71515553075
8538.13295144708
8489.704043118625
8467.24473003997
8452.17492023815
8419.669066974175
8378.535134794958
8316.316774507883
8273.028633169337
8228.829896234605
8193.999636097493
8190.113682990426
8166.769505540014
8141.5098008075465
8083.822960122341
8076.675122209699
8050.117141971593
8020.104825785757
7983.05123379139
7975.032992619264
7966.706785108986
7941.84502433317
7909.60876551244
7865.26334100441
7882.151914531841
7836.820483487
7838.388105879401
7817.678245592533
7788.198795753242
7752.056996076955
7707.631141821885
7661.829041977449
7656.560649810895
7633.735465329737
7573.41018640459
7540.826037380731
7492.466770050919
7472.645883281216
7460.897690473916
7414.3684844301215
7402.9562148279565
7360.407639662697
7312.775734765896
7278.061998488488
7240.615034769313
7186.305484770268
7166.612013045384
7119.200005203571
7114.191577102465
7074.77469752937
7020.266904714673
6985.1969014472825
6952.999601443958
6927.2024553652245
6895.25364245691
6866.882390174273
6791.007297689724
6794.026394751178
6731.909082490744
6721.901544579773
6697.253610924704
6686.6330369095795
6652.161141979984
6620.28017956103
6642.115579722469
6595.303100639078
6575.337146711569
6524.1627422973
6494.550197204661
6497.068595249133
6490.664039370318
6452.948414857102
6443.489062075651
6422.509039530332
6357.592836100773
6328.835205379165
6310.1514612641095
6259.860435612562
6223.333531028503
6160.737083314163
6122.5320476916895
6086.995525144787
6037.152112566384
6001.1037629027
5926.061501624267
5909.970744759701
5936.519452616062
5938.951830150879
5482.6222711971
5721.883653571619
5849.105129010022
