3.5
3.6
3.3
3.6
3.6
3.5100000000000002
3.5
3.45
3.4300000000000006
3.4300000000000006
3.38
3.34
3.3200000000000003
3.3
3.25
3.2699999999999996
3.2399999999999998
3.2400000000000007
3.2299999999999995
3.22
3.22
3.22
3.1900000000000004
3.1900000000000004
3.14
3.12
3.08
3.04
3.0300000000000002
2.96
2.9200000000000004
2.92
2.9200000000000004
2.9200000000000004
2.9300000000000006
2.9300000000000006
2.9200000000000004
2.91
2.91
2.94
2.9300000000000006
2.89
2.87
2.8600000000000003
2.81
2.79
2.8199999999999994
2.8200000000000003
2.81
2.7600000000000007
2.7600000000000002
2.74
2.7199999999999998
2.7199999999999998
2.6700000000000004
2.6400000000000006
2.6100000000000003
2.57
2.5500000000000003
2.5500000000000003
2.5200000000000005
2.5
2.4400000000000004
2.3600000000000003
2.38
2.36
2.34
2.35
2.3200000000000003
2.28
2.2899999999999996
2.3
2.3299999999999996
2.32
2.3
2.3200000000000003
2.31
2.29
2.2700000000000005
2.2600000000000007
2.2300000000000004
2.2
2.1700000000000004
2.16
2.16
2.0900000000000003
2.06
2.06
2.06
2.06
2.04
2.01
2.0
1.98
1.95
1.95
1.92
1.9100000000000001
1.8699999999999999
1.86
1.8399999999999999
1.8200000000000003
1.78
1.7600000000000002
1.7399999999999998
1.7100000000000002
1.72
1.6800000000000002
1.67
1.6300000000000001
1.6199999999999999
1.6199999999999999
1.6199999999999999
1.6199999999999999
1.5799999999999998
1.5799999999999998
1.54
1.5
1.48
1.4500000000000002
1.41
1.41
1.4099999999999997
1.4099999999999997
1.4300000000000002
1.3900000000000001
1.3800000000000001
1.3800000000000001
1.38
1.3699999999999999
1.3800000000000001
1.35
1.31
1.2599999999999998
1.2399999999999998
1.23
1.18
1.1400000000000001
1.08
1.0500000000000003
0.99
0.95
0.93
0.8899999999999999
0.8699999999999999
0.8400000000000001
0.8299999999999998
0.8300000000000001
0.82
0.8300000000000001
0.8699999999999999
0.85
0.8400000000000001
0.8400000000000001
0.77
0.7300000000000001
0.7700000000000001
0.7300000000000001
0.7100000000000001
0.66
0.61
0.58
0.52
0.51
0.52
0.5200000000000001
0.44000000000000006
0.45999999999999996
0.45999999999999996
0.45999999999999996
0.45999999999999996
0.47999999999999987
0.48
0.45
0.33999999999999997
0.13
0.0
0.0
0.0
0.0
0.0
0.0
0.0
0.0
0.0
0.0
0.0
0.0
0.0
0.0
0.0
0.0
0.0
0.0
0.0
0.0
0.0
0.0
0.0
0.0
0.0
0.0
0.0
0.0
0.0
0.0
0.0
0.0
0.0
0.0
0.0
0.0
0.0
0.0
0.0
0.0
0.0
0.0
0.0
0.0
0.0
0.0
0.0
0.0
0.0
0.0
0.0
0.0
0.0
0.0
0.0
0.0
0.0
0.0
0.0
0.0
0.0
0.0
0.0
0.0
0.0
0.0
0.0
0.0
0.0
0.0
0.0
0.0
0.0
0.0
0.0
0.0
0.0
0.0
0.0
0.0
0.0
0.0
0.0
0.0
0.0
0.0
0.0
0.0
0.0
0.0
0.0
0.0
0.0
0.0
0.0
0.0
0.0
0.0
0.0
0.0
0.0
0.0
0.0
0.0
0.0
0.0
0.0
0.0
0.0
0.0
0.0
0.0
0.0
0.0
0.0
0.0
0.0
0.0
0.0
0.0
0
0
0
0
0
